,num_prefill_tokens,num_decode_tokens,num_total_tokens,pd_ratio
8,2515,363,2878,6.928374655647383
11,3373,173,3546,19.4971098265896
18,1046,148,1194,7.067567567567568
21,2035,148,2183,13.75
35,1338,148,1486,9.04054054054054
37,1377,1153,2530,1.194275802254987
40,3855,127,3982,30.35433070866142
53,2911,90,3001,32.34444444444444
57,3144,203,3347,15.48768472906404
59,1701,140,1841,12.15
60,1832,195,2027,9.394871794871795
65,3531,130,3661,27.161538461538463
67,1210,295,1505,4.101694915254237
94,3364,160,3524,21.025
99,3453,137,3590,25.204379562043798
103,3753,231,3984,16.246753246753247
110,2399,180,2579,13.327777777777778
113,2256,74,2330,30.486486486486488
126,2663,173,2836,15.393063583815028
133,3346,94,3440,35.59574468085106
135,3885,200,4085,19.425
138,3115,291,3406,10.70446735395189
147,3037,175,3212,17.354285714285716
155,2969,73,3042,40.67123287671233
162,2155,207,2362,10.41062801932367
165,2404,303,2707,7.933993399339934
179,2154,203,2357,10.610837438423646
183,3934,126,4060,31.22222222222222
186,1361,180,1541,7.561111111111111
189,1418,202,1620,7.01980198019802
202,3609,340,3949,10.614705882352942
207,2720,1324,4044,2.054380664652568
208,2268,309,2577,7.339805825242719
216,1555,226,1781,6.880530973451328
218,3184,113,3297,28.17699115044248
239,3464,145,3609,23.889655172413796
247,2496,193,2689,12.932642487046632
251,2379,122,2501,19.5
255,2003,81,2084,24.7283950617284
256,3291,297,3588,11.08080808080808
265,2045,291,2336,7.027491408934708
270,2537,132,2669,19.21969696969697
275,1834,263,2097,6.973384030418251
278,2688,95,2783,28.294736842105262
281,3130,79,3209,39.62025316455696
302,1521,43,1564,35.372093023255815
335,3332,300,3632,11.106666666666667
337,3093,214,3307,14.453271028037385
355,1843,147,1990,12.537414965986397
363,3312,310,3622,10.683870967741935
367,1976,89,2065,22.202247191011235
385,3217,131,3348,24.557251908396942
386,1253,134,1387,9.350746268656716
388,3819,173,3992,22.07514450867052
393,2552,265,2817,9.630188679245284
407,3431,110,3541,31.19090909090909
418,3551,211,3762,16.829383886255926
421,3367,118,3485,28.533898305084747
431,2456,91,2547,26.98901098901099
434,1450,112,1562,12.946428571428571
438,3508,167,3675,21.005988023952096
442,1831,267,2098,6.857677902621723
447,3686,367,4053,10.043596730245232
460,3149,90,3239,34.98888888888889
467,2996,148,3144,20.24324324324324
468,3544,140,3684,25.314285714285717
469,1643,307,1950,5.351791530944626
470,1689,102,1791,16.558823529411764
488,2432,293,2725,8.300341296928327
501,3621,130,3751,27.853846153846156
502,3873,146,4019,26.52739726027397
511,2873,105,2978,27.36190476190476
522,1912,235,2147,8.136170212765958
534,2346,157,2503,14.94267515923567
540,2977,135,3112,22.05185185185185
541,1668,375,2043,4.448
543,2312,90,2402,25.68888888888889
544,3699,91,3790,40.64835164835165
546,3538,83,3621,42.62650602409639
548,3173,134,3307,23.67910447761194
555,18,3356,3374,0.0053635280095351
561,2919,37,2956,78.89189189189189
574,222,3616,3838,0.0613938053097345
577,702,3063,3765,0.2291870714985308
584,1312,132,1444,9.93939393939394
590,2089,251,2340,8.322709163346614
592,3233,113,3346,28.61061946902655
595,3769,285,4054,13.224561403508773
602,3437,249,3686,13.803212851405622
606,2886,71,2957,40.647887323943664
615,1948,194,2142,10.041237113402062
617,2443,163,2606,14.987730061349692
636,3523,252,3775,13.98015873015873
652,2471,152,2623,16.25657894736842
665,1911,210,2121,9.1
675,1477,63,1540,23.444444444444443
676,3245,187,3432,17.352941176470587
699,1824,133,1957,13.714285714285714
700,3772,54,3826,69.85185185185185
715,789,2728,3517,0.2892228739002933
720,999,2481,3480,0.4026602176541717
727,2676,53,2729,50.490566037735846
728,3714,220,3934,16.881818181818183
729,1387,197,1584,7.040609137055838
740,2875,98,2973,29.336734693877556
753,3126,185,3311,16.897297297297296
755,645,155,800,4.161290322580645
760,2114,299,2413,7.070234113712375
767,2400,88,2488,27.272727272727277
788,2254,34,2288,66.29411764705883
791,2760,69,2829,40.0
803,1071,188,1259,5.696808510638298
808,2173,179,2352,12.139664804469271
810,2197,145,2342,15.151724137931035
812,3526,78,3604,45.20512820512821
820,3438,331,3769,10.386706948640484
822,2849,390,3239,7.305128205128205
834,2104,146,2250,14.41095890410959
843,1399,84,1483,16.654761904761905
847,3651,98,3749,37.255102040816325
848,3040,562,3602,5.409252669039146
851,3176,109,3285,29.137614678899084
852,2525,76,2601,33.223684210526315
853,2516,232,2748,10.844827586206897
860,2750,84,2834,32.73809523809524
865,1276,394,1670,3.238578680203046
872,2970,72,3042,41.25
873,574,3453,4027,0.1662322618013322
883,3130,235,3365,13.319148936170214
885,1025,69,1094,14.855072463768115
886,3616,427,4043,8.468384074941453
900,2015,156,2171,12.916666666666666
903,2724,187,2911,14.566844919786096
904,3056,94,3150,32.51063829787234
913,2207,164,2371,13.457317073170731
915,2686,146,2832,18.3972602739726
927,3368,264,3632,12.757575757575758
932,2006,168,2174,11.94047619047619
939,3653,126,3779,28.99206349206349
941,2554,270,2824,9.45925925925926
960,3123,74,3197,42.2027027027027
967,3755,78,3833,48.14102564102564
980,3583,458,4041,7.823144104803493
983,3808,117,3925,32.547008547008545
992,1355,631,1986,2.1473851030110933
996,1983,98,2081,20.23469387755102
1001,736,93,829,7.913978494623656
1012,2503,257,2760,9.73929961089494
1021,3557,382,3939,9.311518324607327
1028,1555,103,1658,15.097087378640778
1029,2972,192,3164,15.479166666666666
1032,3870,75,3945,51.6
1038,3664,66,3730,55.51515151515152
1041,2708,114,2822,23.75438596491228
1042,1626,164,1790,9.914634146341465
1048,3008,103,3111,29.203883495145632
1053,2661,200,2861,13.305
1055,3289,194,3483,16.95360824742268
1069,2251,385,2636,5.846753246753247
1073,1307,40,1347,32.675
1074,3693,204,3897,18.102941176470587
1078,2638,43,2681,61.34883720930232
1084,3277,168,3445,19.50595238095238
1099,2786,234,3020,11.905982905982906
1105,2241,108,2349,20.75
1119,2799,59,2858,47.440677966101696
1121,3463,65,3528,53.27692307692308
1123,2705,1310,4015,2.064885496183206
1137,3921,68,3989,57.66176470588236
1152,2570,50,2620,51.4
1154,1972,114,2086,17.29824561403509
1162,3918,158,4076,24.79746835443038
1167,2545,78,2623,32.62820512820513
1197,809,207,1016,3.9082125603864735
1208,2986,242,3228,12.338842975206612
1220,3786,127,3913,29.811023622047244
1231,2935,339,3274,8.657817109144542
1245,3448,413,3861,8.34866828087167
1265,2184,168,2352,13.0
1283,2876,299,3175,9.618729096989966
1292,1969,95,2064,20.726315789473684
1299,2066,155,2221,13.329032258064515
1302,3363,189,3552,17.793650793650794
1307,3108,226,3334,13.752212389380531
1310,2836,77,2913,36.83116883116883
1315,3099,49,3148,63.24489795918368
1318,704,175,879,4.022857142857143
1323,2879,175,3054,16.451428571428572
1324,3439,139,3578,24.74100719424461
1338,2990,276,3266,10.833333333333334
1344,2381,99,2480,24.05050505050505
1346,3511,207,3718,16.96135265700483
1358,2574,324,2898,7.944444444444445
1366,3325,162,3487,20.52469135802469
1374,2709,143,2852,18.944055944055943
1379,3372,363,3735,9.289256198347108
1381,2843,156,2999,18.22435897435897
1394,3498,110,3608,31.8
1409,3861,123,3984,31.390243902439025
1413,2608,258,2866,10.108527131782946
1414,3415,280,3695,12.196428571428571
1416,2823,107,2930,26.38317757009346
1428,2223,188,2411,11.824468085106384
1434,1880,88,1968,21.363636363636363
1449,3607,459,4066,7.85838779956427
1452,3750,122,3872,30.737704918032787
1462,3238,140,3378,23.12857142857143
1464,3813,239,4052,15.95397489539749
1469,3755,239,3994,15.711297071129708
1470,1915,98,2013,19.540816326530614
1481,2715,161,2876,16.86335403726708
1483,3213,141,3354,22.78723404255319
1493,3432,251,3683,13.673306772908369
1494,2541,179,2720,14.195530726256983
1497,2888,159,3047,18.163522012578618
1499,2954,203,3157,14.551724137931034
1501,1800,246,2046,7.317073170731708
1503,2163,85,2248,25.44705882352941
1506,2874,83,2957,34.626506024096386
1513,3858,165,4023,23.381818181818183
1526,2696,222,2918,12.144144144144144
1530,3825,172,3997,22.23837209302325
1535,3478,178,3656,19.53932584269663
1542,2204,142,2346,15.52112676056338
1544,2609,233,2842,11.197424892703864
1545,3881,130,4011,29.853846153846156
1547,2283,941,3224,2.426142401700319
1572,3490,126,3616,27.6984126984127
1575,1448,109,1557,13.284403669724773
1576,1241,84,1325,14.773809523809524
1584,3902,117,4019,33.35042735042735
1585,3738,202,3940,18.504950495049503
1588,1151,392,1543,2.936224489795918
1591,1538,118,1656,13.033898305084746
1594,1990,93,2083,21.397849462365592
1609,1552,264,1816,5.878787878787879
1618,3754,75,3829,50.053333333333335
1627,2509,258,2767,9.724806201550388
1633,3417,79,3496,43.25316455696203
1636,2974,283,3257,10.508833922261484
1647,2387,171,2558,13.95906432748538
1651,2194,263,2457,8.342205323193916
1652,3674,50,3724,73.48
1662,3239,126,3365,25.70634920634921
1682,2604,194,2798,13.422680412371134
1683,1426,292,1718,4.883561643835616
1687,3603,148,3751,24.344594594594597
1688,2601,138,2739,18.847826086956523
1694,887,137,1024,6.474452554744525
1697,1687,292,1979,5.777397260273973
1699,3063,83,3146,36.90361445783133
1700,3858,133,3991,29.00751879699248
1705,3739,156,3895,23.96794871794872
1713,3311,445,3756,7.440449438202247
1716,3242,185,3427,17.524324324324326
1717,3650,273,3923,13.36996336996337
1726,2091,201,2292,10.402985074626866
1738,2025,277,2302,7.310469314079422
1746,1419,468,1887,3.032051282051282
1758,2838,142,2980,19.985915492957748
1771,1242,453,1695,2.741721854304636
1774,3518,144,3662,24.43055555555556
1782,2442,350,2792,6.977142857142857
1785,2712,137,2849,19.79562043795621
1787,2685,128,2813,20.9765625
1790,2912,338,3250,8.615384615384615
1794,3466,205,3671,16.90731707317073
1796,2784,204,2988,13.647058823529411
1797,2781,137,2918,20.2992700729927
1804,1742,136,1878,12.808823529411764
1810,2537,152,2689,16.69078947368421
1816,3533,226,3759,15.632743362831858
1817,2097,150,2247,13.98
1820,2544,46,2590,55.30434782608695
1821,2536,993,3529,2.553877139979859
1826,3742,64,3806,58.46875
1846,3375,206,3581,16.383495145631066
1849,3865,52,3917,74.32692307692308
1857,1529,215,1744,7.111627906976744
1858,2101,122,2223,17.221311475409838
1870,3792,193,3985,19.647668393782386
1875,3126,80,3206,39.075
1877,445,2170,2615,0.2050691244239631
1882,596,2303,2899,0.2587928788536691
1883,2348,174,2522,13.494252873563218
1894,139,3651,3790,0.0380717611613256
1897,2867,183,3050,15.666666666666666
1900,2509,79,2588,31.75949367088608
1918,2848,164,3012,17.365853658536587
1925,3390,314,3704,10.796178343949045
1928,1688,233,1921,7.244635193133047
1974,3378,142,3520,23.7887323943662
1980,3940,70,4010,56.285714285714285
2014,3763,186,3949,20.231182795698924
2016,3144,79,3223,39.79746835443038
2017,3198,219,3417,14.602739726027398
2026,3154,154,3308,20.48051948051948
2027,2735,101,2836,27.07920792079208
2036,2064,90,2154,22.933333333333334
2071,3306,94,3400,35.170212765957444
2074,1765,147,1912,12.006802721088436
2091,3902,115,4017,33.93043478260869
2094,2926,127,3053,23.03937007874016
2095,2266,82,2348,27.634146341463413
2097,3264,235,3499,13.88936170212766
2099,1541,80,1621,19.2625
2101,1394,164,1558,8.5
2108,3006,143,3149,21.02097902097902
2111,2469,63,2532,39.19047619047619
2112,2468,170,2638,14.51764705882353
2119,3217,150,3367,21.446666666666665
2127,2388,166,2554,14.385542168674698
2132,3509,200,3709,17.545
2152,2143,228,2371,9.399122807017545
2172,2973,105,3078,28.314285714285717
2194,2931,318,3249,9.216981132075473
2196,3541,116,3657,30.52586206896552
2201,3951,98,4049,40.31632653061224
2205,3275,337,3612,9.718100890207715
2208,3112,87,3199,35.770114942528735
2228,3754,244,3998,15.385245901639344
2230,2626,799,3425,3.2866082603254068
2252,3350,85,3435,39.41176470588236
2267,3400,47,3447,72.34042553191489
2278,1836,201,2037,9.134328358208956
2287,2071,167,2238,12.401197604790418
2290,3425,426,3851,8.039906103286384
2296,3772,263,4035,14.342205323193916
2300,3169,189,3358,16.767195767195766
2304,3837,163,4000,23.539877300613497
2319,1581,229,1810,6.903930131004367
2320,2805,124,2929,22.620967741935484
2328,2239,272,2511,8.231617647058824
2332,822,2934,3756,0.280163599182004
2334,2845,185,3030,15.37837837837838
2336,3676,64,3740,57.4375
2345,3084,102,3186,30.235294117647054
2355,1782,83,1865,21.46987951807229
2365,3068,74,3142,41.45945945945946
2369,2615,52,2667,50.28846153846154
2374,3574,234,3808,15.273504273504274
2379,2981,431,3412,6.916473317865429
2380,1797,336,2133,5.348214285714286
2388,3012,156,3168,19.307692307692307
2391,45,3176,3221,0.014168765743073
2392,2264,104,2368,21.76923076923077
2393,1646,252,1898,6.531746031746032
2395,2955,309,3264,9.563106796116504
2397,3719,86,3805,43.24418604651163
2400,3466,43,3509,80.6046511627907
2404,2069,57,2126,36.29824561403509
2409,2158,107,2265,20.16822429906542
2421,1059,278,1337,3.8093525179856114
2422,2627,119,2746,22.07563025210084
2423,3483,103,3586,33.81553398058252
2424,2795,470,3265,5.946808510638298
2432,3312,247,3559,13.408906882591094
2433,1749,154,1903,11.357142857142858
2434,3597,205,3802,17.546341463414635
2437,3364,54,3418,62.2962962962963
2443,3443,147,3590,23.421768707482997
2445,3674,226,3900,16.256637168141594
2455,3285,187,3472,17.566844919786096
2457,3067,124,3191,24.733870967741936
2460,3044,146,3190,20.84931506849315
2481,1184,249,1433,4.755020080321285
2484,3713,146,3859,25.431506849315067
2493,1166,67,1233,17.402985074626866
2494,3214,70,3284,45.91428571428571
2498,2320,227,2547,10.220264317180616
2502,3817,150,3967,25.446666666666665
2513,1549,291,1840,5.323024054982818
2529,1429,91,1520,15.703296703296704
2531,1535,669,2204,2.294469357249626
2538,2701,166,2867,16.271084337349397
2548,2773,505,3278,5.491089108910892
2549,1648,2192,3840,0.7518248175182481
2560,1863,157,2020,11.86624203821656
2567,3804,46,3850,82.69565217391305
2588,3794,269,4063,14.104089219330856
2596,3610,172,3782,20.98837209302325
2606,3915,125,4040,31.32
2611,912,112,1024,8.142857142857142
2617,3554,222,3776,16.00900900900901
2625,2563,79,2642,32.44303797468354
2630,3326,195,3521,17.056410256410256
2643,2667,281,2948,9.491103202846976
2645,3695,111,3806,33.288288288288285
2659,1759,212,1971,8.297169811320755
2661,2095,156,2251,13.42948717948718
2666,2138,120,2258,17.816666666666666
2672,3390,78,3468,43.46153846153846
2676,2728,366,3094,7.453551912568306
2680,3693,387,4080,9.542635658914728
2687,2861,251,3112,11.398406374501992
2697,3041,90,3131,33.78888888888889
2702,927,3110,4037,0.2980707395498392
2709,3195,180,3375,17.75
2710,3049,48,3097,63.520833333333336
2727,2670,109,2779,24.495412844036696
2747,3472,65,3537,53.41538461538462
2766,328,214,542,1.5327102803738315
2771,2744,86,2830,31.906976744186046
2786,2759,391,3150,7.056265984654732
2836,3382,332,3714,10.186746987951809
2839,3206,196,3402,16.357142857142858
2848,2963,267,3230,11.097378277153558
2852,2690,139,2829,19.35251798561151
2853,3818,80,3898,47.725
2860,2185,40,2225,54.625
2863,3024,252,3276,12.0
2873,1549,181,1730,8.558011049723756
2874,189,2082,2271,0.0907780979827089
2875,3642,223,3865,16.331838565022423
2885,2391,193,2584,12.38860103626943
2892,3167,133,3300,23.81203007518797
2912,1719,124,1843,13.862903225806452
2914,2982,125,3107,23.856
2919,1093,217,1310,5.0368663594470044
2921,1424,144,1568,9.88888888888889
2925,3697,130,3827,28.43846153846154
2930,2603,160,2763,16.26875
2934,2334,181,2515,12.895027624309392
2949,1186,119,1305,9.966386554621849
2954,2823,111,2934,25.43243243243243
2958,1192,456,1648,2.6140350877192984
2969,3062,91,3153,33.64835164835165
2976,2152,88,2240,24.454545454545453
2980,3374,105,3479,32.13333333333333
2982,2072,127,2199,16.31496062992126
2986,1573,203,1776,7.748768472906404
2988,2258,303,2561,7.452145214521452
2994,1962,148,2110,13.256756756756756
3006,798,143,941,5.580419580419581
3018,3638,155,3793,23.470967741935485
3037,2664,189,2853,14.095238095238097
3042,2994,166,3160,18.03614457831325
3044,3322,138,3460,24.07246376811594
3048,668,122,790,5.475409836065574
3062,3355,76,3431,44.14473684210526
3066,3232,157,3389,20.585987261146496
3071,3252,406,3658,8.009852216748769
3078,3224,367,3591,8.784741144414168
3084,1022,111,1133,9.207207207207206
3086,3164,124,3288,25.516129032258064
3091,1002,195,1197,5.138461538461539
3097,3121,141,3262,22.134751773049647
3098,3837,240,4077,15.9875
3100,3389,231,3620,14.670995670995673
3101,2688,285,2973,9.43157894736842
3111,1987,255,2242,7.792156862745098
3117,3864,137,4001,28.204379562043798
3119,3335,101,3436,33.01980198019802
3142,1821,238,2059,7.651260504201681
3157,3798,259,4057,14.664092664092664
3158,3847,249,4096,15.449799196787149
3167,1992,55,2047,36.21818181818182
3172,3010,98,3108,30.714285714285715
3188,3186,151,3337,21.09933774834437
3201,3373,240,3613,14.054166666666667
3204,3488,224,3712,15.571428571428571
3207,814,344,1158,2.366279069767442
3209,1578,182,1760,8.67032967032967
3212,3724,114,3838,32.666666666666664
3234,1991,191,2182,10.424083769633508
3236,2657,289,2946,9.193771626297575
3238,2713,77,2790,35.23376623376623
3251,3722,234,3956,15.905982905982906
3256,2958,129,3087,22.930232558139537
3258,3450,244,3694,14.13934426229508
3268,2061,64,2125,32.203125
3270,1883,167,2050,11.275449101796408
3276,2935,240,3175,12.229166666666666
3278,3453,157,3610,21.993630573248407
3282,1460,129,1589,11.317829457364342
3285,2722,177,2899,15.378531073446329
3306,2568,312,2880,8.23076923076923
3314,3312,135,3447,24.53333333333333
3324,3387,106,3493,31.952830188679247
3333,3102,85,3187,36.49411764705882
3335,3951,131,4082,30.16030534351145
3342,2521,256,2777,9.84765625
3352,3057,223,3280,13.708520179372195
3358,2684,123,2807,21.821138211382117
3365,3436,100,3536,34.36
3367,2077,136,2213,15.272058823529411
3372,2360,570,2930,4.140350877192983
3375,1772,148,1920,11.972972972972974
3378,1998,1117,3115,1.7887197851387646
3379,1810,194,2004,9.329896907216495
3395,96,1193,1289,0.0804694048616932
3408,3430,597,4027,5.745393634840871
3419,2979,56,3035,53.19642857142857
3426,2778,220,2998,12.627272727272729
3439,19,3727,3746,0.0050979339951703
3451,2001,98,2099,20.418367346938776
3458,3656,299,3955,12.22742474916388
3465,3280,114,3394,28.771929824561404
3467,2321,265,2586,8.758490566037736
3473,3558,286,3844,12.44055944055944
3474,3609,163,3772,22.141104294478527
3480,2774,148,2922,18.74324324324324
3481,3636,101,3737,36.0
3501,3335,276,3611,12.083333333333334
3503,2822,89,2911,31.707865168539325
3511,1327,277,1604,4.790613718411552
3567,2551,390,2941,6.541025641025641
3577,2000,132,2132,15.151515151515152
3583,2920,244,3164,11.9672131147541
3587,1292,151,1443,8.556291390728477
3591,3321,90,3411,36.9
3594,3813,198,4011,19.25757575757576
3596,3615,477,4092,7.578616352201258
3599,35,2645,2680,0.0132325141776937
3604,2217,56,2273,39.58928571428572
3607,3573,181,3754,19.740331491712706
3612,3117,237,3354,13.151898734177216
3613,1927,51,1978,37.78431372549019
3614,2916,161,3077,18.111801242236027
3616,2129,176,2305,12.096590909090908
3634,167,2130,2297,0.0784037558685446
3640,658,2709,3367,0.2428940568475452
3643,3860,96,3956,40.208333333333336
3655,1,3293,3294,0.0003036744609778
3658,2061,68,2129,30.308823529411764
3665,1813,192,2005,9.442708333333334
3673,3438,158,3596,21.75949367088608
3679,3645,294,3939,12.39795918367347
3694,3819,240,4059,15.9125
3701,3478,12,3490,289.8333333333333
3711,3106,149,3255,20.845637583892614
3719,3262,323,3585,10.09907120743034
3724,2630,207,2837,12.705314009661835
3741,2587,312,2899,8.291666666666666
3744,2027,83,2110,24.42168674698795
3751,2791,315,3106,8.86031746031746
3756,1194,207,1401,5.768115942028985
3767,3114,11,3125,283.09090909090907
3770,2061,136,2197,15.154411764705882
3780,2903,369,3272,7.867208672086721
3784,3204,133,3337,24.090225563909776
3788,3927,110,4037,35.7
3791,3851,235,4086,16.387234042553192
3803,2546,74,2620,34.4054054054054
3804,681,37,718,18.405405405405407
3811,3858,220,4078,17.536363636363635
3820,3078,135,3213,22.8
3823,2913,296,3209,9.841216216216216
3825,3934,109,4043,36.091743119266056
3831,1930,205,2135,9.414634146341465
3854,3828,268,4096,14.28358208955224
3855,1405,109,1514,12.889908256880734
3858,787,126,913,6.246031746031746
3865,3824,97,3921,39.422680412371136
3882,2337,123,2460,19.0
3885,2311,171,2482,13.514619883040936
3889,3189,439,3628,7.264236902050114
3895,3540,103,3643,34.36893203883495
3896,1614,52,1666,31.03846153846154
3898,2600,156,2756,16.666666666666668
3901,1881,294,2175,6.3979591836734695
3932,2555,244,2799,10.471311475409836
3948,2857,130,2987,21.976923076923075
3959,2528,95,2623,26.610526315789475
3967,2807,107,2914,26.233644859813083
3982,2440,223,2663,10.94170403587444
3995,3749,292,4041,12.83904109589041
4006,916,150,1066,6.1066666666666665
4008,3320,158,3478,21.0126582278481
4018,1606,118,1724,13.610169491525424
4039,3595,259,3854,13.88030888030888
4040,53,3630,3683,0.0146005509641873
4051,3093,108,3201,28.63888888888889
4059,2359,172,2531,13.715116279069768
4065,1454,143,1597,10.167832167832168
4067,3629,181,3810,20.04972375690608
4069,2713,289,3002,9.387543252595156
4073,3879,144,4023,26.9375
4079,1905,118,2023,16.14406779661017
4085,1455,65,1520,22.384615384615383
4093,2421,107,2528,22.626168224299064
4107,808,206,1014,3.9223300970873782
4109,3858,25,3883,154.32
4112,2646,283,2929,9.349823321554773
4114,2962,134,3096,22.104477611940297
4126,3389,272,3661,12.459558823529411
4139,3854,149,4003,25.86577181208054
4145,2238,174,2412,12.862068965517242
4146,761,90,851,8.455555555555556
4147,1904,261,2165,7.295019157088123
4149,3341,104,3445,32.125
4157,2535,134,2669,18.917910447761194
4162,630,112,742,5.625
4171,2530,259,2789,9.768339768339768
4191,908,255,1163,3.56078431372549
4196,201,196,397,1.0255102040816326
4197,3711,102,3813,36.38235294117647
4209,2691,65,2756,41.4
4211,1435,253,1688,5.67193675889328
4214,964,1652,2616,0.5835351089588378
4216,2886,260,3146,11.1
4220,3666,138,3804,26.565217391304348
4227,87,2206,2293,0.0394378966455122
4237,3838,167,4005,22.982035928143716
4244,2389,148,2537,16.14189189189189
4260,3621,46,3667,78.71739130434783
4262,2042,194,2236,10.525773195876289
4263,3615,90,3705,40.16666666666666
4264,3924,88,4012,44.59090909090909
4266,3498,126,3624,27.761904761904763
4270,1292,128,1420,10.09375
4283,2729,149,2878,18.315436241610737
4309,3737,214,3951,17.462616822429908
4311,3252,110,3362,29.563636363636363
4322,3746,152,3898,24.644736842105264
4326,3375,439,3814,7.687927107061504
4342,2520,588,3108,4.285714285714286
4345,2219,67,2286,33.11940298507463
4358,3737,155,3892,24.10967741935484
4363,3820,215,4035,17.767441860465116
4368,3164,74,3238,42.75675675675676
4377,1949,136,2085,14.330882352941176
4378,969,124,1093,7.814516129032258
4381,2059,137,2196,15.02919708029197
4386,3545,86,3631,41.22093023255814
4396,1676,76,1752,22.05263157894737
4406,1810,184,1994,9.83695652173913
4409,3554,94,3648,37.80851063829788
4417,2794,53,2847,52.71698113207548
4441,3142,190,3332,16.53684210526316
4444,1443,186,1629,7.758064516129032
4445,3350,164,3514,20.42682926829268
4452,1045,181,1226,5.773480662983426
4454,2793,74,2867,37.74324324324324
4463,3629,240,3869,15.120833333333334
4465,3671,266,3937,13.800751879699249
4467,3707,83,3790,44.66265060240964
4469,3592,355,3947,10.11830985915493
4476,3809,151,3960,25.225165562913908
4477,3295,201,3496,16.393034825870647
4478,3030,302,3332,10.033112582781458
4480,3639,370,4009,9.835135135135134
4481,3458,202,3660,17.11881188118812
4508,2696,109,2805,24.73394495412844
4512,2166,208,2374,10.413461538461538
4515,3700,144,3844,25.694444444444443
4527,2086,346,2432,6.028901734104046
4529,2324,265,2589,8.769811320754718
4532,3928,113,4041,34.76106194690266
4543,711,135,846,5.266666666666667
4544,1957,196,2153,9.98469387755102
4546,2459,627,3086,3.9218500797448166
4552,2775,1170,3945,2.371794871794872
4568,3002,201,3203,14.935323383084578
4571,3627,90,3717,40.3
4590,2102,134,2236,15.686567164179104
4596,2825,174,2999,16.235632183908045
4597,1604,135,1739,11.88148148148148
4610,2277,120,2397,18.975
4620,2337,228,2565,10.25
4623,1915,106,2021,18.066037735849054
4625,2501,176,2677,14.210227272727272
4632,2293,86,2379,26.662790697674417
4640,3342,474,3816,7.050632911392405
4658,3479,317,3796,10.974763406940063
4661,3646,338,3984,10.78698224852071
4664,1655,174,1829,9.511494252873565
4667,2627,139,2766,18.899280575539567
4672,2642,268,2910,9.85820895522388
4683,2988,232,3220,12.879310344827584
4695,1839,120,1959,15.325
4701,2936,125,3061,23.488
4704,2572,135,2707,19.05185185185185
4707,3185,443,3628,7.18961625282167
4709,1555,208,1763,7.475961538461538
4721,120,2181,2301,0.0550206327372764
4730,2342,187,2529,12.524064171122994
4742,2557,212,2769,12.06132075471698
4743,2447,89,2536,27.49438202247191
4755,888,173,1061,5.132947976878612
4767,1879,80,1959,23.4875
4774,3587,113,3700,31.74336283185841
4775,3806,62,3868,61.38709677419355
4779,2354,51,2405,46.15686274509804
4785,3037,161,3198,18.86335403726708
4788,2328,204,2532,11.411764705882351
4794,3615,251,3866,14.402390438247012
4796,2854,126,2980,22.65079365079365
4806,3508,84,3592,41.76190476190476
4807,780,2572,3352,0.3032659409020217
4831,3168,239,3407,13.255230125523012
4832,172,2868,3040,0.0599721059972106
4839,3795,54,3849,70.27777777777777
4841,3791,84,3875,45.13095238095238
4845,2964,223,3187,13.291479820627805
4846,2866,165,3031,17.36969696969697
4849,841,159,1000,5.289308176100629
4857,2718,145,2863,18.744827586206892
4859,2994,155,3149,19.316129032258065
4861,3280,254,3534,12.913385826771654
4870,2226,314,2540,7.089171974522293
4879,2080,460,2540,4.521739130434782
4884,1894,269,2163,7.04089219330855
4893,3693,228,3921,16.19736842105263
4896,3600,262,3862,13.740458015267176
4906,3749,104,3853,36.04807692307692
4910,2961,80,3041,37.0125
4912,3261,209,3470,15.602870813397129
4915,3534,113,3647,31.27433628318584
4918,3159,133,3292,23.75187969924812
4927,895,46,941,19.456521739130437
4936,1107,192,1299,5.765625
4941,1768,99,1867,17.858585858585858
4947,1837,117,1954,15.7008547008547
4953,3365,97,3462,34.69072164948454
4956,2448,320,2768,7.65
4961,1879,269,2148,6.985130111524164
4968,608,2334,2942,0.260497000856898
4971,1980,398,2378,4.974874371859296
4975,3882,140,4022,27.728571428571428
4980,2199,97,2296,22.670103092783503
4981,2161,111,2272,19.46846846846847
4993,1621,237,1858,6.839662447257384
4998,2774,91,2865,30.48351648351648
5001,1886,273,2159,6.908424908424909
5003,3346,81,3427,41.30864197530864
5008,3589,146,3735,24.58219178082192
5018,3048,268,3316,11.373134328358208
5026,2993,143,3136,20.93006993006993
5035,3371,254,3625,13.271653543307089
5038,2693,105,2798,25.64761904761905
5059,1075,216,1291,4.976851851851852
5061,2742,63,2805,43.523809523809526
5066,2982,96,3078,31.0625
5070,3480,300,3780,11.6
5078,1109,202,1311,5.49009900990099
5088,3029,136,3165,22.272058823529413
5093,3189,95,3284,33.56842105263158
5099,3162,90,3252,35.13333333333333
5103,1759,1377,3136,1.2774146695715325
5105,2735,139,2874,19.67625899280576
5106,2815,151,2966,18.642384105960264
5114,425,116,541,3.663793103448276
5116,3775,155,3930,24.35483870967742
5119,3516,157,3673,22.394904458598727
5127,2690,128,2818,21.015625
5130,2271,107,2378,21.22429906542056
5142,2345,276,2621,8.496376811594203
5143,3851,195,4046,19.74871794871795
5144,3311,132,3443,25.08333333333333
5157,1,3370,3371,0.0002967359050445
5165,3234,185,3419,17.481081081081083
5166,2943,283,3226,10.39929328621908
5167,1525,245,1770,6.224489795918367
5169,3699,132,3831,28.022727272727277
5175,3805,90,3895,42.27777777777778
5177,3482,105,3587,33.161904761904765
5181,2685,100,2785,26.85
5186,3627,106,3733,34.216981132075475
5195,1475,38,1513,38.81578947368421
5216,3038,127,3165,23.921259842519685
5236,937,229,1166,4.091703056768559
5253,3685,91,3776,40.494505494505496
5261,2414,119,2533,20.285714285714285
5274,1841,117,1958,15.735042735042734
5287,955,230,1185,4.152173913043479
5295,1451,243,1694,5.97119341563786
5305,2812,123,2935,22.86178861788618
5307,2037,130,2167,15.669230769230769
5318,2904,97,3001,29.938144329896907
5319,2908,100,3008,29.08
5331,3631,59,3690,61.54237288135593
5342,1296,75,1371,17.28
5343,555,2189,2744,0.2535404294198264
5349,3539,182,3721,19.445054945054945
5357,2612,108,2720,24.185185185185187
5358,3548,92,3640,38.56521739130435
5371,567,122,689,4.647540983606557
5383,2834,148,2982,19.14864864864865
5428,2374,289,2663,8.214532871972319
5442,2125,161,2286,13.198757763975156
5444,3237,219,3456,14.780821917808218
5447,3247,53,3300,61.264150943396224
5451,3388,439,3827,7.71753986332574
5461,2162,242,2404,8.933884297520661
5474,2513,52,2565,48.32692307692308
5481,1450,278,1728,5.215827338129497
5487,3825,112,3937,34.151785714285715
5504,3694,175,3869,21.10857142857143
5510,2578,85,2663,30.32941176470588
5513,1546,29,1575,53.310344827586206
5521,2124,258,2382,8.232558139534884
5532,2965,70,3035,42.35714285714285
5535,1588,412,2000,3.854368932038835
5540,2219,123,2342,18.040650406504064
5542,3384,200,3584,16.92
5545,1383,108,1491,12.805555555555555
5550,753,235,988,3.204255319148936
5559,1177,117,1294,10.05982905982906
5571,2615,186,2801,14.059139784946236
5574,1621,116,1737,13.974137931034482
5576,3772,71,3843,53.12676056338028
5578,1477,122,1599,12.10655737704918
5586,1812,104,1916,17.423076923076923
5591,2948,297,3245,9.925925925925926
5603,3782,207,3989,18.270531400966185
5612,1315,326,1641,4.033742331288344
5617,3179,136,3315,23.375
5629,2168,163,2331,13.300613496932517
5630,1934,193,2127,10.020725388601036
5634,1831,78,1909,23.47435897435897
5638,2835,207,3042,13.695652173913045
5656,2245,136,2381,16.50735294117647
5661,2172,106,2278,20.49056603773585
5668,1968,78,2046,25.23076923076923
5670,3086,104,3190,29.673076923076923
5673,605,116,721,5.215517241379311
5681,803,102,905,7.872549019607843
5688,2816,365,3181,7.715068493150685
5717,2229,326,2555,6.837423312883436
5724,3462,169,3631,20.485207100591715
5729,1457,125,1582,11.656
5738,2314,148,2462,15.635135135135137
5740,3655,157,3812,23.280254777070063
5742,2142,69,2211,31.043478260869566
5743,2717,161,2878,16.875776397515526
5747,1621,264,1885,6.140151515151516
5748,2895,128,3023,22.6171875
5749,3384,15,3399,225.6
5750,3155,273,3428,11.556776556776557
5757,1455,161,1616,9.03726708074534
5765,2706,226,2932,11.973451327433628
5772,3589,109,3698,32.92660550458716
5779,1656,255,1911,6.494117647058824
5788,3072,283,3355,10.855123674911662
5792,3243,522,3765,6.212643678160919
5801,140,1165,1305,0.1201716738197424
5804,2131,144,2275,14.79861111111111
5810,1894,168,2062,11.273809523809524
5812,1976,60,2036,32.93333333333333
5820,3922,151,4073,25.973509933774835
5831,2154,109,2263,19.761467889908257
5841,1443,272,1715,5.305147058823529
5843,1691,291,1982,5.810996563573883
5844,3154,193,3347,16.3419689119171
5851,3391,209,3600,16.22488038277512
5856,3612,241,3853,14.987551867219915
5858,66,3114,3180,0.0211946050096339
5871,2226,248,2474,8.975806451612904
5873,1601,201,1802,7.965174129353234
5877,2829,91,2920,31.087912087912088
5889,1515,263,1778,5.760456273764259
5900,2655,151,2806,17.582781456953644
5928,3569,362,3931,9.859116022099448
5939,2511,123,2634,20.414634146341463
5986,260,2651,2911,0.0980761976612599
5991,2355,125,2480,18.84
5999,1578,213,1791,7.408450704225352
6000,2131,170,2301,12.53529411764706
6002,3422,71,3493,48.19718309859155
6010,2225,224,2449,9.933035714285714
6021,3253,132,3385,24.643939393939394
6025,2185,42,2227,52.023809523809526
6030,2000,217,2217,9.216589861751151
6033,3305,160,3465,20.65625
6034,1744,163,1907,10.699386503067483
6039,2560,358,2918,7.150837988826815
6042,2827,520,3347,5.436538461538461
6045,504,210,714,2.4
6047,3123,107,3230,29.186915887850468
6050,962,207,1169,4.647342995169082
6056,2640,156,2796,16.923076923076923
6086,3615,219,3834,16.506849315068493
6087,2597,157,2754,16.54140127388535
6088,1004,102,1106,9.84313725490196
6091,2189,200,2389,10.945
6093,3765,167,3932,22.54491017964072
6117,3044,823,3867,3.698663426488457
6126,3105,188,3293,16.51595744680851
6128,1635,321,1956,5.093457943925234
6131,3240,147,3387,22.040816326530614
6133,145,3935,4080,0.036848792884371
6134,2678,73,2751,36.68493150684932
6141,3120,329,3449,9.483282674772036
6142,3691,158,3849,23.360759493670887
6152,3303,56,3359,58.98214285714285
6158,3078,100,3178,30.78
6177,1492,74,1566,20.16216216216216
6178,1710,143,1853,11.958041958041958
6182,2232,136,2368,16.41176470588235
6188,3592,180,3772,19.95555555555556
6189,3664,172,3836,21.302325581395348
6190,2041,181,2222,11.276243093922652
6194,3111,288,3399,10.802083333333334
6196,2827,146,2973,19.363013698630137
6202,252,3156,3408,0.0798479087452471
6216,1065,187,1252,5.695187165775401
6218,3168,173,3341,18.3121387283237
6220,2838,72,2910,39.41666666666666
6227,3398,346,3744,9.820809248554914
6235,3699,345,4044,10.721739130434782
6239,1102,245,1347,4.497959183673469
6240,2799,205,3004,13.653658536585366
6241,3606,114,3720,31.63157894736842
6242,3837,157,3994,24.43949044585987
6259,561,417,978,1.3453237410071943
6269,2383,261,2644,9.130268199233717
6271,1614,92,1706,17.543478260869566
6274,3048,244,3292,12.491803278688524
6286,3323,51,3374,65.15686274509804
6295,3217,81,3298,39.71604938271605
6299,3465,228,3693,15.197368421052632
6310,2338,63,2401,37.11111111111112
6316,1987,91,2078,21.83516483516484
6318,2000,117,2117,17.094017094017094
6323,2020,210,2230,9.61904761904762
6327,3965,95,4060,41.73684210526316
6328,1763,80,1843,22.0375
6334,3533,244,3777,14.479508196721312
6342,3413,167,3580,20.437125748502996
6349,1982,82,2064,24.170731707317078
6351,2852,224,3076,12.732142857142858
6362,2314,116,2430,19.948275862068964
6372,2635,20,2655,131.75
6378,3806,248,4054,15.346774193548388
6386,3688,56,3744,65.85714285714286
6389,2233,279,2512,8.00358422939068
6392,1537,181,1718,8.491712707182321
6405,3798,189,3987,20.09523809523809
6407,3156,155,3311,20.361290322580643
6420,3845,156,4001,24.647435897435894
6431,3654,203,3857,18.0
6441,719,163,882,4.411042944785276
6442,2667,116,2783,22.99137931034483
6445,2315,169,2484,13.698224852071004
6446,3501,157,3658,22.29936305732484
6480,3390,301,3691,11.262458471760798
6486,3838,174,4012,22.057471264367816
6487,2586,147,2733,17.591836734693878
6492,3619,82,3701,44.13414634146341
6505,2354,83,2437,28.36144578313253
6506,632,491,1123,1.2871690427698574
6507,3545,201,3746,17.63681592039801
6522,2753,179,2932,15.379888268156424
6537,2407,189,2596,12.735449735449736
6543,1131,173,1304,6.53757225433526
6547,3823,204,4027,18.74019607843137
6562,1996,211,2207,9.459715639810426
6566,2754,79,2833,34.860759493670884
6570,1885,130,2015,14.5
6576,3618,252,3870,14.357142857142858
6577,519,2284,2803,0.2272329246935201
6611,66,3872,3938,0.0170454545454545
6626,3082,106,3188,29.07547169811321
6639,3079,39,3118,78.94871794871794
6642,3185,25,3210,127.4
6644,3445,219,3664,15.730593607305936
6662,2393,263,2656,9.098859315589351
6665,2073,132,2205,15.704545454545457
6672,1368,406,1774,3.3694581280788176
6677,1772,107,1879,16.560747663551403
6683,3746,175,3921,21.40571428571429
6685,2228,390,2618,5.712820512820513
6687,1013,2784,3797,0.3638649425287356
6701,1856,35,1891,53.02857142857143
6707,2124,270,2394,7.866666666666666
6709,3307,302,3609,10.950331125827814
6717,3263,141,3404,23.141843971631207
6720,2856,199,3055,14.35175879396985
6731,2269,251,2520,9.0398406374502
6743,2207,139,2346,15.87769784172662
6748,3008,282,3290,10.666666666666666
6749,1462,61,1523,23.9672131147541
6751,3656,260,3916,14.06153846153846
6763,3229,123,3352,26.252032520325205
6770,3142,79,3221,39.77215189873418
6777,2206,255,2461,8.650980392156862
6791,3452,244,3696,14.147540983606556
6803,2381,197,2578,12.086294416243655
6832,3012,211,3223,14.274881516587678
6833,3445,216,3661,15.949074074074074
6838,1783,107,1890,16.66355140186916
6839,2810,174,2984,16.149425287356323
6843,2069,172,2241,12.02906976744186
6845,3790,117,3907,32.39316239316239
6849,2363,113,2476,20.91150442477876
6852,2150,189,2339,11.375661375661377
6868,3891,195,4086,19.953846153846158
6873,3821,210,4031,18.195238095238096
6874,2500,404,2904,6.188118811881188
6877,3204,224,3428,14.303571428571429
6880,3229,79,3308,40.87341772151899
6881,3722,166,3888,22.42168674698795
6882,826,148,974,5.581081081081081
6897,1136,257,1393,4.42023346303502
6904,1854,341,2195,5.436950146627566
6905,556,142,698,3.915492957746479
6911,3781,84,3865,45.01190476190476
6919,2077,167,2244,12.437125748502996
6920,2839,130,2969,21.838461538461537
6926,3126,109,3235,28.678899082568808
6930,1778,270,2048,6.5851851851851855
6935,3513,226,3739,15.54424778761062
6941,2701,128,2829,21.1015625
6955,3329,284,3613,11.721830985915492
6978,3597,188,3785,19.132978723404257
6983,3341,118,3459,28.3135593220339
7007,2159,138,2297,15.644927536231885
7010,2935,269,3204,10.910780669144982
7019,3467,305,3772,11.3672131147541
7044,2839,146,2985,19.445205479452056
7050,3402,295,3697,11.532203389830508
7062,3781,67,3848,56.43283582089552
7076,1072,110,1182,9.745454545454546
7083,3723,72,3795,51.708333333333336
7096,3767,281,4048,13.405693950177936
7101,3328,161,3489,20.67080745341615
7128,2306,95,2401,24.27368421052632
7132,3397,124,3521,27.39516129032258
7134,3106,101,3207,30.752475247524757
7138,3891,192,4083,20.265625
7163,2347,143,2490,16.412587412587413
7172,1991,283,2274,7.035335689045937
7176,3605,130,3735,27.73076923076923
7182,2516,113,2629,22.26548672566372
7185,3570,129,3699,27.67441860465116
7195,3832,136,3968,28.176470588235293
7199,1140,142,1282,8.028169014084508
7201,1943,464,2407,4.1875
7212,1171,104,1275,11.259615384615383
7216,3936,40,3976,98.4
7217,2925,171,3096,17.105263157894736
7225,3728,101,3829,36.91089108910891
7229,3796,182,3978,20.857142857142858
7231,1694,197,1891,8.598984771573605
7234,2374,64,2438,37.09375
7235,2096,176,2272,11.909090909090908
7240,760,215,975,3.5348837209302326
7251,2660,137,2797,19.416058394160583
7258,431,2496,2927,0.172676282051282
7284,2349,44,2393,53.38636363636363
7287,3368,223,3591,15.103139013452914
7298,588,196,784,3.0
7301,2520,297,2817,8.484848484848484
7303,3081,209,3290,14.741626794258371
7306,3890,100,3990,38.9
7325,2778,100,2878,27.78
7327,1696,129,1825,13.147286821705428
7332,1748,184,1932,9.5
7336,3558,162,3720,21.96296296296296
7343,3342,173,3515,19.31791907514451
7345,2509,109,2618,23.01834862385321
7347,2472,110,2582,22.472727272727276
7358,3457,264,3721,13.094696969696969
7366,2530,249,2779,10.160642570281125
7388,2531,160,2691,15.81875
7404,3893,183,4076,21.27322404371585
7405,2151,312,2463,6.894230769230769
7424,3426,311,3737,11.016077170418006
7425,1398,143,1541,9.776223776223777
7426,2168,186,2354,11.655913978494624
7430,379,2854,3233,0.1327960756832515
7431,3064,116,3180,26.41379310344828
7433,2676,331,3007,8.084592145015106
7434,3705,115,3820,32.21739130434783
7448,3616,390,4006,9.271794871794873
7482,2370,292,2662,8.116438356164384
7483,3089,227,3316,13.607929515418505
7484,2922,335,3257,8.722388059701492
7490,3358,241,3599,13.933609958506224
7491,3834,134,3968,28.611940298507463
7493,2748,216,2964,12.72222222222222
7499,1968,950,2918,2.071578947368421
7504,71,2441,2512,0.0290864399836132
7506,2581,162,2743,15.932098765432098
7510,3904,83,3987,47.036144578313255
7513,3198,129,3327,24.79069767441861
7515,773,1534,2307,0.5039113428943938
7527,1349,143,1492,9.433566433566432
7532,3092,469,3561,6.59275053304904
7546,3766,286,4052,13.167832167832168
7571,2094,62,2156,33.774193548387096
7574,2786,423,3209,6.58628841607565
7578,3623,103,3726,35.1747572815534
7583,3503,376,3879,9.316489361702128
7597,2416,307,2723,7.869706840390879
7600,3443,101,3544,34.08910891089109
7611,916,195,1111,4.697435897435898
7614,2971,98,3069,30.316326530612244
7616,2542,171,2713,14.865497076023392
7617,3002,328,3330,9.152439024390244
7624,3114,110,3224,28.30909090909091
7646,296,3364,3660,0.0879904875148632
7660,1832,209,2041,8.76555023923445
7669,3777,158,3935,23.90506329113924
7670,1700,449,2149,3.7861915367483294
7681,3482,142,3624,24.52112676056338
7686,3158,59,3217,53.52542372881356
7694,1898,196,2094,9.683673469387756
7705,2924,51,2975,57.333333333333336
7722,555,249,804,2.2289156626506026
7724,2350,235,2585,10.0
7727,3652,244,3896,14.9672131147541
7728,1761,96,1857,18.34375
7744,2474,83,2557,29.80722891566265
7745,2747,68,2815,40.39705882352941
7755,3826,46,3872,83.17391304347827
7757,1823,267,2090,6.827715355805244
7766,1840,194,2034,9.484536082474229
7785,3701,98,3799,37.765306122448976
7795,1,3233,3234,0.0003093102381688
7807,2233,126,2359,17.72222222222222
7808,3649,289,3938,12.626297577854672
7818,1867,38,1905,49.13157894736842
7819,2390,175,2565,13.657142857142857
7829,2886,137,3023,21.065693430656932
7835,3668,259,3927,14.16216216216216
7839,3170,425,3595,7.458823529411765
7847,3712,130,3842,28.553846153846155
7859,3068,212,3280,14.471698113207546
7862,1555,546,2101,2.847985347985348
7863,3825,263,4088,14.543726235741444
7865,3151,136,3287,23.169117647058822
7871,2826,135,2961,20.933333333333334
7876,2031,204,2235,9.955882352941176
7884,3326,40,3366,83.15
7892,3463,145,3608,23.882758620689657
7896,1752,133,1885,13.172932330827068
7897,2847,368,3215,7.736413043478261
7901,3895,70,3965,55.642857142857146
7904,2774,535,3309,5.185046728971963
7912,1938,86,2024,22.53488372093023
7922,3764,177,3941,21.26553672316384
7926,3698,144,3842,25.68055555555556
7932,755,2724,3479,0.277165932452276
7944,3552,451,4003,7.875831485587583
7950,2553,179,2732,14.262569832402235
7952,2093,345,2438,6.066666666666666
7959,2640,41,2681,64.39024390243902
7964,3231,156,3387,20.71153846153846
7968,757,264,1021,2.867424242424242
7973,3069,52,3121,59.01923076923077
7981,2469,409,2878,6.036674816625917
7984,3890,70,3960,55.57142857142857
7992,2633,125,2758,21.064
7997,3202,339,3541,9.44542772861357
8002,663,1716,2379,0.3863636363636363
8010,3411,104,3515,32.79807692307692
8014,3058,168,3226,18.202380952380956
8021,2910,126,3036,23.09523809523809
8025,1513,159,1672,9.515723270440253
8033,3521,513,4034,6.8635477582846
8038,2091,64,2155,32.671875
8041,690,2918,3608,0.2364633310486634
8046,1713,109,1822,15.715596330275227
8051,1898,129,2027,14.713178294573645
8053,2411,259,2670,9.308880308880308
8054,1008,221,1229,4.561085972850679
8069,3160,210,3370,15.047619047619047
8081,3821,150,3971,25.473333333333333
8108,2031,88,2119,23.079545454545453
8118,2624,225,2849,11.662222222222224
8119,2629,148,2777,17.763513513513512
8121,3286,119,3405,27.613445378151265
8124,3537,144,3681,24.5625
8128,3830,257,4087,14.90272373540856
8145,3581,141,3722,25.397163120567377
8147,3488,173,3661,20.161849710982658
8154,1967,605,2572,3.251239669421488
8159,2575,239,2814,10.774058577405858
8169,3144,121,3265,25.98347107438017
8175,934,189,1123,4.941798941798941
8186,3510,161,3671,21.801242236024844
8189,1045,80,1125,13.0625
8192,669,3098,3767,0.2159457714654616
8200,3174,431,3605,7.364269141531323
8202,2950,149,3099,19.798657718120804
8203,3189,208,3397,15.33173076923077
8221,3469,120,3589,28.90833333333333
8227,3435,206,3641,16.674757281553397
8231,107,2404,2511,0.0445091514143094
8233,239,1668,1907,0.1432853717026379
8244,3213,81,3294,39.66666666666666
8248,2392,104,2496,23.0
8260,2056,106,2162,19.39622641509434
8268,2593,217,2810,11.949308755760368
8271,2006,136,2142,14.75
8272,3137,203,3340,15.45320197044335
8273,2176,256,2432,8.5
8279,3028,79,3107,38.32911392405063
8287,2073,198,2271,10.469696969696969
8288,1850,162,2012,11.419753086419751
8296,2460,253,2713,9.723320158102768
8297,3514,173,3687,20.3121387283237
8301,3767,148,3915,25.4527027027027
8304,2475,109,2584,22.706422018348626
8307,1893,87,1980,21.75862068965517
8310,2899,405,3304,7.158024691358024
8318,2500,302,2802,8.278145695364238
8319,1902,342,2244,5.56140350877193
8321,2071,80,2151,25.8875
8322,2128,423,2551,5.030732860520095
8333,955,154,1109,6.201298701298701
8335,2620,80,2700,32.75
8350,3146,158,3304,19.91139240506329
8375,79,2892,2971,0.0273167358229598
8381,975,146,1121,6.678082191780822
8387,764,124,888,6.161290322580645
8390,3745,303,4048,12.35973597359736
8409,3173,125,3298,25.384
8413,3518,215,3733,16.36279069767442
8418,1108,53,1161,20.90566037735849
8422,2117,129,2246,16.410852713178294
8436,142,3068,3210,0.0462842242503259
8438,3490,211,3701,16.540284360189574
8439,3475,232,3707,14.97844827586207
8445,3780,178,3958,21.235955056179776
8448,2946,104,3050,28.32692307692308
8456,1497,281,1778,5.327402135231317
8476,3392,148,3540,22.91891891891892
8491,3559,28,3587,127.10714285714286
8500,2814,110,2924,25.581818181818186
8501,2087,94,2181,22.20212765957447
8505,2509,139,2648,18.05035971223021
8509,3501,163,3664,21.478527607361965
8521,1629,224,1853,7.272321428571429
8524,2399,97,2496,24.7319587628866
8533,3058,234,3292,13.068376068376068
8536,3783,137,3920,27.613138686131386
8539,3608,142,3750,25.408450704225352
8541,36,2387,2423,0.0150816925010473
8549,3058,59,3117,51.83050847457627
8568,3770,130,3900,29.0
8574,1656,98,1754,16.897959183673468
8579,2250,167,2417,13.47305389221557
8581,3700,80,3780,46.25
8598,1935,201,2136,9.626865671641792
8615,1831,115,1946,15.921739130434782
8635,2628,120,2748,21.9
8647,3722,172,3894,21.63953488372093
8653,916,106,1022,8.641509433962264
8666,3315,313,3628,10.591054313099042
8668,3492,39,3531,89.53846153846153
8672,3031,155,3186,19.55483870967742
8676,2314,193,2507,11.989637305699482
8679,2114,125,2239,16.912
8680,494,2801,3295,0.1763655837200999
8686,3282,302,3584,10.867549668874172
8693,3205,76,3281,42.17105263157895
8701,3738,113,3851,33.07964601769911
8702,2534,107,2641,23.682242990654206
8707,3202,104,3306,30.78846153846154
8716,3720,136,3856,27.352941176470587
8721,2587,230,2817,11.247826086956522
8724,2474,148,2622,16.716216216216218
8730,1082,206,1288,5.252427184466019
8754,1636,171,1807,9.567251461988304
8758,3311,102,3413,32.46078431372549
8760,1364,325,1689,4.196923076923077
8765,2782,325,3107,8.56
8770,1335,123,1458,10.853658536585366
8772,3875,129,4004,30.03875968992248
8807,3725,188,3913,19.81382978723404
8823,3797,254,4051,14.948818897637794
8825,1504,109,1613,13.79816513761468
8847,1341,100,1441,13.41
8862,1659,242,1901,6.855371900826446
8864,1092,435,1527,2.510344827586207
8866,3576,144,3720,24.83333333333333
8871,3663,271,3934,13.51660516605166
8872,169,2165,2334,0.0780600461893764
8879,791,81,872,9.765432098765432
8881,3531,224,3755,15.763392857142858
8886,3491,145,3636,24.07586206896552
8892,2969,236,3205,12.580508474576272
8901,1545,314,1859,4.920382165605096
8903,2088,212,2300,9.849056603773583
8905,3745,244,3989,15.348360655737704
8920,3559,48,3607,74.14583333333333
8942,3782,259,4041,14.602316602316602
8948,3175,196,3371,16.198979591836736
8949,3719,138,3857,26.94927536231884
8953,1799,126,1925,14.27777777777778
8957,2188,193,2381,11.33678756476684
8967,3887,140,4027,27.76428571428572
8971,3784,33,3817,114.66666666666669
8976,1125,140,1265,8.035714285714286
8977,3536,161,3697,21.96273291925466
8992,2009,225,2234,8.928888888888888
8994,2767,86,2853,32.174418604651166
8996,3670,200,3870,18.35
8997,2198,94,2292,23.382978723404257
9001,3725,73,3798,51.02739726027397
9010,2665,301,2966,8.853820598006644
9012,2368,309,2677,7.663430420711974
9013,1732,78,1810,22.205128205128204
9032,1154,170,1324,6.788235294117647
9037,2777,76,2853,36.53947368421053
9057,1271,144,1415,8.82638888888889
9064,1661,1037,2698,1.6017357762777242
9080,3010,57,3067,52.80701754385965
9096,3377,83,3460,40.68674698795181
9104,2828,149,2977,18.97986577181208
9105,1730,193,1923,8.963730569948186
9114,3694,68,3762,54.3235294117647
9129,1316,72,1388,18.27777777777778
9130,3351,187,3538,17.919786096256683
9144,46,3351,3397,0.0137272455983288
9160,3193,198,3391,16.126262626262626
9162,2047,522,2569,3.921455938697318
9167,3357,208,3565,16.139423076923077
9173,3592,208,3800,17.26923076923077
9178,2953,179,3132,16.497206703910614
9179,2148,162,2310,13.25925925925926
9182,3345,248,3593,13.487903225806452
9185,2146,140,2286,15.32857142857143
9189,1685,208,1893,8.100961538461538
9197,1905,102,2007,18.676470588235293
9205,1801,181,1982,9.950276243093922
9207,2795,113,2908,24.734513274336283
9215,3415,315,3730,10.841269841269842
9217,341,3475,3816,0.0981294964028777
9226,337,2456,2793,0.137214983713355
9239,2475,313,2788,7.907348242811501
9245,3396,157,3553,21.630573248407643
9249,3740,179,3919,20.893854748603356
9250,2349,261,2610,9.0
9251,2546,91,2637,27.978021978021975
9265,3715,171,3886,21.72514619883041
9288,3623,250,3873,14.492
9292,3039,111,3150,27.37837837837838
9293,2938,118,3056,24.89830508474576
9297,3157,198,3355,15.944444444444445
9300,1920,267,2187,7.191011235955056
9302,2487,177,2664,14.05084745762712
9320,3307,83,3390,39.8433734939759
9334,1603,231,1834,6.9393939393939394
9336,2250,63,2313,35.714285714285715
9338,3639,90,3729,40.43333333333333
9340,2503,188,2691,13.313829787234043
9343,2346,165,2511,14.21818181818182
9344,3469,39,3508,88.94871794871794
9349,1793,313,2106,5.728434504792332
9351,3430,61,3491,56.22950819672131
9383,3003,110,3113,27.3
9384,20,1312,1332,0.0152439024390243
9387,42,969,1011,0.0433436532507739
9391,3697,184,3881,20.092391304347824
9410,2100,195,2295,10.76923076923077
9411,1541,147,1688,10.482993197278912
9414,2692,165,2857,16.315151515151516
9428,2091,81,2172,25.814814814814813
9430,2167,159,2326,13.628930817610064
9431,2504,334,2838,7.497005988023952
9434,2089,102,2191,20.480392156862745
9439,1383,206,1589,6.713592233009709
9446,3746,223,3969,16.798206278026907
9447,306,683,989,0.4480234260614934
9453,1206,41,1247,29.414634146341463
9459,1647,39,1686,42.23076923076923
9463,3392,131,3523,25.893129770992367
9464,2273,208,2481,10.927884615384617
9472,3349,237,3586,14.130801687763713
9473,2316,196,2512,11.816326530612244
9481,3216,162,3378,19.85185185185185
9490,2580,135,2715,19.11111111111111
9499,2854,204,3058,13.990196078431373
9502,3486,53,3539,65.77358490566037
9504,2892,152,3044,19.026315789473685
9506,2141,117,2258,18.299145299145295
9510,2225,40,2265,55.625
9517,135,3319,3454,0.0406749020789394
9519,2753,312,3065,8.823717948717949
9523,2057,91,2148,22.60439560439561
9547,3012,113,3125,26.654867256637168
9549,3940,101,4041,39.00990099009901
9550,2881,384,3265,7.502604166666667
9555,3053,48,3101,63.60416666666666
9558,2499,143,2642,17.475524475524477
9574,3771,91,3862,41.43956043956044
9580,2440,239,2679,10.209205020920502
9584,2135,157,2292,13.59872611464968
9591,2275,403,2678,5.645161290322581
9593,3595,417,4012,8.621103117505996
9597,2556,146,2702,17.506849315068493
9601,1645,103,1748,15.970873786407768
9606,2444,99,2543,24.68686868686869
9609,2749,117,2866,23.49572649572649
9613,3468,278,3746,12.474820143884893
9614,985,57,1042,17.280701754385966
9615,1865,214,2079,8.714953271028037
9627,1569,145,1714,10.820689655172414
9634,2985,323,3308,9.241486068111454
9637,3389,167,3556,20.29341317365269
9639,580,114,694,5.087719298245614
9649,375,335,710,1.1194029850746268
9650,1819,99,1918,18.373737373737374
9651,2123,245,2368,8.66530612244898
9656,3280,153,3433,21.437908496732025
9662,3772,307,4079,12.286644951140063
9664,3639,391,4030,9.30690537084399
9667,1630,350,1980,4.6571428571428575
9669,3243,106,3349,30.59433962264151
9677,1954,108,2062,18.09259259259259
9681,3179,208,3387,15.283653846153848
9682,2283,361,2644,6.32409972299169
9687,2526,341,2867,7.407624633431085
9708,3448,156,3604,22.102564102564106
9723,2461,1076,3537,2.287174721189591
9736,2204,120,2324,18.366666666666667
9755,496,3063,3559,0.1619327456741756
9758,1364,2079,3443,0.656084656084656
9770,2913,175,3088,16.645714285714284
9775,2610,216,2826,12.083333333333334
9781,2260,216,2476,10.462962962962964
9786,2970,333,3303,8.91891891891892
9799,3793,213,4006,17.8075117370892
9800,2657,98,2755,27.112244897959183
9807,2352,118,2470,19.93220338983051
9824,2525,180,2705,14.02777777777778
9845,3691,92,3783,40.119565217391305
9851,1468,580,2048,2.5310344827586206
9862,2300,92,2392,25.0
9867,1981,158,2139,12.537974683544304
9871,2251,216,2467,10.421296296296296
9894,3268,152,3420,21.5
9905,2963,127,3090,23.33070866141732
9910,3360,96,3456,35.0
9926,683,266,949,2.5676691729323307
9943,2748,56,2804,49.07142857142857
9944,1692,170,1862,9.952941176470588
9947,3645,188,3833,19.388297872340427
9949,3419,117,3536,29.22222222222222
9950,1160,195,1355,5.948717948717949
9951,2958,175,3133,16.902857142857144
9952,2150,171,2321,12.57309941520468
9953,3491,303,3794,11.52145214521452
9957,1857,225,2082,8.253333333333334
9976,3374,529,3903,6.378071833648393
9981,3609,383,3992,9.422976501305484
9984,3447,233,3680,14.793991416309012
9985,2855,260,3115,10.98076923076923
9995,2764,1203,3967,2.2975893599335
10005,3910,118,4028,33.13559322033898
10007,3556,389,3945,9.141388174807195
10031,1390,159,1549,8.742138364779874
10033,3446,261,3707,13.203065134099615
10034,2952,128,3080,23.0625
10043,3042,186,3228,16.35483870967742
10047,2131,169,2300,12.6094674556213
10065,2560,220,2780,11.636363636363637
10081,2553,161,2714,15.857142857142858
10092,2883,202,3085,14.272277227722771
10099,1676,232,1908,7.224137931034483
10104,3640,214,3854,17.009345794392523
10108,252,2108,2360,0.1195445920303605
10110,3042,275,3317,11.061818181818182
10111,3662,141,3803,25.97163120567376
10115,2595,93,2688,27.90322580645161
10117,2704,104,2808,26.0
10123,2022,95,2117,21.28421052631579
10158,3109,92,3201,33.79347826086956
10162,2704,130,2834,20.8
10166,3505,91,3596,38.51648351648352
10169,3537,80,3617,44.2125
10171,1345,180,1525,7.472222222222222
10172,3337,271,3608,12.313653136531366
10200,3117,133,3250,23.43609022556391
10202,375,47,422,7.978723404255319
10203,3739,154,3893,24.27922077922078
10204,3911,41,3952,95.39024390243902
10210,2129,216,2345,9.85648148148148
10228,1839,23,1862,79.95652173913044
10229,2710,167,2877,16.227544910179642
10248,3689,302,3991,12.21523178807947
10249,2849,259,3108,11.0
10252,793,238,1031,3.331932773109244
10258,1672,169,1841,9.893491124260356
10273,2159,188,2347,11.48404255319149
10295,2012,136,2148,14.794117647058824
10301,1888,171,2059,11.04093567251462
10305,3295,387,3682,8.51421188630491
10307,2025,244,2269,8.299180327868852
10311,2007,81,2088,24.77777777777778
10312,3701,241,3942,15.356846473029046
10322,1793,60,1853,29.883333333333333
10341,3185,204,3389,15.612745098039216
10347,2791,151,2942,18.483443708609272
10356,3170,297,3467,10.673400673400671
10359,2818,459,3277,6.139433551198257
10360,3506,525,4031,6.678095238095239
10365,3647,140,3787,26.05
10379,1112,190,1302,5.852631578947369
10393,3700,311,4011,11.897106109324758
10394,2987,101,3088,29.574257425742573
10397,211,2399,2610,0.0879533138807836
10414,2489,287,2776,8.67247386759582
10415,2807,130,2937,21.59230769230769
10416,3399,74,3473,45.93243243243244
10421,1657,175,1832,9.468571428571428
10432,2871,181,3052,15.861878453038674
10436,1361,205,1566,6.639024390243902
10438,2977,147,3124,20.25170068027211
10447,2433,282,2715,8.627659574468085
10461,431,2403,2834,0.1793591344153142
10473,1072,730,1802,1.4684931506849317
10478,84,3360,3444,0.025
10482,3872,172,4044,22.511627906976745
10492,1975,62,2037,31.85483870967742
10496,3755,202,3957,18.58910891089109
10500,3676,181,3857,20.30939226519337
10507,3587,251,3838,14.290836653386457
10513,3133,185,3318,16.935135135135134
10522,2122,36,2158,58.94444444444444
10526,2275,100,2375,22.75
10527,2061,82,2143,25.134146341463413
10528,2634,210,2844,12.542857142857144
10539,1938,137,2075,14.145985401459852
10541,3384,69,3453,49.04347826086956
10543,2662,167,2829,15.940119760479044
10545,2680,419,3099,6.39618138424821
10548,2353,229,2582,10.275109170305678
10551,3597,314,3911,11.455414012738853
10581,2338,164,2502,14.25609756097561
10592,1873,146,2019,12.82876712328767
10611,3848,128,3976,30.0625
10612,1043,98,1141,10.642857142857142
10618,2908,196,3104,14.83673469387755
10625,2604,610,3214,4.268852459016394
10641,1724,329,2053,5.240121580547113
10643,3818,121,3939,31.553719008264466
10646,576,1025,1601,0.5619512195121952
10659,3201,221,3422,14.484162895927602
10660,822,160,982,5.1375
10662,1912,195,2107,9.805128205128206
10671,3576,272,3848,13.147058823529411
10674,77,1915,1992,0.0402088772845953
10679,1939,148,2087,13.10135135135135
10690,2598,137,2735,18.96350364963504
10699,3548,240,3788,14.783333333333331
10703,1704,112,1816,15.214285714285714
10704,3504,111,3615,31.56756756756757
10705,2968,115,3083,25.808695652173917
10707,2657,165,2822,16.1030303030303
10709,1904,180,2084,10.577777777777778
10716,1925,36,1961,53.47222222222222
10736,3404,258,3662,13.193798449612403
10738,392,144,536,2.7222222222222223
10757,2511,92,2603,27.293478260869566
10791,3370,627,3997,5.374800637958533
10795,3381,61,3442,55.42622950819672
10803,1699,295,1994,5.759322033898305
10813,1964,151,2115,13.006622516556291
10816,292,3604,3896,0.0810210876803551
10817,2064,161,2225,12.819875776397517
10818,3903,65,3968,60.04615384615385
10822,3265,168,3433,19.43452380952381
10834,3795,276,4071,13.75
10844,2679,134,2813,19.99253731343284
10849,3747,131,3878,28.603053435114504
10865,3413,135,3548,25.28148148148148
10875,2964,416,3380,7.125
10878,3807,121,3928,31.46280991735537
10881,2709,339,3048,7.991150442477876
10897,3858,225,4083,17.14666666666667
10905,950,204,1154,4.65686274509804
10912,3690,296,3986,12.466216216216216
10921,2793,160,2953,17.45625
10933,3044,167,3211,18.22754491017964
10937,2983,121,3104,24.65289256198347
10943,2731,178,2909,15.342696629213483
10966,3018,104,3122,29.01923076923077
10967,3755,145,3900,25.89655172413793
10971,3080,110,3190,28.0
10972,3971,97,4068,40.93814432989691
10981,2171,146,2317,14.86986301369863
10996,2758,93,2851,29.655913978494624
10999,3258,492,3750,6.621951219512195
11000,2591,803,3394,3.2266500622665006
11001,3518,301,3819,11.687707641196011
11005,2871,232,3103,12.375
11012,3200,64,3264,50.0
11014,3589,124,3713,28.943548387096776
11016,3545,142,3687,24.964788732394368
11017,3765,182,3947,20.686813186813183
11018,682,170,852,4.011764705882353
11023,1435,101,1536,14.207920792079207
11027,1842,283,2125,6.508833922261484
11049,3124,225,3349,13.884444444444444
11052,2086,444,2530,4.698198198198198
11053,1890,216,2106,8.75
11072,3441,71,3512,48.46478873239437
11075,2509,311,2820,8.067524115755628
11083,2035,143,2178,14.23076923076923
11097,2852,183,3035,15.584699453551911
11098,3594,244,3838,14.729508196721312
11105,2873,181,3054,15.87292817679558
11109,2791,374,3165,7.462566844919786
11112,3586,65,3651,55.16923076923077
11114,419,2978,3397,0.1406984553391538
11121,2370,71,2441,33.38028169014085
11122,2008,172,2180,11.674418604651162
11132,3433,300,3733,11.443333333333332
11156,1644,248,1892,6.629032258064516
11162,3969,104,4073,38.16346153846154
11164,2663,39,2702,68.28205128205128
11174,3536,245,3781,14.43265306122449
11179,2384,185,2569,12.886486486486486
11180,2704,144,2848,18.77777777777778
11192,3261,171,3432,19.07017543859649
11197,3184,264,3448,12.06060606060606
11207,2534,81,2615,31.28395061728395
11212,686,139,825,4.935251798561152
11215,1660,748,2408,2.219251336898396
11233,1861,150,2011,12.406666666666666
11262,2817,83,2900,33.93975903614458
11274,3281,366,3647,8.96448087431694
11277,3638,75,3713,48.50666666666667
11287,2153,51,2204,42.21568627450981
11289,2939,143,3082,20.552447552447557
11293,3327,74,3401,44.95945945945946
11304,3098,198,3296,15.646464646464649
11320,1,2657,2658,0.0003763643206624
11325,1214,177,1391,6.858757062146893
11332,3283,254,3537,12.9251968503937
11334,3753,124,3877,30.266129032258064
11341,3339,280,3619,11.925
11344,2714,286,3000,9.48951048951049
11346,3471,137,3608,25.335766423357665
11348,1051,137,1188,7.671532846715328
11357,3626,377,4003,9.618037135278517
11362,1948,201,2149,9.691542288557214
11363,2023,270,2293,7.492592592592593
11371,2652,248,2900,10.693548387096774
11374,2667,309,2976,8.631067961165048
11375,2201,96,2297,22.92708333333333
11382,3708,189,3897,19.61904761904762
11387,3789,246,4035,15.402439024390244
11402,1872,742,2614,2.522911051212938
11406,2604,130,2734,20.03076923076923
11410,3739,155,3894,24.12258064516129
11411,2185,135,2320,16.185185185185187
11422,1621,347,1968,4.671469740634006
11426,2803,151,2954,18.56291390728477
11429,1950,133,2083,14.661654135338344
11437,3627,183,3810,19.81967213114754
11447,2181,160,2341,13.63125
11455,3362,148,3510,22.716216216216218
11461,2101,116,2217,18.11206896551724
11472,3176,186,3362,17.0752688172043
11474,3017,423,3440,7.132387706855792
11485,3590,131,3721,27.404580152671755
11489,3840,178,4018,21.573033707865168
11492,2530,193,2723,13.10880829015544
11511,3393,119,3512,28.51260504201681
11520,3589,219,3808,16.38812785388128
11530,2647,249,2896,10.630522088353414
11535,3696,224,3920,16.5
11536,2916,148,3064,19.7027027027027
11537,3941,143,4084,27.55944055944056
11556,3063,228,3291,13.43421052631579
11558,2254,82,2336,27.48780487804878
11567,3950,142,4092,27.816901408450704
11568,3602,237,3839,15.19831223628692
11570,3428,402,3830,8.527363184079602
11579,3347,205,3552,16.326829268292684
11587,3615,144,3759,25.104166666666668
11590,3880,75,3955,51.73333333333333
11591,3804,209,4013,18.20095693779904
11598,3619,193,3812,18.751295336787564
11610,3275,50,3325,65.5
11616,3606,78,3684,46.23076923076923
11622,3843,205,4048,18.746341463414637
11628,307,2870,3177,0.1069686411149825
11642,3363,131,3494,25.67175572519084
11647,3879,182,4061,21.31318681318681
11649,3901,88,3989,44.32954545454545
11650,650,1406,2056,0.4623044096728307
11676,1496,114,1610,13.12280701754386
11679,1519,71,1590,21.3943661971831
11680,2267,115,2382,19.713043478260868
11681,3985,111,4096,35.9009009009009
11691,3579,297,3876,12.05050505050505
11702,1330,125,1455,10.64
11705,1735,179,1914,9.6927374301676
11707,2494,186,2680,13.408602150537634
11712,2064,437,2501,4.723112128146453
11722,3303,156,3459,21.173076923076923
11731,3346,368,3714,9.092391304347826
11741,2115,160,2275,13.21875
11750,1297,153,1450,8.477124183006536
11783,2928,137,3065,21.37226277372263
11788,3532,187,3719,18.88770053475936
11791,1955,597,2552,3.274706867671692
11797,2887,120,3007,24.058333333333334
11801,2171,202,2373,10.747524752475249
11802,663,112,775,5.919642857142857
11805,3638,126,3764,28.873015873015877
11809,2101,186,2287,11.295698924731182
11812,3862,190,4052,20.32631578947369
11815,2505,170,2675,14.735294117647058
11824,821,198,1019,4.146464646464646
11827,3037,96,3133,31.635416666666668
11829,50,115,165,0.4347826086956521
11834,1609,74,1683,21.74324324324324
11836,3266,29,3295,112.6206896551724
11844,2112,262,2374,8.061068702290076
11852,3584,154,3738,23.272727272727277
11853,1787,81,1868,22.061728395061728
11888,63,2340,2403,0.0269230769230769
11891,3688,193,3881,19.10880829015544
11894,2148,110,2258,19.527272727272727
11896,3677,166,3843,22.150602409638555
11961,2943,183,3126,16.081967213114755
11968,3437,148,3585,23.22297297297297
11971,3138,163,3301,19.25153374233129
11973,3057,218,3275,14.022935779816514
11983,2690,453,3143,5.938189845474613
11991,3363,222,3585,15.14864864864865
11992,2935,179,3114,16.39664804469274
11997,2768,129,2897,21.45736434108527
12006,2735,160,2895,17.09375
12017,2535,372,2907,6.814516129032258
12029,45,4009,4054,0.0112247443252681
12031,3722,150,3872,24.813333333333333
12042,2968,149,3117,19.91946308724832
12046,2610,373,2983,6.997319034852547
12084,1949,220,2169,8.85909090909091
12086,1573,172,1745,9.145348837209305
12097,1158,193,1351,6.0
12100,3228,107,3335,30.16822429906542
12103,1388,372,1760,3.731182795698925
12110,2835,233,3068,12.167381974248928
12121,160,46,206,3.4782608695652173
12122,2066,122,2188,16.934426229508198
12126,526,2885,3411,0.1823223570190641
12128,2085,164,2249,12.71341463414634
12134,2649,224,2873,11.825892857142858
12135,2545,151,2696,16.85430463576159
12142,3824,197,4021,19.411167512690355
12144,3042,238,3280,12.781512605042018
12147,1795,255,2050,7.03921568627451
12149,3774,173,3947,21.815028901734102
12151,1433,177,1610,8.096045197740112
12155,2542,121,2663,21.00826446280992
12156,3383,71,3454,47.647887323943664
12158,2457,279,2736,8.806451612903226
12167,1861,132,1993,14.098484848484848
12169,1940,168,2108,11.547619047619047
12177,3921,51,3972,76.88235294117646
12180,2974,787,3761,3.7789072426937738
12202,3798,110,3908,34.527272727272724
12204,3579,195,3774,18.353846153846156
12217,2477,685,3162,3.616058394160584
12219,1699,81,1780,20.97530864197531
12223,2591,235,2826,11.025531914893618
12227,2843,353,3196,8.053824362606232
12232,3178,150,3328,21.186666666666667
12236,1265,73,1338,17.328767123287673
12237,1528,245,1773,6.236734693877551
12238,3169,166,3335,19.09036144578313
12239,2907,110,3017,26.42727272727273
12245,3810,265,4075,14.37735849056604
12246,3601,145,3746,24.83448275862069
12248,619,1250,1869,0.4952
12255,1627,208,1835,7.822115384615385
12278,1357,213,1570,6.370892018779343
12296,2740,217,2957,12.626728110599078
12298,2966,68,3034,43.61764705882353
12301,2842,110,2952,25.83636363636364
12309,3933,128,4061,30.7265625
12319,1148,1597,2745,0.7188478396994364
12320,1557,76,1633,20.48684210526316
12335,2578,285,2863,9.04561403508772
12336,2333,119,2452,19.605042016806724
12339,3864,106,3970,36.45283018867924
12342,3005,322,3327,9.332298136645962
12363,2668,325,2993,8.20923076923077
12373,3271,204,3475,16.034313725490197
12374,1664,192,1856,8.666666666666666
12385,3515,239,3754,14.707112970711297
12387,2254,138,2392,16.333333333333332
12396,3005,162,3167,18.549382716049383
12398,2947,148,3095,19.91216216216216
12410,3545,108,3653,32.82407407407408
12411,1842,143,1985,12.881118881118882
12419,3642,145,3787,25.117241379310343
12421,3559,317,3876,11.227129337539433
12422,3019,201,3220,15.019900497512438
12429,2192,43,2235,50.97674418604651
12430,3701,123,3824,30.089430894308943
12435,3163,98,3261,32.275510204081634
12437,3589,174,3763,20.6264367816092
12438,356,2983,3339,0.1193429433456252
12449,1623,322,1945,5.040372670807454
12450,3460,97,3557,35.670103092783506
12454,14,2873,2887,0.0048729550991994
12481,1661,425,2086,3.908235294117647
12484,3306,91,3397,36.32967032967033
12491,3043,152,3195,20.019736842105264
12500,2321,178,2499,13.039325842696629
12504,2834,211,3045,13.43127962085308
12510,1332,219,1551,6.082191780821918
12512,2462,101,2563,24.37623762376237
12516,1,2314,2315,0.0004321521175453
12521,1033,85,1118,12.152941176470588
12542,2605,165,2770,15.787878787878787
12582,1864,157,2021,11.872611464968152
12583,3649,126,3775,28.96031746031746
12584,1494,272,1766,5.492647058823529
12591,3079,308,3387,9.996753246753247
12600,3525,318,3843,11.08490566037736
12606,3513,145,3658,24.22758620689655
12607,1282,159,1441,8.062893081761006
12619,1870,235,2105,7.957446808510638
12625,1689,365,2054,4.627397260273972
12631,1734,272,2006,6.375
12633,3709,335,4044,11.071641791044776
12645,51,3289,3340,0.0155062328975372
12674,2208,349,2557,6.326647564469914
12675,2773,164,2937,16.908536585365855
12683,2870,192,3062,14.947916666666666
12695,1600,379,1979,4.221635883905013
12699,3035,138,3173,21.99275362318841
12701,2226,168,2394,13.25
12709,2652,151,2803,17.56291390728477
12724,2636,136,2772,19.38235294117647
12739,2358,208,2566,11.336538461538462
12741,1486,406,1892,3.660098522167488
12751,2338,91,2429,25.692307692307693
12752,1896,146,2042,12.986301369863014
12759,2219,166,2385,13.367469879518072
12766,3963,87,4050,45.55172413793103
12768,3691,114,3805,32.37719298245614
12774,3197,126,3323,25.373015873015877
12778,1464,311,1775,4.707395498392283
12782,3386,173,3559,19.57225433526012
12813,3802,146,3948,26.04109589041096
12815,1874,97,1971,19.31958762886598
12824,3645,166,3811,21.957831325301203
12826,3820,205,4025,18.634146341463413
12833,3805,136,3941,27.977941176470587
12842,3375,130,3505,25.96153846153846
12844,3197,395,3592,8.09367088607595
12875,3194,91,3285,35.0989010989011
12882,2753,139,2892,19.80575539568345
12887,3010,160,3170,18.8125
12910,689,122,811,5.647540983606557
12918,2096,236,2332,8.88135593220339
12928,3515,201,3716,17.487562189054728
12931,2727,90,2817,30.3
12944,1115,56,1171,19.910714285714285
12951,2376,104,2480,22.846153846153847
12958,96,3836,3932,0.0250260688216892
12965,185,3506,3691,0.0527666856816885
12967,2692,171,2863,15.742690058479532
12971,2139,48,2187,44.5625
12993,3490,295,3785,11.830508474576272
13029,624,214,838,2.9158878504672896
13037,1440,215,1655,6.697674418604652
13061,3618,291,3909,12.43298969072165
13064,3935,110,4045,35.77272727272727
13069,2317,46,2363,50.369565217391305
13070,3670,97,3767,37.83505154639175
13073,3956,120,4076,32.96666666666667
13075,3097,122,3219,25.385245901639344
13078,1309,196,1505,6.678571428571429
13082,2249,197,2446,11.416243654822336
13086,2986,317,3303,9.419558359621451
13094,3207,182,3389,17.62087912087912
13095,2137,144,2281,14.84027777777778
13098,3541,232,3773,15.262931034482758
13104,3708,197,3905,18.82233502538071
13119,3065,208,3273,14.735576923076923
13123,2253,119,2372,18.932773109243698
13127,3211,101,3312,31.792079207920796
13128,835,287,1122,2.9094076655052263
13133,3147,200,3347,15.735
13137,3022,100,3122,30.22
13140,986,30,1016,32.86666666666667
13142,3795,221,4016,17.171945701357465
13149,3890,65,3955,59.84615384615385
13160,2865,139,3004,20.611510791366907
13166,3391,91,3482,37.26373626373626
13170,2981,73,3054,40.83561643835616
13180,1434,210,1644,6.828571428571428
13183,3003,248,3251,12.108870967741936
13201,2498,102,2600,24.49019607843137
13204,2845,137,2982,20.766423357664237
13208,2535,319,2854,7.946708463949843
13212,2665,144,2809,18.506944444444443
13213,3279,204,3483,16.073529411764707
13220,2108,124,2232,17.0
13223,2620,135,2755,19.40740740740741
13230,1442,163,1605,8.846625766871165
13245,3830,115,3945,33.30434782608695
13246,3119,312,3431,9.996794871794872
13249,3122,153,3275,20.405228758169933
13262,3715,88,3803,42.21590909090909
13269,3585,440,4025,8.147727272727273
13279,1826,248,2074,7.362903225806452
13281,2731,114,2845,23.95614035087719
13284,1971,186,2157,10.596774193548388
13291,2389,40,2429,59.725
13298,3659,220,3879,16.631818181818183
13302,2750,203,2953,13.54679802955665
13309,2779,196,2975,14.178571428571429
13312,3180,171,3351,18.59649122807017
13321,2727,67,2794,40.70149253731344
13331,1945,254,2199,7.65748031496063
13336,2159,227,2386,9.51101321585903
13349,1601,73,1674,21.931506849315067
13351,2382,311,2693,7.659163987138264
13353,2334,243,2577,9.604938271604938
13356,2320,136,2456,17.058823529411764
13358,1610,171,1781,9.415204678362572
13364,3066,126,3192,24.33333333333333
13376,2660,226,2886,11.769911504424778
13379,3731,160,3891,23.31875
13381,3672,185,3857,19.84864864864865
13395,3720,95,3815,39.1578947368421
13406,2506,155,2661,16.16774193548387
13408,3167,266,3433,11.906015037593985
13411,1294,147,1441,8.802721088435375
13419,2892,323,3215,8.953560371517028
13420,2432,241,2673,10.091286307053942
13426,2960,219,3179,13.515981735159816
13432,1973,133,2106,14.834586466165414
13434,3987,108,4095,36.91666666666666
13440,2963,86,3049,34.45348837209303
13450,646,334,980,1.934131736526946
13452,3366,275,3641,12.24
13456,1081,204,1285,5.299019607843137
13458,1428,269,1697,5.308550185873606
13460,2322,483,2805,4.807453416149069
13461,2524,148,2672,17.054054054054053
13467,2882,74,2956,38.94594594594594
13469,3640,173,3813,21.040462427745663
13471,1715,121,1836,14.173553719008265
13476,3012,308,3320,9.77922077922078
13477,3451,232,3683,14.875
13490,2812,216,3028,13.01851851851852
13493,1014,296,1310,3.425675675675676
13505,1950,187,2137,10.427807486631016
13506,3332,97,3429,34.350515463917525
13509,2380,58,2438,41.03448275862069
13528,1117,75,1192,14.893333333333333
13541,2505,178,2683,14.073033707865168
13543,3627,157,3784,23.10191082802548
13547,3469,260,3729,13.342307692307692
13562,3136,64,3200,49.0
13565,2595,92,2687,28.206521739130437
13570,3939,68,4007,57.9264705882353
13574,2948,100,3048,29.48
13577,3276,423,3699,7.74468085106383
13602,3254,215,3469,15.134883720930231
13607,3466,302,3768,11.47682119205298
13609,2563,59,2622,43.440677966101696
13617,1986,74,2060,26.83783783783784
13621,2756,200,2956,13.78
13631,2651,119,2770,22.277310924369747
13646,2244,72,2316,31.166666666666668
13647,1221,332,1553,3.677710843373494
13649,2909,169,3078,17.21301775147929
13657,1103,253,1356,4.359683794466403
13672,1549,102,1651,15.18627450980392
13680,1046,148,1194,7.067567567567568
13681,2937,219,3156,13.41095890410959
13689,3863,194,4057,19.912371134020617
13692,2250,219,2469,10.273972602739724
13693,2760,284,3044,9.71830985915493
13697,2433,188,2621,12.941489361702128
13708,2492,460,2952,5.417391304347826
13709,2346,637,2983,3.682888540031397
13712,89,3504,3593,0.0253995433789954
13714,2997,66,3063,45.40909090909091
13720,46,1604,1650,0.0286783042394014
13724,3576,89,3665,40.17977528089887
13725,3829,262,4091,14.614503816793894
13732,2587,91,2678,28.428571428571427
13739,3589,63,3652,56.96825396825397
13745,3400,66,3466,51.51515151515152
13747,302,2558,2860,0.1180609851446442
13770,1176,251,1427,4.685258964143427
13772,2128,221,2349,9.6289592760181
13773,2089,302,2391,6.917218543046357
13805,2400,183,2583,13.114754098360656
13809,3878,192,4070,20.197916666666668
13822,2477,80,2557,30.9625
13829,2548,170,2718,14.988235294117649
13833,2359,131,2490,18.00763358778626
13841,2800,261,3061,10.727969348659004
13842,2302,101,2403,22.792079207920796
13843,2749,291,3040,9.446735395189004
13845,3769,113,3882,33.35398230088496
13857,2780,144,2924,19.30555555555556
13859,3793,299,4092,12.68561872909699
13873,3839,116,3955,33.0948275862069
13881,2816,162,2978,17.382716049382715
13894,2225,101,2326,22.02970297029703
13897,3632,192,3824,18.916666666666668
13900,3610,189,3799,19.1005291005291
13902,1011,119,1130,8.495798319327731
13903,1967,196,2163,10.035714285714286
13913,3328,141,3469,23.602836879432623
13914,1423,69,1492,20.6231884057971
13932,2977,104,3081,28.625
13938,2776,239,3015,11.615062761506277
13951,3748,125,3873,29.984
13970,91,3372,3463,0.0269869513641755
13981,2130,347,2477,6.138328530259366
13990,69,356,425,0.1938202247191011
13993,3891,139,4030,27.992805755395683
13999,553,3327,3880,0.1662158100390742
14013,3354,66,3420,50.81818181818182
14023,1722,85,1807,20.258823529411764
14027,2720,211,2931,12.890995260663509
14032,1701,303,2004,5.6138613861386135
14035,2365,185,2550,12.783783783783784
14040,3308,447,3755,7.400447427293065
14043,2701,115,2816,23.48695652173913
14058,3664,113,3777,32.424778761061944
14063,2138,284,2422,7.528169014084507
14086,207,2556,2763,0.0809859154929577
14100,3930,28,3958,140.35714285714286
14118,2601,121,2722,21.49586776859504
14119,3605,110,3715,32.77272727272727
14124,3254,239,3493,13.615062761506277
14125,3820,111,3931,34.414414414414416
14134,2087,195,2282,10.702564102564102
14141,1317,51,1368,25.823529411764707
14144,2435,133,2568,18.30827067669173
14162,1971,64,2035,30.796875
14167,3729,166,3895,22.46385542168675
14171,3592,107,3699,33.570093457943926
14176,1420,89,1509,15.955056179775282
14194,1690,123,1813,13.739837398373984
14195,3549,223,3772,15.914798206278029
14197,2814,299,3113,9.411371237458194
14198,2830,196,3026,14.43877551020408
14206,2834,368,3202,7.701086956521739
14207,1393,72,1465,19.34722222222222
14226,2987,267,3254,11.187265917602996
14239,3486,221,3707,15.773755656108598
14256,3132,233,3365,13.44206008583691
14257,206,2454,2660,0.0839445802770986
14265,802,1518,2320,0.52832674571805
14270,2072,536,2608,3.8656716417910446
14271,3421,150,3571,22.80666666666667
14296,2868,148,3016,19.37837837837838
14305,3789,203,3992,18.665024630541872
14308,756,3322,4078,0.2275737507525587
14315,3720,60,3780,62.0
14318,3091,261,3352,11.842911877394636
14321,2680,161,2841,16.645962732919255
14328,2882,94,2976,30.659574468085108
14341,2014,373,2387,5.399463806970509
14342,2339,334,2673,7.002994011976048
14343,2905,209,3114,13.89952153110048
14345,3076,114,3190,26.98245614035088
14349,3428,468,3896,7.324786324786324
14350,622,175,797,3.5542857142857143
14369,2176,185,2361,11.762162162162165
14382,3685,90,3775,40.94444444444444
14385,3288,90,3378,36.53333333333333
14400,619,104,723,5.951923076923077
14401,3697,131,3828,28.221374045801525
14403,3305,120,3425,27.541666666666668
14415,1883,130,2013,14.484615384615385
14417,3738,228,3966,16.394736842105264
14418,1365,50,1415,27.3
14421,3214,241,3455,13.33609958506224
14442,1831,267,2098,6.857677902621723
14444,2906,94,3000,30.91489361702128
14446,3109,161,3270,19.31055900621118
14447,1704,129,1833,13.209302325581396
14452,1541,177,1718,8.706214689265536
14456,3812,262,4074,14.549618320610689
14462,3540,236,3776,15.0
14464,2221,212,2433,10.476415094339623
14477,1410,196,1606,7.1938775510204085
14479,3575,63,3638,56.74603174603175
14503,3667,184,3851,19.92934782608696
14506,2355,127,2482,18.54330708661417
14509,752,114,866,6.596491228070176
14517,3197,178,3375,17.96067415730337
14522,3732,192,3924,19.4375
14525,3356,100,3456,33.56
14526,3252,249,3501,13.060240963855422
14528,1005,113,1118,8.893805309734514
14534,3237,212,3449,15.2688679245283
14556,1049,138,1187,7.601449275362318
14562,3154,110,3264,28.672727272727272
14567,1449,160,1609,9.05625
14569,1165,198,1363,5.883838383838384
14573,3392,231,3623,14.683982683982684
14590,3106,360,3466,8.627777777777778
14591,3483,93,3576,37.45161290322581
14595,3514,163,3677,21.55828220858896
14599,3816,240,4056,15.9
14614,3811,275,4086,13.858181818181816
14620,1561,252,1813,6.194444444444445
14634,3757,184,3941,20.418478260869566
14639,1589,186,1775,8.543010752688172
14649,3344,151,3495,22.14569536423841
14660,2219,58,2277,38.25862068965517
14662,921,2340,3261,0.3935897435897436
14664,2610,78,2688,33.46153846153846
14678,2711,242,2953,11.202479338842975
14681,3087,177,3264,17.440677966101696
14709,1561,194,1755,8.04639175257732
14723,3222,130,3352,24.784615384615385
14727,2083,226,2309,9.216814159292037
14731,1665,49,1714,33.97959183673469
14738,2924,101,3025,28.95049504950495
14739,3904,117,4021,33.36752136752137
14747,2684,311,2995,8.630225080385852
14749,3516,215,3731,16.35348837209302
14751,3933,107,4040,36.7570093457944
14754,3728,114,3842,32.70175438596491
14758,2032,222,2254,9.153153153153154
14778,2117,77,2194,27.49350649350649
14785,3380,187,3567,18.074866310160427
14793,2596,66,2662,39.333333333333336
14810,3361,212,3573,15.85377358490566
14815,2601,125,2726,20.808
14818,1623,67,1690,24.22388059701493
14819,3524,326,3850,10.809815950920246
14822,1926,75,2001,25.68
14829,3605,49,3654,73.57142857142857
14845,3640,127,3767,28.661417322834644
14862,699,305,1004,2.2918032786885245
14875,1880,81,1961,23.20987654320988
14878,101,2585,2686,0.0390715667311412
14884,2185,259,2444,8.436293436293436
14887,3786,94,3880,40.27659574468085
14894,3767,194,3961,19.41752577319588
14909,2160,211,2371,10.236966824644549
14917,1935,79,2014,24.49367088607595
14925,3378,246,3624,13.731707317073171
14926,2568,277,2845,9.270758122743684
14950,1448,208,1656,6.961538461538462
14955,2328,71,2399,32.7887323943662
15005,3826,129,3955,29.65891472868217
15009,1393,390,1783,3.571794871794872
15011,2215,142,2357,15.598591549295774
15018,3599,148,3747,24.31756756756757
15020,2559,107,2666,23.91588785046729
15028,763,166,929,4.596385542168675
15029,1,2003,2004,0.000499251123315
15031,3665,177,3842,20.706214689265536
15036,3028,206,3234,14.699029126213592
15042,2190,105,2295,20.857142857142858
15055,697,3299,3996,0.2112761442861473
15058,3050,502,3552,6.075697211155378
15067,1137,137,1274,8.299270072992702
15069,2667,30,2697,88.9
15072,2225,213,2438,10.446009389671362
15083,3678,163,3841,22.56441717791411
15085,3166,106,3272,29.867924528301888
15091,2352,213,2565,11.04225352112676
15104,2162,197,2359,10.9746192893401
15109,3220,263,3483,12.243346007604565
15113,3736,114,3850,32.771929824561404
15114,3120,105,3225,29.714285714285715
15120,2943,283,3226,10.39929328621908
15126,3903,124,4027,31.475806451612904
15140,1486,319,1805,4.658307210031348
15156,3699,124,3823,29.830645161290324
15157,3308,223,3531,14.834080717488789
15159,46,3385,3431,0.0135893648449039
15162,2085,141,2226,14.787234042553193
15187,3363,155,3518,21.696774193548386
15188,1653,421,2074,3.9263657957244655
15192,1876,273,2149,6.871794871794871
15205,2344,159,2503,14.742138364779874
15232,599,90,689,6.655555555555556
15234,3440,141,3581,24.397163120567377
15247,3150,171,3321,18.42105263157895
15248,1817,26,1843,69.88461538461539
15249,1432,227,1659,6.308370044052864
15252,3596,107,3703,33.60747663551402
15254,917,43,960,21.32558139534884
15261,3562,149,3711,23.906040268456376
15262,3565,100,3665,35.65
15270,3715,298,4013,12.466442953020136
15276,933,2044,2977,0.4564579256360078
15284,3669,193,3862,19.01036269430052
15294,2745,139,2884,19.74820143884892
15295,1862,237,2099,7.856540084388186
15303,3591,235,3826,15.280851063829788
15308,3125,157,3282,19.90445859872612
15310,3950,98,4048,40.30612244897959
15345,2081,142,2223,14.654929577464788
15348,2692,179,2871,15.039106145251395
15361,3548,117,3665,30.324786324786324
15371,3624,250,3874,14.496
15375,2533,186,2719,13.618279569892474
15384,3827,172,3999,22.25
15406,3223,65,3288,49.58461538461538
15414,966,187,1153,5.165775401069519
15418,100,3556,3656,0.0281214848143982
15423,3712,182,3894,20.395604395604398
15424,2351,288,2639,8.163194444444445
15425,1680,112,1792,15.0
15426,3375,304,3679,11.101973684210526
15434,3600,191,3791,18.848167539267017
15453,3280,141,3421,23.26241134751773
15462,2422,88,2510,27.522727272727277
15468,954,2022,2976,0.4718100890207715
15476,3946,131,4077,30.12213740458015
15479,1139,139,1278,8.194244604316546
15480,1542,93,1635,16.580645161290324
15493,3395,257,3652,13.210116731517507
15495,1905,507,2412,3.757396449704142
15496,3109,61,3170,50.967213114754095
15502,1359,295,1654,4.606779661016949
15515,3469,138,3607,25.13768115942029
15535,2753,225,2978,12.235555555555557
15536,3737,153,3890,24.424836601307188
15544,3265,65,3330,50.23076923076923
15549,2591,135,2726,19.192592592592597
15553,2735,98,2833,27.90816326530612
15562,1252,120,1372,10.433333333333334
15565,2093,166,2259,12.60843373493976
15567,1719,156,1875,11.01923076923077
15584,2290,147,2437,15.578231292517009
15585,2496,385,2881,6.483116883116884
15589,2080,69,2149,30.144927536231883
15591,3225,267,3492,12.07865168539326
15595,2797,205,3002,13.64390243902439
15609,2800,204,3004,13.72549019607843
15617,2370,235,2605,10.085106382978724
15618,1905,94,1999,20.26595744680851
15621,1703,79,1782,21.55696202531645
15625,3421,147,3568,23.272108843537413
15634,3237,163,3400,19.858895705521476
15644,1964,213,2177,9.220657276995306
15647,1245,387,1632,3.2170542635658914
15654,3097,124,3221,24.975806451612904
15658,1771,132,1903,13.416666666666666
15663,2389,137,2526,17.437956204379564
15681,3763,86,3849,43.75581395348837
15687,1547,124,1671,12.475806451612904
15699,2407,555,2962,4.336936936936937
15700,3511,151,3662,23.251655629139076
15709,3721,114,3835,32.64035087719298
15717,169,3780,3949,0.0447089947089947
15724,1808,80,1888,22.6
15733,1381,48,1429,28.77083333333333
15736,3088,117,3205,26.39316239316239
15739,2337,108,2445,21.63888888888889
15740,2662,292,2954,9.116438356164384
15744,3893,123,4016,31.65040650406504
15754,3533,206,3739,17.150485436893202
15759,2707,313,3020,8.648562300319488
15781,3661,426,4087,8.593896713615024
15789,2715,110,2825,24.681818181818183
15803,2719,223,2942,12.192825112107624
15813,3603,112,3715,32.169642857142854
15816,3242,85,3327,38.14117647058824
15827,1680,191,1871,8.795811518324607
15832,2825,283,3108,9.982332155477032
15839,3375,143,3518,23.6013986013986
15847,3790,189,3979,20.05291005291005
15849,2594,242,2836,10.71900826446281
15851,3648,239,3887,15.263598326359832
15855,586,257,843,2.280155642023346
15863,3209,355,3564,9.03943661971831
15874,3415,153,3568,22.320261437908496
15882,2517,339,2856,7.424778761061947
15884,3115,300,3415,10.383333333333333
15886,452,107,559,4.224299065420561
15889,591,1601,2192,0.3691442848219862
15891,903,2260,3163,0.3995575221238938
15892,2383,384,2767,6.205729166666667
15899,3744,195,3939,19.2
15900,1680,311,1991,5.401929260450161
15903,2534,128,2662,19.796875
15910,3676,367,4043,10.016348773841962
15919,3240,242,3482,13.388429752066116
15943,2623,203,2826,12.921182266009852
15949,2675,168,2843,15.922619047619047
15952,1795,262,2057,6.851145038167939
15955,2262,266,2528,8.503759398496241
15965,1735,106,1841,16.367924528301888
15978,3145,208,3353,15.120192307692308
15992,2753,44,2797,62.56818181818182
16000,2332,200,2532,11.66
16003,289,2074,2363,0.1393442622950819
16017,3485,125,3610,27.88
16033,3096,80,3176,38.7
16036,287,3142,3429,0.0913430935709739
16046,3554,97,3651,36.63917525773196
16053,3704,80,3784,46.3
16054,3738,112,3850,33.375
16062,2698,218,2916,12.376146788990823
16073,3468,218,3686,15.908256880733944
16079,2445,217,2662,11.267281105990785
16091,193,138,331,1.3985507246376812
16093,1672,100,1772,16.72
16100,2667,151,2818,17.662251655629138
16131,1842,446,2288,4.130044843049327
16134,2197,310,2507,7.087096774193548
16137,2504,194,2698,12.90721649484536
16139,1322,160,1482,8.2625
16146,1773,153,1926,11.588235294117649
16150,64,3634,3698,0.0176114474408365
16154,3848,113,3961,34.05309734513274
16156,1911,576,2487,3.317708333333333
16158,1895,79,1974,23.9873417721519
16161,1777,96,1873,18.510416666666668
16169,1381,60,1441,23.016666666666666
16188,3387,98,3485,34.56122448979592
16194,1558,136,1694,11.455882352941176
16196,3267,242,3509,13.5
16199,3158,149,3307,21.19463087248322
16220,3810,184,3994,20.706521739130437
16222,3602,181,3783,19.900552486187845
16230,2217,189,2406,11.73015873015873
16244,3613,211,3824,17.123222748815166
16247,3437,62,3499,55.435483870967744
16254,3316,448,3764,7.401785714285714
16267,2927,168,3095,17.422619047619047
16268,336,1785,2121,0.188235294117647
16272,3076,222,3298,13.855855855855856
16273,2643,92,2735,28.72826086956522
16279,3580,182,3762,19.67032967032967
16297,2859,100,2959,28.59
16312,918,2454,3372,0.3740831295843521
16318,3876,104,3980,37.26923076923077
16328,2951,249,3200,11.85140562248996
16331,2033,150,2183,13.553333333333333
16339,3795,140,3935,27.107142857142858
16345,2218,120,2338,18.48333333333333
16350,2532,239,2771,10.594142259414228
16359,781,84,865,9.297619047619047
16365,1756,467,2223,3.76017130620985
16371,1775,162,1937,10.95679012345679
16383,1759,91,1850,19.32967032967033
16385,3670,162,3832,22.65432098765432
16394,2569,273,2842,9.41025641025641
16398,3709,252,3961,14.718253968253968
16423,157,2938,3095,0.0534377127297481
16437,3543,240,3783,14.7625
16460,2365,160,2525,14.78125
16475,2585,87,2672,29.71264367816092
16480,3481,390,3871,8.925641025641026
16489,3798,191,3989,19.884816753926703
16492,3677,97,3774,37.90721649484536
16504,1821,263,2084,6.923954372623574
16511,2568,215,2783,11.944186046511629
16515,3010,138,3148,21.81159420289855
16520,3762,77,3839,48.85714285714285
16521,3798,218,4016,17.422018348623855
16525,2418,43,2461,56.23255813953488
16527,3194,148,3342,21.58108108108108
16528,3328,212,3540,15.69811320754717
16531,2358,69,2427,34.17391304347826
16532,1485,298,1783,4.983221476510067
16539,1911,230,2141,8.308695652173913
16541,3956,117,4073,33.81196581196581
16548,2831,223,3054,12.695067264573993
16574,2996,245,3241,12.228571428571428
16588,2545,173,2718,14.710982658959535
16597,2598,163,2761,15.938650306748466
16602,3070,113,3183,27.168141592920357
16629,3838,118,3956,32.52542372881356
16649,3675,95,3770,38.68421052631579
16650,3235,141,3376,22.94326241134752
16653,3484,186,3670,18.731182795698924
16659,2810,266,3076,10.563909774436093
16664,2641,201,2842,13.139303482587064
16665,3777,196,3973,19.270408163265305
16667,667,112,779,5.955357142857143
16686,3673,61,3734,60.21311475409836
16688,3210,185,3395,17.35135135135135
16689,2884,98,2982,29.428571428571427
16693,3428,100,3528,34.28
16709,3754,176,3930,21.329545454545453
16712,2275,457,2732,4.978118161925602
16719,3309,429,3738,7.713286713286713
16733,2611,163,2774,16.01840490797546
16773,3732,162,3894,23.03703703703704
16774,2401,74,2475,32.445945945945944
16776,2222,241,2463,9.219917012448132
16791,3124,234,3358,13.350427350427353
16804,2638,117,2755,22.54700854700855
16807,1775,217,1992,8.179723502304148
16847,3277,88,3365,37.23863636363637
16848,2628,191,2819,13.75916230366492
16865,1953,132,2085,14.795454545454543
16874,3234,228,3462,14.18421052631579
16875,1119,214,1333,5.228971962616822
16878,1933,467,2400,4.139186295503212
16885,1841,450,2291,4.091111111111111
16894,3512,110,3622,31.92727272727273
16911,3077,76,3153,40.48684210526316
16916,2503,241,2744,10.385892116182571
16924,2528,224,2752,11.285714285714286
16940,3158,174,3332,18.149425287356323
16963,2795,216,3011,12.939814814814817
16968,3609,345,3954,10.460869565217392
16970,2691,151,2842,17.821192052980134
16978,2704,128,2832,21.125
16981,2550,131,2681,19.46564885496183
16983,2900,80,2980,36.25
17006,2198,131,2329,16.778625954198475
17009,2744,219,2963,12.529680365296803
17010,3790,149,3939,25.436241610738254
17013,215,2432,2647,0.0884046052631579
17019,1486,355,1841,4.185915492957746
17022,1323,67,1390,19.746268656716417
17043,2092,123,2215,17.008130081300813
17070,2412,302,2714,7.986754966887418
17074,1893,89,1982,21.269662921348317
17077,2129,93,2222,22.892473118279568
17079,2067,172,2239,12.017441860465116
17092,2611,258,2869,10.12015503875969
17096,3464,81,3545,42.76543209876543
17102,1755,487,2242,3.603696098562629
17103,3601,289,3890,12.460207612456747
17115,2927,150,3077,19.51333333333333
17138,1722,178,1900,9.674157303370787
17140,3050,128,3178,23.828125
17149,2885,727,3612,3.968363136176066
17156,3502,156,3658,22.44871794871795
17161,2607,136,2743,19.169117647058822
17173,1631,44,1675,37.06818181818182
17175,3702,100,3802,37.02
17176,2199,422,2621,5.210900473933649
17195,2650,115,2765,23.043478260869566
17197,2832,94,2926,30.127659574468087
17201,2093,191,2284,10.958115183246074
17210,458,197,655,2.3248730964467006
17214,3200,278,3478,11.510791366906474
17227,1,3159,3160,0.0003165558721114
17233,1084,200,1284,5.42
17234,3045,292,3337,10.428082191780822
17235,1149,140,1289,8.207142857142857
17238,978,87,1065,11.241379310344827
17239,1894,158,2052,11.9873417721519
17270,3174,184,3358,17.25
17271,766,1985,2751,0.3858942065491184
17275,3198,82,3280,39.0
17310,2627,732,3359,3.58879781420765
17312,3709,291,4000,12.745704467353953
17321,3293,127,3420,25.929133858267715
17329,3180,224,3404,14.196428571428571
17336,2711,104,2815,26.067307692307693
17344,2947,281,3228,10.487544483985763
17349,3758,286,4044,13.13986013986014
17369,727,250,977,2.908
17371,3509,338,3847,10.381656804733728
17377,808,33,841,24.484848484848484
17381,127,2935,3062,0.0432708688245315
17383,2305,235,2540,9.808510638297872
17392,421,2826,3247,0.1489738145789101
17393,3416,307,3723,11.127035830618892
17394,3322,189,3511,17.576719576719576
17395,3519,231,3750,15.233766233766234
17401,1552,82,1634,18.92682926829268
17407,3871,121,3992,31.99173553719008
17418,3274,256,3530,12.7890625
17419,3650,70,3720,52.142857142857146
17422,3084,496,3580,6.217741935483871
17427,767,149,916,5.147651006711409
17429,2317,57,2374,40.64912280701754
17430,561,1536,2097,0.365234375
17437,2853,204,3057,13.985294117647058
17438,1851,303,2154,6.108910891089109
17440,1798,482,2280,3.7302904564315353
17441,2153,229,2382,9.40174672489083
17443,2855,92,2947,31.032608695652176
17451,2806,219,3025,12.812785388127852
17452,3280,195,3475,16.82051282051282
17456,2874,170,3044,16.905882352941177
17467,3366,100,3466,33.66
17473,1051,169,1220,6.218934911242603
17487,3907,100,4007,39.07
17505,2125,112,2237,18.973214285714285
17506,1674,103,1777,16.25242718446602
17509,3147,184,3331,17.10326086956522
17511,2271,108,2379,21.02777777777778
17513,2783,104,2887,26.759615384615383
17524,2050,475,2525,4.315789473684211
17533,3451,130,3581,26.54615384615385
17534,325,2356,2681,0.1379456706281833
17539,3640,158,3798,23.037974683544306
17540,3689,137,3826,26.927007299270077
17544,3646,240,3886,15.191666666666666
17557,2460,95,2555,25.894736842105264
17567,3106,141,3247,22.02836879432624
17574,1826,124,1950,14.725806451612904
17579,1043,93,1136,11.21505376344086
17588,3264,147,3411,22.20408163265306
17598,3759,292,4051,12.873287671232877
17603,3174,154,3328,20.61038961038961
17605,3748,92,3840,40.73913043478261
17612,2254,212,2466,10.632075471698114
17625,3269,118,3387,27.703389830508478
17630,1282,188,1470,6.819148936170213
17636,2927,164,3091,17.847560975609756
17640,2987,182,3169,16.412087912087912
17643,2067,171,2238,12.087719298245617
17650,3475,221,3696,15.723981900452488
17652,3479,207,3686,16.806763285024154
17661,3155,219,3374,14.406392694063928
17670,2073,367,2440,5.64850136239782
17671,3483,160,3643,21.76875
17674,2760,779,3539,3.5430038510911426
17682,2483,198,2681,12.54040404040404
17686,1897,52,1949,36.48076923076923
17691,1826,154,1980,11.857142857142858
17703,3304,79,3383,41.822784810126585
17705,2019,192,2211,10.515625
17706,3260,265,3525,12.30188679245283
17707,2326,209,2535,11.129186602870814
17715,1612,196,1808,8.224489795918368
17727,3353,200,3553,16.765
17730,2031,308,2339,6.5941558441558445
17737,3312,360,3672,9.2
17738,2529,310,2839,8.158064516129032
17740,2068,66,2134,31.33333333333333
17755,3159,128,3287,24.6796875
17774,573,275,848,2.0836363636363635
17779,2547,375,2922,6.792
17781,871,85,956,10.24705882352941
17783,2411,124,2535,19.443548387096776
17788,2125,172,2297,12.354651162790695
17793,652,81,733,8.049382716049383
17807,2410,190,2600,12.68421052631579
17809,2480,368,2848,6.739130434782608
17817,515,1987,2502,0.2591847005535984
17819,2744,148,2892,18.54054054054054
17824,3379,137,3516,24.66423357664233
17844,2536,316,2852,8.025316455696203
17854,3621,232,3853,15.607758620689657
17864,2535,237,2772,10.69620253164557
17874,1933,175,2108,11.045714285714286
17885,3811,131,3942,29.091603053435115
17900,2775,189,2964,14.682539682539682
17914,2021,158,2179,12.791139240506327
17926,568,279,847,2.03584229390681
17933,2634,108,2742,24.38888888888889
17939,2052,177,2229,11.59322033898305
17941,834,37,871,22.54054054054054
17957,2567,79,2646,32.49367088607595
17958,3876,176,4052,22.022727272727277
17973,1225,79,1304,15.50632911392405
17987,3617,244,3861,14.82377049180328
17988,2538,316,2854,8.031645569620252
17992,1396,239,1635,5.841004184100418
18003,3270,140,3410,23.357142857142858
18008,3464,141,3605,24.56737588652482
18012,3878,163,4041,23.791411042944784
18015,2052,68,2120,30.176470588235293
18017,648,191,839,3.392670157068063
18023,3381,149,3530,22.69127516778524
18026,1348,108,1456,12.48148148148148
18058,2320,173,2493,13.410404624277456
18063,2540,242,2782,10.49586776859504
18065,606,136,742,4.455882352941177
18070,3476,232,3708,14.982758620689657
18075,2855,127,2982,22.48031496062992
18087,1712,294,2006,5.8231292517006805
18090,3752,197,3949,19.04568527918782
18094,3432,217,3649,15.815668202764977
18098,2289,369,2658,6.203252032520325
18105,2209,297,2506,7.437710437710438
18116,3359,93,3452,36.11827956989247
18120,3228,49,3277,65.87755102040816
18123,3685,340,4025,10.838235294117649
18124,1972,1631,3603,1.2090741876149602
18130,703,2817,3520,0.2495562655307064
18138,1569,158,1727,9.930379746835444
18139,2224,251,2475,8.860557768924302
18144,2827,75,2902,37.693333333333335
18146,3984,103,4087,38.67961165048544
18158,2278,172,2450,13.244186046511627
18168,2893,129,3022,22.42635658914729
18169,2504,72,2576,34.77777777777778
18171,3528,107,3635,32.97196261682243
18173,2008,100,2108,20.08
18185,1569,31,1600,50.61290322580645
18200,1743,78,1821,22.346153846153847
18204,44,3758,3802,0.011708355508249
18234,2376,108,2484,22.0
18271,2485,224,2709,11.09375
18290,1343,215,1558,6.246511627906977
18295,3149,186,3335,16.93010752688172
18296,2479,88,2567,28.170454545454547
18297,3778,166,3944,22.759036144578317
18299,3208,427,3635,7.51288056206089
18300,2509,448,2957,5.600446428571429
18301,802,114,916,7.035087719298246
18313,2819,124,2943,22.733870967741936
18314,3594,227,3821,15.832599118942731
18323,3322,205,3527,16.204878048780486
18324,2769,111,2880,24.945945945945947
18343,2918,296,3214,9.858108108108109
18347,3180,36,3216,88.33333333333333
18355,3892,140,4032,27.8
18356,3776,165,3941,22.884848484848487
18358,2627,118,2745,22.26271186440678
18364,3845,179,4024,21.480446927374302
18372,3437,217,3654,15.838709677419354
18373,3595,245,3840,14.673469387755102
18376,1648,158,1806,10.430379746835444
18398,3080,187,3267,16.470588235294116
18404,1494,250,1744,5.976
18408,3577,167,3744,21.419161676646706
18409,1096,159,1255,6.8930817610062896
18420,2240,646,2886,3.46749226006192
18425,673,2970,3643,0.2265993265993266
18436,3683,225,3908,16.36888888888889
18447,3087,325,3412,9.49846153846154
18449,2946,35,2981,84.17142857142858
18450,3558,151,3709,23.56291390728477
18467,3165,327,3492,9.678899082568808
18469,537,2296,2833,0.2338850174216027
18470,1818,196,2014,9.275510204081632
18471,668,367,1035,1.82016348773842
18481,3800,209,4009,18.181818181818183
18487,1901,102,2003,18.637254901960784
18507,2416,167,2583,14.467065868263472
18510,2670,229,2899,11.65938864628821
18515,3576,76,3652,47.05263157894737
18519,2318,282,2600,8.21985815602837
18531,2357,155,2512,15.206451612903226
18533,3066,175,3241,17.52
18536,1502,229,1731,6.558951965065503
18545,2648,271,2919,9.771217712177124
18564,2024,99,2123,20.444444444444443
18571,2844,166,3010,17.132530120481928
18575,1918,109,2027,17.59633027522936
18578,3306,133,3439,24.857142857142858
18595,3211,112,3323,28.669642857142858
18600,1402,148,1550,9.472972972972974
18615,954,141,1095,6.76595744680851
18619,2866,203,3069,14.118226600985222
18624,2787,116,2903,24.02586206896552
18642,2415,111,2526,21.75675675675676
18648,4039,57,4096,70.85964912280701
18659,3080,237,3317,12.9957805907173
18660,3135,238,3373,13.172268907563025
18662,2186,214,2400,10.214953271028037
18673,3474,228,3702,15.236842105263158
18676,2027,113,2140,17.938053097345133
18677,2275,933,3208,2.4383708467309755
18679,2333,126,2459,18.515873015873016
18683,3741,168,3909,22.267857142857142
18695,3763,122,3885,30.84426229508197
18713,1579,253,1832,6.241106719367589
18717,2140,121,2261,17.68595041322314
18726,2056,93,2149,22.107526881720432
18733,1437,101,1538,14.227722772277229
18734,3571,210,3781,17.004761904761907
18735,1782,119,1901,14.974789915966388
18749,1,2712,2713,0.0003687315634218
18754,3427,182,3609,18.82967032967033
18765,2793,411,3204,6.795620437956204
18774,477,174,651,2.7413793103448274
18777,2141,167,2308,12.820359281437126
18781,3832,75,3907,51.09333333333333
18789,2092,174,2266,12.022988505747126
18796,3666,192,3858,19.09375
18816,3445,132,3577,26.098484848484848
18822,1726,170,1896,10.152941176470588
18827,2488,358,2846,6.949720670391062
18833,2559,76,2635,33.671052631578945
18854,2755,49,2804,56.224489795918366
18858,2497,130,2627,19.20769230769231
18865,3160,205,3365,15.414634146341465
18884,3687,146,3833,25.253424657534246
18886,3502,248,3750,14.120967741935484
18895,3716,162,3878,22.938271604938272
18899,2011,134,2145,15.007462686567164
18900,3228,112,3340,28.821428571428573
18902,3340,301,3641,11.096345514950166
18904,2030,175,2205,11.6
18905,2427,103,2530,23.563106796116504
18909,3839,112,3951,34.276785714285715
18913,3286,158,3444,20.79746835443038
18919,1682,288,1970,5.840277777777778
18924,2554,273,2827,9.355311355311356
18927,2801,216,3017,12.967592592592592
18935,3224,160,3384,20.15
18941,3693,123,3816,30.02439024390244
18944,3705,144,3849,25.729166666666668
18946,235,2477,2712,0.0948728300363342
18948,2725,165,2890,16.515151515151516
18970,3592,40,3632,89.8
18977,2991,307,3298,9.742671009771987
18978,1797,170,1967,10.570588235294116
18982,3745,208,3953,18.004807692307693
18988,3569,394,3963,9.058375634517766
18990,1557,84,1641,18.535714285714285
18993,1696,321,2017,5.283489096573208
19018,2574,175,2749,14.708571428571428
19023,1910,231,2141,8.268398268398268
19027,3864,132,3996,29.272727272727277
19029,3789,105,3894,36.08571428571429
19042,2265,84,2349,26.964285714285715
19043,3413,108,3521,31.60185185185185
19044,557,1789,2346,0.3113471212968138
19046,3445,378,3823,9.113756613756614
19054,3303,128,3431,25.8046875
19059,3517,241,3758,14.593360995850622
19064,1614,134,1748,12.044776119402986
19087,1197,86,1283,13.918604651162791
19091,2383,116,2499,20.54310344827586
19097,1819,249,2068,7.305220883534137
19098,2437,179,2616,13.614525139664805
19107,3735,213,3948,17.535211267605632
19110,1183,179,1362,6.608938547486034
19113,3183,343,3526,9.2798833819242
19114,3010,91,3101,33.07692307692308
19131,2627,316,2943,8.313291139240507
19137,2635,398,3033,6.6206030150753765
19148,2816,240,3056,11.733333333333333
19176,1351,65,1416,20.784615384615385
19183,3143,96,3239,32.739583333333336
19184,2317,322,2639,7.195652173913044
19190,3303,116,3419,28.474137931034484
19195,1529,110,1639,13.9
19199,2855,140,2995,20.392857142857142
19216,3787,172,3959,22.01744186046512
19222,3848,244,4092,15.770491803278688
19227,2020,390,2410,5.17948717948718
19228,2891,123,3014,23.504065040650406
19233,2476,402,2878,6.159203980099503
19239,902,392,1294,2.3010204081632653
19244,3775,191,3966,19.76439790575916
19251,2819,143,2962,19.713286713286717
19255,3638,158,3796,23.025316455696203
19266,1896,81,1977,23.40740740740741
19267,555,429,984,1.2937062937062938
19269,3024,271,3295,11.158671586715869
19275,2054,152,2206,13.513157894736842
19276,2076,436,2512,4.761467889908257
19290,2320,44,2364,52.72727272727273
19297,2706,217,2923,12.47004608294931
19310,2274,86,2360,26.44186046511628
19311,3098,124,3222,24.983870967741936
19312,3509,113,3622,31.053097345132745
19313,3271,57,3328,57.3859649122807
19318,819,236,1055,3.4703389830508478
19321,3012,178,3190,16.921348314606742
19328,1705,71,1776,24.01408450704225
19344,3713,148,3861,25.08783783783784
19347,3047,249,3296,12.236947791164658
19354,3674,126,3800,29.15873015873016
19360,2429,116,2545,20.939655172413797
19363,3058,258,3316,11.852713178294572
19365,1441,150,1591,9.606666666666667
19375,3953,47,4000,84.1063829787234
19379,691,102,793,6.7745098039215685
19387,3584,100,3684,35.84
19403,3636,145,3781,25.07586206896552
19412,3382,244,3626,13.86065573770492
19422,1705,100,1805,17.05
19429,2654,121,2775,21.93388429752066
19435,3530,175,3705,20.17142857142857
19451,1058,124,1182,8.53225806451613
19457,1122,204,1326,5.5
19487,2503,140,2643,17.87857142857143
19488,3629,347,3976,10.45821325648415
19495,2789,218,3007,12.793577981651376
19508,2656,51,2707,52.07843137254902
19534,2897,92,2989,31.48913043478261
19556,2275,155,2430,14.67741935483871
19573,739,338,1077,2.1863905325443787
19576,1600,98,1698,16.3265306122449
19580,2189,194,2383,11.283505154639176
19612,1957,105,2062,18.63809523809524
19621,3484,271,3755,12.85608856088561
19634,2023,83,2106,24.373493975903614
19636,2354,194,2548,12.1340206185567
19637,2240,303,2543,7.392739273927392
19639,3756,126,3882,29.80952380952381
19641,3402,135,3537,25.2
19646,1327,2382,3709,0.5570948782535684
19647,3008,527,3535,5.707779886148008
19649,3511,182,3693,19.291208791208792
19657,2165,136,2301,15.919117647058824
19668,3674,86,3760,42.72093023255814
19671,3376,318,3694,10.61635220125786
19682,2430,96,2526,25.3125
19694,2732,88,2820,31.045454545454547
19699,3477,343,3820,10.137026239067056
19707,296,2587,2883,0.1144182450715114
19712,2346,81,2427,28.96296296296296
19715,2739,130,2869,21.06923076923077
19718,3666,376,4042,9.75
19720,2238,240,2478,9.325
19721,1697,111,1808,15.288288288288287
19731,2994,231,3225,12.96103896103896
19735,1831,187,2018,9.79144385026738
19737,3627,184,3811,19.71195652173913
19744,895,181,1076,4.94475138121547
19746,3766,92,3858,40.93478260869565
19756,3672,276,3948,13.304347826086955
19767,3094,109,3203,28.38532110091743
19772,1027,92,1119,11.16304347826087
19775,3084,164,3248,18.804878048780488
19777,3336,219,3555,15.232876712328768
19782,1710,46,1756,37.17391304347826
19785,3694,171,3865,21.60233918128655
19793,3281,97,3378,33.824742268041234
19801,2892,73,2965,39.61643835616438
19819,3150,173,3323,18.20809248554913
19823,1680,97,1777,17.31958762886598
19824,889,182,1071,4.884615384615385
19835,3716,145,3861,25.627586206896552
19836,2302,116,2418,19.844827586206897
19842,1917,101,2018,18.980198019801986
19847,3910,106,4016,36.886792452830186
19860,108,2287,2395,0.0472234368167905
19879,2064,149,2213,13.85234899328859
19889,3313,389,3702,8.516709511568124
19894,3727,134,3861,27.81343283582089
19899,3349,208,3557,16.10096153846154
19909,2563,62,2625,41.33870967741935
19916,2688,308,2996,8.727272727272727
19932,3281,79,3360,41.53164556962025
19954,3457,289,3746,11.961937716262977
19955,2744,189,2933,14.51851851851852
19966,1452,210,1662,6.914285714285715
19968,1536,76,1612,20.210526315789476
19978,311,3012,3323,0.1032536520584329
19981,3479,110,3589,31.62727272727273
19983,3471,203,3674,17.098522167487683
19985,2539,31,2570,81.90322580645162
19995,3473,137,3610,25.35036496350365
20004,2583,125,2708,20.664
20019,2736,162,2898,16.88888888888889
20024,2226,36,2262,61.833333333333336
20034,3567,39,3606,91.46153846153848
20035,2908,150,3058,19.386666666666667
20038,2866,162,3028,17.691358024691358
20042,3473,327,3800,10.62079510703364
20043,3855,68,3923,56.69117647058823
20047,1872,120,1992,15.6
20050,303,2225,2528,0.1361797752808988
20073,1937,229,2166,8.458515283842795
20077,2368,44,2412,53.81818181818182
20085,2078,154,2232,13.493506493506494
20087,2170,70,2240,31.0
20094,3664,278,3942,13.179856115107912
20096,1511,315,1826,4.796825396825397
20109,3505,100,3605,35.05
20130,3117,118,3235,26.41525423728813
20135,896,67,963,13.373134328358208
20146,2560,257,2817,9.961089494163424
20154,2946,169,3115,17.431952662721894
20178,3915,172,4087,22.761627906976745
20182,2552,187,2739,13.647058823529411
20185,2295,156,2451,14.711538461538462
20187,3615,314,3929,11.512738853503183
20194,2871,272,3143,10.555147058823527
20203,3337,122,3459,27.352459016393443
20212,3141,125,3266,25.128
20218,2552,103,2655,24.776699029126213
20226,2577,261,2838,9.873563218390805
20236,2821,241,3062,11.705394190871369
20245,3124,205,3329,15.239024390243902
20247,2237,44,2281,50.84090909090909
20254,3555,259,3814,13.725868725868724
20255,3839,195,4034,19.68717948717949
20264,2687,190,2877,14.142105263157896
20265,3209,108,3317,29.71296296296296
20278,3259,148,3407,22.02027027027027
20279,2020,178,2198,11.348314606741573
20292,1822,165,1987,11.042424242424245
20303,2159,68,2227,31.75
20309,2131,277,2408,7.693140794223827
20315,2047,176,2223,11.630681818181818
20325,2424,140,2564,17.314285714285713
20330,2876,116,2992,24.79310344827586
20332,3658,48,3706,76.20833333333333
20339,1365,106,1471,12.87735849056604
20341,3818,203,4021,18.80788177339901
20345,2405,327,2732,7.354740061162079
20351,3805,165,3970,23.060606060606062
20368,2316,230,2546,10.069565217391304
20378,3094,198,3292,15.626262626262626
20380,2385,113,2498,21.10619469026549
20385,2377,115,2492,20.669565217391305
20387,28,2852,2880,0.0098176718092566
20388,1601,116,1717,13.801724137931034
20412,3849,157,4006,24.515923566878985
20418,2742,264,3006,10.386363636363637
20424,3573,204,3777,17.514705882352942
20426,953,58,1011,16.43103448275862
20428,3543,99,3642,35.78787878787879
20429,3494,158,3652,22.11392405063291
20430,3317,83,3400,39.963855421686745
20441,2048,67,2115,30.56716417910448
20443,3317,269,3586,12.33085501858736
20456,3096,183,3279,16.918032786885245
20469,1906,88,1994,21.65909090909091
20472,2123,145,2268,14.641379310344828
20473,3602,161,3763,22.372670807453417
20480,1980,92,2072,21.52173913043478
20482,1773,178,1951,9.960674157303371
20486,3104,192,3296,16.166666666666668
20490,2768,315,3083,8.787301587301588
20492,3652,246,3898,14.845528455284551
20502,2983,365,3348,8.172602739726027
20506,3044,191,3235,15.93717277486911
20512,3451,150,3601,23.006666666666668
20529,3964,66,4030,60.06060606060606
20532,2169,316,2485,6.863924050632911
20535,341,2824,3165,0.1207507082152974
20539,3562,153,3715,23.281045751633982
20544,3866,203,4069,19.04433497536946
20549,2235,47,2282,47.5531914893617
20552,2616,105,2721,24.914285714285715
20557,3025,98,3123,30.867346938775512
20559,3240,270,3510,12.0
20560,1587,454,2041,3.495594713656388
20575,3294,194,3488,16.97938144329897
20590,2426,471,2897,5.150743099787686
20604,2341,268,2609,8.735074626865671
20611,3308,135,3443,24.503703703703703
20621,2377,200,2577,11.885
20631,1798,192,1990,9.364583333333334
20640,2899,210,3109,13.804761904761904
20644,3515,129,3644,27.24806201550388
20647,2812,121,2933,23.239669421487605
20651,2706,111,2817,24.37837837837838
20655,2367,196,2563,12.076530612244898
20667,3375,387,3762,8.720930232558139
20674,2926,234,3160,12.504273504273504
20680,3366,204,3570,16.5
20688,3041,210,3251,14.48095238095238
20692,3976,105,4081,37.86666666666667
20695,1139,283,1422,4.024734982332156
20699,3861,153,4014,25.235294117647054
20704,3799,132,3931,28.78030303030303
20711,1501,88,1589,17.056818181818183
20717,153,2954,3107,0.0517941773865944
20719,3232,237,3469,13.637130801687764
20741,1865,34,1899,54.85294117647059
20744,3904,167,4071,23.377245508982035
20749,830,165,995,5.03030303030303
20753,2131,149,2280,14.302013422818792
20762,1883,196,2079,9.607142857142858
20769,487,3208,3695,0.1518079800498753
20770,3512,277,3789,12.678700361010833
20783,3601,172,3773,20.936046511627907
20786,2337,200,2537,11.685
20789,2203,174,2377,12.660919540229886
20793,2041,269,2310,7.587360594795539
20797,2792,143,2935,19.524475524475523
20833,3609,230,3839,15.691304347826089
20834,2175,17,2192,127.94117647058825
20840,2384,124,2508,19.225806451612904
20842,2514,134,2648,18.761194029850746
20845,2309,159,2468,14.522012578616351
20849,3507,239,3746,14.673640167364017
20865,1531,79,1610,19.37974683544304
20869,3091,543,3634,5.692449355432781
20872,3806,161,3967,23.63975155279503
20879,3518,238,3756,14.781512605042018
20888,3636,155,3791,23.45806451612903
20900,2940,366,3306,8.032786885245901
20904,3249,367,3616,8.852861035422343
20907,3338,154,3492,21.675324675324678
20913,3797,104,3901,36.50961538461539
20919,3700,124,3824,29.83870967741936
20920,3018,202,3220,14.94059405940594
20927,3022,1022,4044,2.9569471624266144
20933,2687,194,2881,13.850515463917526
20934,3863,186,4049,20.76881720430108
20936,2258,136,2394,16.602941176470587
20940,2506,140,2646,17.9
20945,1498,98,1596,15.285714285714286
20947,1342,112,1454,11.982142857142858
20950,3907,106,4013,36.85849056603774
20951,3476,99,3575,35.111111111111114
20961,2703,181,2884,14.933701657458563
20964,3554,83,3637,42.81927710843374
20967,1386,240,1626,5.775
20977,2720,135,2855,20.14814814814815
21000,2550,140,2690,18.214285714285715
21003,3317,149,3466,22.261744966442954
21004,3790,200,3990,18.95
21008,2733,407,3140,6.714987714987715
21011,622,3344,3966,0.1860047846889952
21012,3138,171,3309,18.350877192982452
21018,1475,51,1526,28.92156862745098
21027,2889,219,3108,13.191780821917808
21038,1569,239,1808,6.564853556485356
21053,1579,387,1966,4.080103359173127
21058,3010,51,3061,59.01960784313726
21065,2445,158,2603,15.474683544303796
21073,2610,335,2945,7.791044776119403
21098,2437,111,2548,21.954954954954957
21113,3126,162,3288,19.296296296296298
21126,54,3670,3724,0.0147138964577656
21128,69,3285,3354,0.0210045662100456
21135,3701,92,3793,40.22826086956522
21136,154,2600,2754,0.0592307692307692
21138,2651,209,2860,12.68421052631579
21142,1228,120,1348,10.233333333333333
21143,3440,70,3510,49.142857142857146
21163,1,3591,3592,0.0002784739626844
21167,1155,177,1332,6.52542372881356
21175,2770,89,2859,31.123595505617978
21184,1145,2909,4054,0.3936060501890684
21193,2817,245,3062,11.49795918367347
21202,3618,284,3902,12.73943661971831
21205,3637,277,3914,13.129963898916968
21220,2438,131,2569,18.610687022900763
21224,3665,117,3782,31.324786324786324
21245,1813,96,1909,18.885416666666668
21247,2632,116,2748,22.689655172413797
21255,1518,188,1706,8.074468085106384
21258,2124,105,2229,20.228571428571428
21266,2672,186,2858,14.365591397849462
21276,3725,173,3898,21.53179190751445
21287,53,3806,3859,0.013925380977404
21289,3732,221,3953,16.8868778280543
21295,981,78,1059,12.576923076923077
21298,139,3570,3709,0.0389355742296918
21300,2471,170,2641,14.53529411764706
21307,2464,147,2611,16.761904761904763
21319,1218,120,1338,10.15
21327,3078,261,3339,11.79310344827586
21328,2364,119,2483,19.865546218487395
21334,3122,543,3665,5.749539594843462
21336,2508,201,2709,12.477611940298509
21337,460,3380,3840,0.136094674556213
21340,3467,226,3693,15.34070796460177
21344,1534,105,1639,14.60952380952381
21352,3592,96,3688,37.41666666666666
21353,2943,64,3007,45.984375
21354,3279,221,3500,14.83710407239819
21362,1969,280,2249,7.0321428571428575
21365,3238,185,3423,17.502702702702702
21376,3723,143,3866,26.034965034965037
21381,3242,160,3402,20.2625
21402,3575,124,3699,28.830645161290324
21404,810,171,981,4.7368421052631575
21415,661,831,1492,0.7954271961492179
21418,1733,63,1796,27.50793650793651
21421,1611,120,1731,13.425
21423,2682,153,2835,17.529411764705884
21425,3478,126,3604,27.603174603174605
21429,2665,218,2883,12.224770642201834
21432,2046,145,2191,14.110344827586207
21435,3365,75,3440,44.86666666666667
21448,3367,171,3538,19.69005847953216
21471,2802,335,3137,8.364179104477612
21473,2855,128,2983,22.3046875
21476,2648,135,2783,19.61481481481481
21484,3511,123,3634,28.54471544715447
21488,2792,263,3055,10.615969581749049
21500,2542,148,2690,17.175675675675677
21501,1331,430,1761,3.0953488372093023
21528,2863,205,3068,13.965853658536586
21532,2672,60,2732,44.53333333333333
21533,3810,103,3913,36.99029126213592
21543,3320,102,3422,32.549019607843135
21550,179,3489,3668,0.0513040985955861
21551,1668,328,1996,5.085365853658536
21562,2126,229,2355,9.283842794759826
21563,2256,120,2376,18.8
21566,2155,95,2250,22.68421052631579
21590,2456,139,2595,17.66906474820144
21615,3611,99,3710,36.474747474747474
21624,1991,283,2274,7.035335689045937
21630,3768,269,4037,14.007434944237918
21632,2840,561,3401,5.062388591800357
21635,2357,171,2528,13.783625730994151
21643,3682,197,3879,18.69035532994924
21645,3789,119,3908,31.840336134453786
21653,3271,228,3499,14.346491228070176
21654,2608,135,2743,19.31851851851852
21662,3113,114,3227,27.30701754385965
21663,1516,40,1556,37.9
21665,1089,116,1205,9.387931034482758
21673,3192,189,3381,16.88888888888889
21676,2853,235,3088,12.140425531914891
21684,3798,89,3887,42.674157303370784
21710,3683,224,3907,16.441964285714285
21721,3404,42,3446,81.04761904761905
21722,814,466,1280,1.7467811158798283
21731,3725,169,3894,22.0414201183432
21733,3659,135,3794,27.103703703703705
21737,3664,78,3742,46.97435897435897
21746,2236,400,2636,5.59
21756,86,58,144,1.4827586206896552
21759,2387,56,2443,42.625
21761,3356,185,3541,18.14054054054054
21780,2366,187,2553,12.6524064171123
21782,2522,294,2816,8.578231292517007
21803,3400,85,3485,40.0
21814,3764,100,3864,37.64
21816,3802,215,4017,17.683720930232557
21821,755,132,887,5.71969696969697
21856,3598,373,3971,9.646112600536194
21862,3177,289,3466,10.993079584775089
21874,2173,161,2334,13.496894409937887
21880,3599,151,3750,23.83443708609272
21885,3513,142,3655,24.739436619718308
21889,3284,176,3460,18.65909090909091
21892,451,121,572,3.727272727272727
21902,2417,145,2562,16.66896551724138
21904,2749,110,2859,24.99090909090909
21912,2830,205,3035,13.804878048780488
21916,1024,137,1161,7.474452554744525
21926,3428,176,3604,19.477272727272727
21931,1398,110,1508,12.709090909090907
21936,3056,552,3608,5.536231884057971
21947,3341,306,3647,10.918300653594772
21952,737,2622,3359,0.2810831426392067
21954,3266,131,3397,24.931297709923665
21955,1136,204,1340,5.568627450980392
21958,3869,105,3974,36.84761904761905
21959,2225,71,2296,31.338028169014084
21960,3708,168,3876,22.071428571428573
21982,1076,88,1164,12.227272727272728
21995,2498,123,2621,20.30894308943089
22002,3118,161,3279,19.366459627329192
22012,3971,122,4093,32.549180327868854
22014,2880,74,2954,38.91891891891892
22025,2707,220,2927,12.304545454545456
22028,3072,144,3216,21.33333333333333
22031,2933,436,3369,6.727064220183486
22032,3003,74,3077,40.58108108108108
22033,3248,439,3687,7.398633257403189
22040,1921,137,2058,14.021897810218976
22042,2951,445,3396,6.631460674157303
22044,3063,272,3335,11.261029411764708
22051,2559,148,2707,17.29054054054054
22053,2565,114,2679,22.5
22062,75,2350,2425,0.0319148936170212
22067,2656,136,2792,19.529411764705884
22068,3239,84,3323,38.55952380952381
22072,2877,116,2993,24.80172413793104
22080,255,1354,1609,0.1883308714918759
22084,1895,193,2088,9.818652849740932
22094,1322,76,1398,17.394736842105264
22112,2503,95,2598,26.347368421052632
22113,2656,166,2822,16.0
22120,1941,303,2244,6.405940594059406
22129,4024,40,4064,100.6
22135,643,1396,2039,0.4606017191977077
22138,3456,69,3525,50.08695652173913
22141,2086,336,2422,6.208333333333333
22154,1261,191,1452,6.602094240837697
22158,1771,125,1896,14.168
22170,1977,184,2161,10.744565217391305
22175,3356,134,3490,25.044776119402982
22191,889,67,956,13.26865671641791
22200,3107,232,3339,13.392241379310343
22205,3648,333,3981,10.954954954954957
22215,2856,101,2957,28.27722772277228
22223,1694,67,1761,25.28358208955224
22225,3571,169,3740,21.130177514792894
22239,2006,265,2271,7.569811320754717
22244,3935,116,4051,33.922413793103445
22258,3356,192,3548,17.479166666666668
22260,1787,41,1828,43.58536585365854
22261,3498,127,3625,27.54330708661417
22265,3691,313,4004,11.792332268370608
22272,3743,191,3934,19.596858638743456
22279,1191,83,1274,14.349397590361448
22291,3673,101,3774,36.366336633663366
22294,3321,110,3431,30.19090909090909
22295,2590,341,2931,7.595307917888563
22296,1264,202,1466,6.257425742574258
22297,3907,117,4024,33.39316239316239
22302,3714,225,3939,16.506666666666668
22313,58,3476,3534,0.0166858457997698
22314,499,535,1034,0.9327102803738316
22323,2101,94,2195,22.351063829787236
22326,3426,159,3585,21.547169811320757
22329,3209,76,3285,42.22368421052632
22333,1882,221,2103,8.515837104072398
22346,2906,222,3128,13.09009009009009
22349,2070,171,2241,12.105263157894736
22356,2714,229,2943,11.851528384279476
22357,3559,126,3685,28.246031746031747
22373,3321,212,3533,15.66509433962264
22386,1865,98,1963,19.03061224489796
22387,2609,236,2845,11.055084745762713
22391,2230,63,2293,35.3968253968254
22392,2607,289,2896,9.02076124567474
22393,1624,142,1766,11.43661971830986
22394,3281,263,3544,12.475285171102662
22399,3600,149,3749,24.161073825503355
22400,1221,2131,3352,0.5729704364148287
22414,3623,118,3741,30.703389830508478
22419,1991,179,2170,11.12290502793296
22427,2124,162,2286,13.11111111111111
22430,2104,187,2291,11.251336898395722
22437,426,3397,3823,0.1254047689137474
22438,1923,108,2031,17.805555555555557
22446,2024,144,2168,14.055555555555555
22448,2777,105,2882,26.44761904761905
22449,1340,234,1574,5.726495726495727
22454,2879,371,3250,7.7601078167115904
22456,2290,263,2553,8.70722433460076
22458,51,3843,3894,0.0132708821233411
22459,641,3305,3946,0.1939485627836611
22463,3052,193,3245,15.813471502590671
22468,3409,208,3617,16.389423076923077
22481,3399,275,3674,12.36
22482,2084,153,2237,13.620915032679738
22498,3878,155,4033,25.01935483870968
22499,1364,151,1515,9.033112582781458
22503,1106,105,1211,10.533333333333331
22510,1461,80,1541,18.2625
22524,2965,192,3157,15.442708333333334
22532,3012,166,3178,18.14457831325301
22537,1684,181,1865,9.303867403314918
22551,3415,299,3714,11.421404682274249
22552,3812,116,3928,32.86206896551724
22568,1325,113,1438,11.72566371681416
22569,2047,509,2556,4.0216110019646365
22570,2252,117,2369,19.247863247863247
22583,2091,140,2231,14.935714285714283
22588,3114,247,3361,12.607287449392713
22591,2460,122,2582,20.16393442622951
22592,3407,240,3647,14.195833333333333
22594,1647,129,1776,12.767441860465116
22604,1999,221,2220,9.04524886877828
22605,3558,231,3789,15.402597402597404
22607,3105,178,3283,17.4438202247191
22627,3503,305,3808,11.485245901639344
22629,3379,107,3486,31.57943925233645
22630,2419,365,2784,6.627397260273972
22631,363,3068,3431,0.1183181225554106
22645,2511,138,2649,18.195652173913043
22652,1805,87,1892,20.74712643678161
22654,1859,157,2016,11.840764331210192
22658,1954,96,2050,20.354166666666668
22664,501,71,572,7.056338028169014
22666,1984,1054,3038,1.8823529411764703
22682,3073,353,3426,8.705382436260622
22705,1779,137,1916,12.985401459854014
22740,1455,2599,4054,0.5598307041169681
22741,2408,271,2679,8.885608856088561
22747,2771,146,2917,18.97945205479452
22762,1615,208,1823,7.764423076923077
22764,3518,157,3675,22.40764331210191
22769,3837,251,4088,15.286852589641434
22770,2041,126,2167,16.1984126984127
22776,2514,224,2738,11.223214285714286
22777,2446,217,2663,11.271889400921658
22783,3506,256,3762,13.6953125
22787,1866,297,2163,6.282828282828283
22795,3812,189,4001,20.16931216931217
22796,3580,183,3763,19.562841530054644
22807,3169,154,3323,20.57792207792208
22812,3521,34,3555,103.55882352941175
22814,1104,72,1176,15.333333333333334
22822,2180,111,2291,19.63963963963964
22844,3489,329,3818,10.604863221884498
22846,3745,136,3881,27.53676470588235
22860,2370,100,2470,23.7
22869,2493,56,2549,44.517857142857146
22885,3255,233,3488,13.969957081545065
22887,3494,232,3726,15.060344827586206
22888,3564,216,3780,16.5
22893,3622,40,3662,90.55
22922,1415,321,1736,4.40809968847352
22923,3970,54,4024,73.51851851851852
22935,3449,57,3506,60.50877192982456
22939,3792,196,3988,19.346938775510203
22940,1511,113,1624,13.371681415929205
22945,3428,86,3514,39.86046511627907
22956,3348,389,3737,8.606683804627249
22964,859,3153,4012,0.2724389470345703
22972,2510,149,2659,16.845637583892618
22976,2311,51,2362,45.31372549019608
22979,2886,19,2905,151.89473684210526
22983,3310,113,3423,29.292035398230087
22987,3438,127,3565,27.070866141732285
22989,3175,163,3338,19.478527607361965
22991,212,2177,2389,0.097381717960496
22993,2241,140,2381,16.007142857142856
22997,359,199,558,1.8040201005025125
22998,1012,58,1070,17.448275862068964
23012,2117,143,2260,14.804195804195803
23014,3158,589,3747,5.361629881154499
23023,2516,75,2591,33.54666666666667
23030,3432,196,3628,17.510204081632654
23045,2694,117,2811,23.025641025641026
23053,3819,136,3955,28.080882352941178
23071,2437,213,2650,11.44131455399061
23077,1354,72,1426,18.80555555555556
23078,3108,772,3880,4.025906735751295
23085,3773,301,4074,12.534883720930232
23093,3416,74,3490,46.16216216216216
23101,1,2830,2831,0.0003533568904593
23110,1853,294,2147,6.302721088435374
23114,2094,419,2513,4.997613365155131
23116,2533,340,2873,7.45
23117,3992,68,4060,58.70588235294117
23121,1466,156,1622,9.397435897435898
23132,2604,274,2878,9.503649635036496
23137,2750,282,3032,9.75177304964539
23143,2118,175,2293,12.102857142857143
23148,3654,192,3846,19.03125
23149,1801,120,1921,15.008333333333333
23161,3006,148,3154,20.31081081081081
23168,878,381,1259,2.304461942257218
23169,2423,203,2626,11.935960591133004
23179,2784,290,3074,9.6
23180,3979,72,4051,55.263888888888886
23181,3175,77,3252,41.23376623376623
23182,3855,151,4006,25.52980132450331
23188,563,3275,3838,0.1719083969465648
23217,2499,236,2735,10.58898305084746
23227,2540,143,2683,17.762237762237763
23246,1931,140,2071,13.792857142857144
23248,3518,98,3616,35.89795918367347
23263,3105,596,3701,5.209731543624161
23265,1889,212,2101,8.910377358490566
23283,1972,84,2056,23.476190476190474
23293,244,2142,2386,0.1139122315592903
23294,2933,111,3044,26.423423423423426
23313,876,119,995,7.361344537815126
23325,1834,124,1958,14.790322580645162
23343,829,350,1179,2.3685714285714288
23350,2543,141,2684,18.0354609929078
23365,3299,173,3472,19.069364161849716
23367,3575,110,3685,32.5
23372,3675,195,3870,18.846153846153847
23376,2758,373,3131,7.394101876675603
23379,3582,182,3764,19.68131868131868
23383,2019,211,2230,9.56872037914692
23388,3669,90,3759,40.766666666666666
23412,3523,247,3770,14.263157894736842
23415,2984,145,3129,20.579310344827583
23418,3038,284,3322,10.69718309859155
23425,3724,104,3828,35.80769230769231
23426,3628,225,3853,16.124444444444446
23455,1089,264,1353,4.125
23461,3328,139,3467,23.942446043165468
23475,3452,331,3783,10.429003021148036
23476,2582,299,2881,8.635451505016722
23480,2483,100,2583,24.83
23485,3503,113,3616,31.0
23489,1066,201,1267,5.303482587064677
23490,3305,338,3643,9.77810650887574
23494,3043,70,3113,43.47142857142857
23510,2726,105,2831,25.96190476190476
23528,2070,79,2149,26.20253164556962
23547,2609,109,2718,23.93577981651376
23549,3600,295,3895,12.203389830508474
23558,3635,132,3767,27.53787878787879
23561,1891,285,2176,6.635087719298245
23566,3241,161,3402,20.130434782608692
23568,3121,421,3542,7.4133016627078385
23594,2527,131,2658,19.290076335877863
23602,1452,183,1635,7.934426229508197
23605,484,90,574,5.377777777777778
23612,3806,186,3992,20.462365591397848
23627,2650,57,2707,46.49122807017544
23631,3529,163,3692,21.650306748466257
23635,3721,123,3844,30.252032520325205
23636,2926,229,3155,12.777292576419214
23641,3843,113,3956,34.008849557522126
23659,2737,145,2882,18.87586206896552
23670,2291,377,2668,6.076923076923077
23671,583,177,760,3.2937853107344632
23680,3739,142,3881,26.33098591549296
23681,2742,672,3414,4.080357142857143
23687,2880,131,3011,21.98473282442748
23703,3353,151,3504,22.205298013245034
23708,3462,200,3662,17.31
23727,2019,164,2183,12.310975609756095
23728,1420,42,1462,33.80952380952381
23734,1406,138,1544,10.18840579710145
23742,3584,209,3793,17.148325358851675
23744,2942,207,3149,14.21256038647343
23749,2210,374,2584,5.909090909090909
23752,3605,306,3911,11.781045751633988
23770,3671,86,3757,42.68604651162791
23782,2721,475,3196,5.728421052631579
23785,59,2402,2461,0.0245628642797668
23791,2405,399,2804,6.027568922305765
23798,3286,132,3418,24.893939393939394
23799,1681,131,1812,12.83206106870229
23806,3709,195,3904,19.02051282051282
23814,1835,49,1884,37.44897959183673
23815,60,2771,2831,0.021652832912306
23826,1022,221,1243,4.624434389140271
23833,2955,155,3110,19.06451612903226
23848,2374,109,2483,21.779816513761467
23849,1872,103,1975,18.1747572815534
23856,3962,110,4072,36.018181818181816
23857,2240,611,2851,3.666121112929624
23862,2394,299,2693,8.006688963210703
23865,3241,227,3468,14.277533039647578
23874,1761,112,1873,15.723214285714286
23882,732,210,942,3.4857142857142858
23889,3496,104,3600,33.61538461538461
23920,3136,114,3250,27.50877192982456
23923,2181,60,2241,36.35
23926,2360,172,2532,13.72093023255814
23936,2578,133,2711,19.383458646616543
23945,1865,193,2058,9.66321243523316
23946,3225,94,3319,34.308510638297875
23956,3844,145,3989,26.51034482758621
23961,3754,133,3887,28.22556390977444
23979,3724,168,3892,22.166666666666668
23984,3097,95,3192,32.6
23987,3093,104,3197,29.740384615384617
23994,3300,384,3684,8.59375
24000,2691,128,2819,21.0234375
24003,2278,113,2391,20.15929203539823
24008,3621,173,3794,20.930635838150287
24016,3578,241,3819,14.846473029045644
24018,3784,50,3834,75.68
24019,3172,144,3316,22.02777777777778
24031,3790,120,3910,31.58333333333333
24039,2953,208,3161,14.197115384615383
24049,3817,266,4083,14.349624060150376
24058,2286,357,2643,6.403361344537816
24059,3621,105,3726,34.48571428571429
24066,3118,174,3292,17.919540229885058
24078,2379,76,2455,31.30263157894737
24079,1613,98,1711,16.459183673469386
24083,1251,142,1393,8.809859154929578
24086,3160,88,3248,35.90909090909091
24090,1571,191,1762,8.225130890052355
24098,2766,141,2907,19.617021276595743
24104,2244,293,2537,7.658703071672355
24109,3458,167,3625,20.706586826347305
24110,2817,195,3012,14.446153846153846
24119,1546,356,1902,4.342696629213483
24123,1,2291,2292,0.0004364906154517
24130,3164,259,3423,12.216216216216216
24135,3298,120,3418,27.48333333333333
24137,2109,142,2251,14.852112676056338
24142,2297,230,2527,9.986956521739131
24143,3223,71,3294,45.394366197183096
24146,1863,196,2059,9.505102040816327
24151,3615,174,3789,20.77586206896552
24156,3013,297,3310,10.144781144781144
24167,3924,91,4015,43.12087912087912
24171,3093,282,3375,10.96808510638298
24181,2471,598,3069,4.132107023411371
24184,2461,98,2559,25.112244897959183
24189,2197,83,2280,26.46987951807229
24195,2528,60,2588,42.13333333333333
24209,1409,472,1881,2.985169491525424
24212,2517,113,2630,22.27433628318584
24217,3266,264,3530,12.37121212121212
24227,3149,205,3354,15.360975609756098
24229,2013,179,2192,11.245810055865922
24239,3892,152,4044,25.605263157894736
24250,1555,112,1667,13.883928571428571
24251,2432,230,2662,10.57391304347826
24253,1459,697,2156,2.0932568149210904
24258,1931,251,2182,7.693227091633466
24264,2999,216,3215,13.88425925925926
24276,1596,310,1906,5.148387096774194
24277,2442,377,2819,6.477453580901857
24281,1703,99,1802,17.2020202020202
24283,2000,172,2172,11.627906976744184
24285,3947,147,4094,26.85034013605442
24286,2980,67,3047,44.47761194029851
24292,1223,168,1391,7.279761904761905
24301,1675,49,1724,34.18367346938776
24315,3911,117,4028,33.427350427350426
24328,2198,94,2292,23.382978723404257
24330,3015,181,3196,16.65745856353591
24334,3332,171,3503,19.485380116959064
24347,3936,100,4036,39.36
24348,3415,311,3726,10.980707395498392
24350,3601,80,3681,45.0125
24359,3758,115,3873,32.678260869565214
24362,1619,300,1919,5.3966666666666665
24374,2949,28,2977,105.32142857142856
24378,3497,122,3619,28.66393442622951
24382,3439,159,3598,21.628930817610065
24384,3748,155,3903,24.18064516129032
24385,3295,193,3488,17.072538860103627
24419,3215,201,3416,15.99502487562189
24425,852,88,940,9.681818181818182
24436,3691,210,3901,17.576190476190476
24442,3763,142,3905,26.5
24444,3261,368,3629,8.861413043478262
24447,3462,318,3780,10.88679245283019
24448,3669,155,3824,23.670967741935485
24449,3050,353,3403,8.640226628895185
24455,2610,194,2804,13.45360824742268
24457,758,83,841,9.132530120481928
24464,2424,215,2639,11.274418604651164
24472,3588,168,3756,21.357142857142858
24483,3864,216,4080,17.88888888888889
24485,1758,138,1896,12.73913043478261
24487,3221,36,3257,89.47222222222223
24490,1862,300,2162,6.206666666666667
24496,3696,132,3828,28.0
24502,3788,136,3924,27.852941176470587
24504,3423,86,3509,39.80232558139535
24511,498,3023,3521,0.1647370162090638
24531,2012,142,2154,14.169014084507042
24533,3606,231,3837,15.61038961038961
24538,700,193,893,3.626943005181347
24541,1723,55,1778,31.327272727272728
24542,2877,103,2980,27.932038834951456
24554,1785,75,1860,23.8
24563,459,1230,1689,0.373170731707317
24571,1683,73,1756,23.054794520547944
24580,1330,221,1551,6.018099547511312
24587,2260,147,2407,15.374149659863946
24599,1492,157,1649,9.503184713375797
24603,3215,320,3535,10.046875
24610,2255,175,2430,12.885714285714286
24611,1953,169,2122,11.55621301775148
24612,2797,58,2855,48.22413793103448
24614,3348,209,3557,16.019138755980862
24617,2770,225,2995,12.311111111111112
24625,3557,144,3701,24.70138888888889
24629,2911,149,3060,19.536912751677853
24634,1274,95,1369,13.410526315789474
24650,3712,207,3919,17.932367149758456
24655,2800,149,2949,18.79194630872483
24656,3115,370,3485,8.41891891891892
24664,2324,166,2490,14.0
24666,3489,335,3824,10.414925373134327
24670,3744,162,3906,23.11111111111111
24691,3277,150,3427,21.846666666666668
24709,2149,1161,3310,1.85099052540913
24713,2525,51,2576,49.50980392156863
24721,2732,167,2899,16.35928143712575
24724,3363,193,3556,17.424870466321245
24727,2868,248,3116,11.564516129032258
24747,1421,112,1533,12.6875
24748,1200,82,1282,14.634146341463415
24762,2829,241,3070,11.738589211618256
24763,1860,411,2271,4.525547445255475
24765,2955,140,3095,21.107142857142858
24781,2310,117,2427,19.743589743589745
24788,806,1992,2798,0.4046184738955823
24795,3065,351,3416,8.732193732193732
24809,3397,213,3610,15.948356807511738
24812,2825,89,2914,31.741573033707866
24814,2214,89,2303,24.876404494382022
24815,1924,146,2070,13.178082191780822
24824,2160,29,2189,74.48275862068965
24828,2715,348,3063,7.801724137931035
24836,2166,181,2347,11.966850828729282
24837,1792,431,2223,4.157772621809745
24839,3268,156,3424,20.94871794871795
24846,3425,186,3611,18.413978494623656
24865,2640,158,2798,16.70886075949367
24870,3427,205,3632,16.71707317073171
24888,3142,119,3261,26.403361344537814
24892,758,166,924,4.566265060240964
24906,1971,109,2080,18.08256880733945
24919,1731,140,1871,12.364285714285714
24920,1665,188,1853,8.856382978723405
24924,837,608,1445,1.3766447368421053
24925,1934,295,2229,6.555932203389831
24940,2618,154,2772,17.0
24942,3931,120,4051,32.75833333333333
24943,3517,155,3672,22.69032258064516
24947,3752,285,4037,13.164912280701754
24970,1661,163,1824,10.190184049079754
24972,3277,116,3393,28.25
24981,2808,145,2953,19.36551724137931
24982,3752,288,4040,13.02777777777778
24987,2136,127,2263,16.818897637795274
24997,1525,1181,2706,1.2912785774767146
25007,3451,146,3597,23.636986301369863
25008,3378,227,3605,14.881057268722468
25011,2645,145,2790,18.24137931034483
25013,1849,404,2253,4.576732673267327
25014,3769,117,3886,32.21367521367522
25041,1257,405,1662,3.103703703703704
25044,2265,193,2458,11.735751295336788
25047,3765,110,3875,34.22727272727273
25062,2333,235,2568,9.927659574468086
25063,3111,176,3287,17.676136363636363
25074,2723,232,2955,11.737068965517242
25078,3645,109,3754,33.440366972477065
25087,3243,280,3523,11.582142857142856
25088,2901,379,3280,7.654353562005277
25107,814,2758,3572,0.2951414068165337
25115,2198,116,2314,18.948275862068964
25120,3811,144,3955,26.46527777777778
25134,2416,151,2567,16.0
25148,1571,264,1835,5.950757575757576
25157,2033,272,2305,7.474264705882353
25165,3971,121,4092,32.81818181818182
25168,34,1726,1760,0.0196987253765932
25179,3313,135,3448,24.54074074074074
25181,3248,275,3523,11.81090909090909
25188,648,2665,3313,0.2431519699812382
25190,1964,90,2054,21.822222222222223
25233,2691,127,2818,21.18897637795276
25234,3672,63,3735,58.285714285714285
25242,3198,186,3384,17.193548387096776
25255,2849,158,3007,18.03164556962025
25259,3136,102,3238,30.745098039215687
25260,995,124,1119,8.024193548387096
25289,2328,118,2446,19.728813559322035
25293,2439,254,2693,9.60236220472441
25299,3497,165,3662,21.193939393939395
25301,2087,87,2174,23.988505747126435
25304,1721,259,1980,6.644787644787645
25306,1722,329,2051,5.23404255319149
25314,1405,393,1798,3.5750636132315523
25316,2852,92,2944,31.0
25328,2613,276,2889,9.467391304347826
25331,1307,165,1472,7.921212121212121
25336,2779,117,2896,23.752136752136757
25339,3193,179,3372,17.837988826815643
25347,3457,81,3538,42.67901234567901
25350,2040,265,2305,7.69811320754717
25354,2962,92,3054,32.19565217391305
25355,2268,147,2415,15.428571428571429
25360,3298,322,3620,10.24223602484472
25392,3311,162,3473,20.438271604938272
25395,2162,162,2324,13.34567901234568
25396,2251,194,2445,11.603092783505154
25398,1982,209,2191,9.483253588516746
25409,3385,114,3499,29.69298245614035
25412,2403,120,2523,20.025
25413,3024,179,3203,16.893854748603353
25428,2210,90,2300,24.55555555555556
25435,3035,163,3198,18.61963190184049
25461,3747,119,3866,31.48739495798319
25468,2782,481,3263,5.783783783783784
25471,2874,396,3270,7.257575757575758
25472,3578,95,3673,37.66315789473684
25474,1627,121,1748,13.446280991735538
25485,3446,207,3653,16.647342995169083
25486,1859,97,1956,19.164948453608247
25511,745,2983,3728,0.2497485752598055
25528,1083,168,1251,6.446428571428571
25540,114,3482,3596,0.0327398047099368
25542,3845,219,4064,17.557077625570777
25543,3886,86,3972,45.18604651162791
25545,1369,236,1605,5.800847457627119
25550,1319,159,1478,8.29559748427673
25555,2573,91,2664,28.274725274725277
25560,3200,427,3627,7.494145199063232
25561,2630,252,2882,10.436507936507937
25584,3153,69,3222,45.69565217391305
25586,3844,127,3971,30.26771653543307
25588,2418,673,3091,3.5928677563150075
25601,3307,154,3461,21.47402597402597
25605,3347,212,3559,15.787735849056604
25617,1829,172,2001,10.633720930232558
25628,431,3337,3768,0.1291579262810908
25632,3412,125,3537,27.296
25633,2105,181,2286,11.629834254143647
25640,2044,164,2208,12.46341463414634
25641,467,150,617,3.1133333333333333
25650,3836,174,4010,22.04597701149425
25655,2552,107,2659,23.850467289719628
25667,1412,156,1568,9.051282051282053
25672,3300,187,3487,17.647058823529413
25677,3519,271,3790,12.985239852398523
25678,3922,108,4030,36.31481481481482
25686,1791,213,2004,8.408450704225352
25693,2733,156,2889,17.51923076923077
25695,1586,250,1836,6.344
25703,2414,124,2538,19.467741935483872
25704,1330,147,1477,9.047619047619047
25713,3065,177,3242,17.316384180790962
25721,3148,500,3648,6.296
25726,2818,451,3269,6.248337028824833
25747,2477,225,2702,11.008888888888889
25749,2347,214,2561,10.967289719626168
25753,2125,269,2394,7.899628252788104
25770,3872,159,4031,24.35220125786164
25786,2064,62,2126,33.29032258064516
25807,3099,167,3266,18.55688622754491
25808,2240,75,2315,29.866666666666667
25812,3259,107,3366,30.457943925233646
25827,3076,178,3254,17.280898876404493
25829,1269,625,1894,2.0304
25835,2849,159,3008,17.91823899371069
25840,3161,106,3267,29.82075471698113
25863,2206,203,2409,10.866995073891626
25873,1270,476,1746,2.668067226890756
25874,3517,215,3732,16.358139534883723
25878,2367,126,2493,18.785714285714285
25889,1316,266,1582,4.947368421052632
25893,2850,190,3040,15.0
25896,2875,116,2991,24.78448275862069
25904,1819,946,2765,1.922832980972516
25910,1985,67,2052,29.62686567164179
25911,2950,226,3176,13.053097345132745
25920,296,174,470,1.7011494252873562
25922,2608,145,2753,17.986206896551725
25928,2025,185,2210,10.945945945945946
25932,3595,138,3733,26.05072463768116
25934,1607,221,1828,7.271493212669683
25945,979,129,1108,7.589147286821706
25946,3516,293,3809,12.0
25956,2097,226,2323,9.278761061946902
25957,1901,108,2009,17.60185185185185
25962,2576,245,2821,10.514285714285714
25966,3569,478,4047,7.46652719665272
25969,2794,238,3032,11.739495798319329
25980,856,2376,3232,0.3602693602693603
25993,3570,174,3744,20.517241379310345
25995,2438,345,2783,7.066666666666666
26012,3509,216,3725,16.24537037037037
26014,3099,182,3281,17.02747252747253
26020,3681,330,4011,11.154545454545454
26023,2369,187,2556,12.668449197860962
26025,3208,202,3410,15.88118811881188
26031,2534,86,2620,29.46511627906977
26033,933,179,1112,5.212290502793296
26050,2406,232,2638,10.370689655172416
26064,3254,217,3471,14.995391705069125
26065,1810,135,1945,13.407407407407408
26069,2422,316,2738,7.664556962025316
26076,2560,306,2866,8.366013071895425
26079,2815,236,3051,11.927966101694915
26081,3411,192,3603,17.765625
26092,2411,74,2485,32.58108108108108
26100,3828,193,4021,19.83419689119171
26102,1636,272,1908,6.014705882352941
26104,2747,82,2829,33.5
26110,1829,147,1976,12.4421768707483
26111,3582,300,3882,11.94
26112,3952,142,4094,27.83098591549296
26113,3553,123,3676,28.88617886178862
26119,405,572,977,0.708041958041958
26129,3870,190,4060,20.36842105263158
26159,2437,234,2671,10.414529914529917
26165,3174,144,3318,22.041666666666668
26177,2252,167,2419,13.48502994011976
26182,3146,93,3239,33.82795698924731
26189,1680,233,1913,7.210300429184549
26197,3289,163,3452,20.177914110429448
26198,3524,169,3693,20.85207100591716
26202,3019,92,3111,32.81521739130435
26209,2857,334,3191,8.553892215568862
26213,3669,347,4016,10.573487031700289
26236,3834,88,3922,43.56818181818182
26237,3413,481,3894,7.095634095634096
26246,672,520,1192,1.2923076923076924
26248,2636,247,2883,10.672064777327936
26258,2428,227,2655,10.69603524229075
26271,1100,83,1183,13.25301204819277
26277,1610,172,1782,9.36046511627907
26290,1844,288,2132,6.402777777777778
26291,3725,104,3829,35.81730769230769
26314,2962,157,3119,18.86624203821656
26322,2157,482,2639,4.475103734439834
26323,2677,88,2765,30.420454545454547
26339,2283,142,2425,16.077464788732396
26348,3096,266,3362,11.6390977443609
26349,2878,232,3110,12.405172413793103
26354,2624,146,2770,17.972602739726028
26361,3312,89,3401,37.21348314606742
26363,662,152,814,4.355263157894737
26377,2568,109,2677,23.55963302752293
26384,887,207,1094,4.285024154589372
26385,3282,158,3440,20.772151898734176
26401,3023,213,3236,14.192488262910798
26402,1748,148,1896,11.81081081081081
26421,3048,216,3264,14.11111111111111
26431,1114,125,1239,8.912
26444,1894,118,2012,16.050847457627118
26446,2140,129,2269,16.589147286821706
26459,2537,101,2638,25.11881188118812
26468,1932,238,2170,8.117647058823529
26481,1749,172,1921,10.168604651162791
26487,3294,270,3564,12.2
26488,3027,172,3199,17.598837209302324
26524,3740,113,3853,33.097345132743364
26526,3619,64,3683,56.546875
26536,2135,159,2294,13.427672955974844
26538,2576,114,2690,22.59649122807017
26539,2867,267,3134,10.737827715355806
26546,2572,221,2793,11.638009049773755
26548,3562,118,3680,30.1864406779661
26550,3565,111,3676,32.11711711711712
26560,2457,257,2714,9.560311284046692
26564,3218,221,3439,14.56108597285068
26567,2907,165,3072,17.618181818181817
26574,3327,167,3494,19.922155688622755
26576,2341,222,2563,10.545045045045043
26577,89,192,281,0.4635416666666667
26584,3771,129,3900,29.232558139534884
26592,1382,127,1509,10.881889763779528
26613,3002,204,3206,14.715686274509803
26615,1507,121,1628,12.454545454545457
26619,438,216,654,2.0277777777777777
26623,2633,254,2887,10.366141732283465
26630,3510,339,3849,10.353982300884956
26646,3554,107,3661,33.21495327102804
26651,3798,103,3901,36.87378640776699
26654,1913,122,2035,15.68032786885246
26655,546,46,592,11.869565217391305
26662,2217,281,2498,7.889679715302491
26666,3088,238,3326,12.974789915966388
26673,493,1697,2190,0.2905126694166176
26684,3192,503,3695,6.345924453280318
26703,2983,163,3146,18.30061349693252
26708,3818,180,3998,21.211111111111112
26713,2847,302,3149,9.427152317880797
26718,1921,74,1995,25.95945945945946
26720,2165,216,2381,10.023148148148149
26724,1544,136,1680,11.352941176470589
26735,3302,262,3564,12.603053435114504
26736,3380,90,3470,37.55555555555556
26741,2009,192,2201,10.463541666666666
26748,3672,283,3955,12.975265017667844
26753,2540,227,2767,11.189427312775331
26760,3425,212,3637,16.15566037735849
26787,1389,76,1465,18.276315789473685
26796,1239,85,1324,14.576470588235294
26798,2185,179,2364,12.206703910614523
26799,1582,2190,3772,0.7223744292237443
26802,3203,57,3260,56.19298245614035
26805,1030,151,1181,6.821192052980132
26813,134,3683,3817,0.0363833831115938
26820,3541,118,3659,30.008474576271187
26824,3525,157,3682,22.452229299363054
26847,3027,91,3118,33.26373626373626
26850,3045,201,3246,15.149253731343284
26851,2665,103,2768,25.87378640776699
26853,3726,207,3933,18.0
26856,3697,193,3890,19.155440414507773
26878,561,308,869,1.8214285714285716
26916,3928,146,4074,26.90410958904109
26917,3142,61,3203,51.50819672131148
26923,3637,205,3842,17.741463414634147
26931,2204,134,2338,16.44776119402985
26957,2242,205,2447,10.93658536585366
26960,1876,122,1998,15.37704918032787
26961,3484,211,3695,16.511848341232227
26968,207,3581,3788,0.0578050823792236
26975,3240,152,3392,21.31578947368421
26980,3456,148,3604,23.35135135135135
26981,3953,125,4078,31.624
26996,3321,322,3643,10.313664596273291
26997,3902,107,4009,36.467289719626166
27002,1461,200,1661,7.305
27003,3109,272,3381,11.430147058823527
27004,3260,270,3530,12.074074074074074
27006,3661,165,3826,22.187878787878788
27008,1790,217,2007,8.248847926267281
27033,1867,103,1970,18.12621359223301
27046,1862,118,1980,15.779661016949152
27048,3989,89,4078,44.82022471910113
27049,2100,243,2343,8.641975308641975
27056,2320,171,2491,13.567251461988304
27070,2050,179,2229,11.452513966480447
27091,1799,92,1891,19.55434782608696
27129,3133,214,3347,14.64018691588785
27139,2412,60,2472,40.2
27142,1728,117,1845,14.76923076923077
27151,124,2065,2189,0.060048426150121
27161,3176,149,3325,21.315436241610737
27174,1610,315,1925,5.111111111111111
27178,2365,149,2514,15.87248322147651
27196,2722,82,2804,33.19512195121951
27198,3808,277,4085,13.747292418772563
27206,2549,205,2754,12.434146341463414
27211,2459,210,2669,11.709523809523809
27216,3300,241,3541,13.692946058091286
27233,2147,75,2222,28.626666666666665
27240,2824,122,2946,23.14754098360656
27252,1856,168,2024,11.047619047619047
27253,3619,198,3817,18.27777777777778
27254,1524,489,2013,3.1165644171779143
27266,2842,50,2892,56.84
27273,2465,128,2593,19.2578125
27283,1656,186,1842,8.903225806451612
27287,2104,167,2271,12.598802395209582
27299,1448,325,1773,4.455384615384616
27308,3266,112,3378,29.160714285714285
27312,3686,102,3788,36.13725490196079
27319,1506,88,1594,17.113636363636363
27323,1820,212,2032,8.584905660377359
27343,3125,185,3310,16.89189189189189
27356,2579,104,2683,24.798076923076923
27363,3773,270,4043,13.974074074074077
27374,3211,147,3358,21.843537414965983
27380,3662,135,3797,27.125925925925927
27384,3845,218,4063,17.637614678899084
27385,2319,365,2684,6.353424657534247
27409,2859,167,3026,17.119760479041915
27411,2403,75,2478,32.04
27422,1358,105,1463,12.933333333333334
27423,3411,167,3578,20.4251497005988
27432,3213,143,3356,22.46853146853147
27446,653,2447,3100,0.2668573763792399
27449,1553,187,1740,8.304812834224599
27454,519,2045,2564,0.2537897310513447
27466,632,2783,3415,0.227093065037729
27487,1788,139,1927,12.863309352517986
27539,1295,154,1449,8.409090909090908
27552,2596,179,2775,14.502793296089385
27563,1494,138,1632,10.826086956521738
27565,1562,134,1696,11.656716417910449
27569,3680,100,3780,36.8
27570,1102,2765,3867,0.3985533453887884
27572,2862,272,3134,10.522058823529411
27577,306,92,398,3.3260869565217392
27583,3380,137,3517,24.67153284671533
27598,1896,138,2034,13.73913043478261
27600,3211,285,3496,11.266666666666667
27606,2640,192,2832,13.75
27613,3359,103,3462,32.61165048543689
27617,1759,75,1834,23.453333333333333
27620,3555,223,3778,15.94170403587444
27630,2480,98,2578,25.306122448979597
27637,3049,71,3120,42.94366197183098
27638,2509,142,2651,17.669014084507044
27640,1329,336,1665,3.955357142857143
27655,3165,143,3308,22.132867132867133
27658,2718,125,2843,21.744
27659,3219,139,3358,23.158273381294965
27666,3954,29,3983,136.3448275862069
27680,1869,91,1960,20.53846153846154
27687,3503,152,3655,23.04605263157895
27698,2248,90,2338,24.977777777777774
27703,3049,187,3236,16.3048128342246
27708,2382,98,2480,24.306122448979597
27710,2256,135,2391,16.711111111111112
27714,2641,308,2949,8.574675324675324
27721,3613,217,3830,16.649769585253456
27725,1797,111,1908,16.18918918918919
27733,3837,255,4092,15.047058823529412
27744,3418,239,3657,14.301255230125523
27747,2551,369,2920,6.913279132791328
27754,3369,201,3570,16.761194029850746
27757,2757,114,2871,24.18421052631579
27768,2383,165,2548,14.442424242424243
27781,3338,140,3478,23.84285714285714
27799,1660,505,2165,3.287128712871287
27819,2917,213,3130,13.694835680751174
27832,3283,84,3367,39.083333333333336
27835,3854,97,3951,39.7319587628866
27838,3078,295,3373,10.433898305084746
27852,2435,68,2503,35.80882352941177
27856,3032,176,3208,17.227272727272727
27859,1793,98,1891,18.29591836734694
27864,2955,736,3691,4.014945652173913
27883,3950,64,4014,61.71875
27884,2831,127,2958,22.291338582677167
27891,1351,159,1510,8.49685534591195
27892,3895,162,4057,24.04320987654321
27897,3263,70,3333,46.614285714285714
27900,999,310,1309,3.2225806451612904
27905,3490,123,3613,28.3739837398374
27908,3886,73,3959,53.23287671232877
27911,3014,141,3155,21.375886524822697
27919,2109,140,2249,15.064285714285717
27920,2160,81,2241,26.666666666666668
27929,53,3073,3126,0.0172469899121379
27932,2537,201,2738,12.621890547263682
27936,646,2173,2819,0.2972848596410492
27942,2140,56,2196,38.21428571428572
27946,3443,96,3539,35.864583333333336
27956,710,164,874,4.329268292682927
27980,3732,184,3916,20.282608695652176
27983,3375,105,3480,32.142857142857146
27994,1482,227,1709,6.52863436123348
28002,3411,219,3630,15.575342465753424
28014,2375,50,2425,47.5
28025,3734,215,3949,17.367441860465117
28033,2518,128,2646,19.671875
28046,2595,397,2992,6.536523929471032
28047,3030,208,3238,14.567307692307692
28049,3633,180,3813,20.183333333333334
28052,452,104,556,4.346153846153846
28063,2180,66,2246,33.03030303030303
28064,3725,331,4056,11.253776435045316
28065,2692,35,2727,76.91428571428571
28070,3221,58,3279,55.53448275862069
28085,3124,702,3826,4.45014245014245
28099,456,214,670,2.130841121495327
28109,3483,124,3607,28.08870967741936
28120,1794,41,1835,43.75609756097561
28121,3587,116,3703,30.92241379310345
28122,3164,128,3292,24.71875
28123,2212,61,2273,36.26229508196721
28130,596,3058,3654,0.1948986265533028
28149,3729,78,3807,47.80769230769231
28160,3226,152,3378,21.223684210526315
28161,2866,175,3041,16.377142857142857
28163,3451,126,3577,27.38888888888889
28166,3404,177,3581,19.231638418079097
28180,2665,290,2955,9.189655172413794
28188,1530,215,1745,7.116279069767442
28192,2865,180,3045,15.916666666666666
28199,2833,156,2989,18.16025641025641
28216,2522,188,2710,13.414893617021276
28219,2928,339,3267,8.63716814159292
28233,1654,346,2000,4.780346820809249
28234,2074,123,2197,16.86178861788618
28252,2904,169,3073,17.183431952662723
28273,3238,74,3312,43.75675675675676
28277,2949,162,3111,18.203703703703702
28288,1333,197,1530,6.766497461928934
28295,1263,77,1340,16.4025974025974
28309,1832,69,1901,26.55072463768116
28312,2961,261,3222,11.344827586206897
28318,2067,143,2210,14.454545454545457
28327,385,2775,3160,0.1387387387387387
28332,1864,55,1919,33.89090909090909
28337,2864,215,3079,13.32093023255814
28339,2660,127,2787,20.944881889763774
28367,3883,75,3958,51.77333333333333
28368,3844,192,4036,20.02083333333333
28374,2537,99,2636,25.626262626262623
28379,3539,143,3682,24.748251748251747
28381,1359,211,1570,6.440758293838862
28388,2450,134,2584,18.28358208955224
28398,2941,110,3051,26.73636363636364
28439,3510,237,3747,14.810126582278482
28440,2111,101,2212,20.900990099009903
28444,3092,196,3288,15.775510204081632
28445,1570,239,1809,6.569037656903766
28451,927,2402,3329,0.3859283930058285
28452,2047,75,2122,27.293333333333333
28456,349,1195,1544,0.2920502092050209
28460,1500,80,1580,18.75
28462,2412,710,3122,3.397183098591549
28465,3146,115,3261,27.35652173913044
28482,2813,251,3064,11.207171314741036
28485,3346,30,3376,111.53333333333332
28487,2684,113,2797,23.75221238938053
28505,3080,50,3130,61.6
28512,3742,129,3871,29.00775193798449
28517,3507,144,3651,24.354166666666668
28519,3772,76,3848,49.63157894736842
28523,3039,292,3331,10.407534246575343
28532,3469,179,3648,19.379888268156424
28533,1919,147,2066,13.054421768707485
28534,3611,129,3740,27.992248062015506
28538,2378,218,2596,10.908256880733944
28539,2113,182,2295,11.60989010989011
28545,3667,142,3809,25.823943661971832
28546,2666,195,2861,13.671794871794871
28548,3484,276,3760,12.623188405797102
28550,24,3721,3745,0.0064498790647675
28551,3283,292,3575,11.243150684931509
28555,3902,186,4088,20.978494623655912
28557,2594,317,2911,8.182965299684543
28560,1054,86,1140,12.255813953488373
28576,2487,163,2650,15.25766871165644
28582,3439,139,3578,24.74100719424461
28583,3409,159,3568,21.440251572327043
28603,2855,94,2949,30.372340425531917
28607,2688,265,2953,10.143396226415094
28615,2740,210,2950,13.047619047619047
28627,3548,249,3797,14.248995983935744
28643,3979,96,4075,41.44791666666666
28644,2393,268,2661,8.92910447761194
28653,3444,90,3534,38.266666666666666
28665,3092,148,3240,20.89189189189189
28671,3251,119,3370,27.31932773109244
28672,3461,113,3574,30.6283185840708
28675,2891,125,3016,23.128
28680,3588,63,3651,56.95238095238095
28683,2872,142,3014,20.225352112676056
28689,1070,118,1188,9.067796610169491
28693,3009,73,3082,41.21917808219178
28700,2307,241,2548,9.572614107883815
28703,2749,185,2934,14.85945945945946
28707,3036,68,3104,44.64705882352941
28708,3821,125,3946,30.568
28711,3444,142,3586,24.253521126760564
28716,3618,169,3787,21.40828402366864
28725,1109,197,1306,5.629441624365482
28726,2301,101,2402,22.782178217821784
28730,2629,239,2868,11.0
28754,3827,223,4050,17.161434977578477
28762,3777,132,3909,28.613636363636363
28764,2375,146,2521,16.267123287671232
28765,3007,344,3351,8.741279069767442
28768,3723,328,4051,11.350609756097562
28771,1859,131,1990,14.19083969465649
28791,1962,214,2176,9.16822429906542
28799,2703,158,2861,17.10759493670886
28813,3265,198,3463,16.48989898989899
28823,1879,373,2252,5.037533512064343
28826,1800,39,1839,46.15384615384615
28832,2962,209,3171,14.17224880382775
28842,2881,227,3108,12.691629955947135
28855,3388,220,3608,15.4
28861,1127,203,1330,5.551724137931035
28881,2392,97,2489,24.65979381443299
28891,3847,243,4090,15.831275720164609
28893,2836,544,3380,5.213235294117647
28903,2324,127,2451,18.2992125984252
28904,3876,56,3932,69.21428571428571
28906,3365,227,3592,14.823788546255509
28918,2916,424,3340,6.877358490566038
28920,3864,213,4077,18.140845070422536
28950,3541,525,4066,6.744761904761905
28954,1433,61,1494,23.49180327868853
28957,3746,140,3886,26.757142857142856
28976,495,233,728,2.124463519313305
28977,2189,119,2308,18.39495798319328
28990,3030,181,3211,16.740331491712706
28998,1628,466,2094,3.4935622317596566
29003,3741,163,3904,22.950920245398773
29006,3343,114,3457,29.32456140350877
29009,2774,39,2813,71.12820512820512
29012,3446,250,3696,13.784
29013,1490,196,1686,7.60204081632653
29017,3818,121,3939,31.553719008264466
29030,311,1135,1446,0.2740088105726872
29032,3877,125,4002,31.016
29051,2307,79,2386,29.20253164556962
29063,2895,163,3058,17.76073619631902
29068,1720,298,2018,5.771812080536913
29069,2157,129,2286,16.72093023255814
29074,3082,264,3346,11.674242424242424
29076,1709,71,1780,24.070422535211268
29079,1804,237,2041,7.6118143459915615
29087,3336,549,3885,6.076502732240437
29099,1471,164,1635,8.96951219512195
29105,2859,188,3047,15.20744680851064
29112,2770,88,2858,31.477272727272727
29125,3517,427,3944,8.236533957845433
29130,2999,151,3150,19.86092715231788
29131,3232,83,3315,38.93975903614458
29146,2860,116,2976,24.655172413793103
29151,1821,103,1924,17.679611650485437
29155,1494,241,1735,6.199170124481328
29163,1580,100,1680,15.8
29168,848,36,884,23.55555555555556
29190,2678,162,2840,16.530864197530864
29193,1195,206,1401,5.800970873786408
29202,3428,199,3627,17.22613065326633
29205,1752,283,2035,6.190812720848056
29207,3093,87,3180,35.55172413793103
29214,3576,301,3877,11.880398671096346
29219,3383,204,3587,16.583333333333332
29226,839,293,1132,2.863481228668942
29241,254,2392,2646,0.1061872909698996
29255,1305,139,1444,9.388489208633093
29257,3539,127,3666,27.866141732283463
29258,3016,228,3244,13.228070175438596
29263,3274,251,3525,13.04382470119522
29266,264,1545,1809,0.170873786407767
29276,2347,119,2466,19.722689075630253
29280,3003,218,3221,13.775229357798166
29294,3848,147,3995,26.17687074829932
29302,3808,281,4089,13.551601423487543
29303,3828,221,4049,17.32126696832579
29310,1871,672,2543,2.7842261904761907
29311,3853,187,4040,20.60427807486631
29312,3607,149,3756,24.20805369127517
29321,3760,101,3861,37.227722772277225
29325,2144,70,2214,30.62857142857143
29328,1591,158,1749,10.069620253164556
29337,1869,147,2016,12.714285714285714
29343,3959,84,4043,47.13095238095238
29365,3280,182,3462,18.021978021978025
29367,2623,110,2733,23.845454545454544
29387,3908,128,4036,30.53125
29390,3464,70,3534,49.48571428571429
29391,2392,353,2745,6.776203966005665
29414,3743,140,3883,26.735714285714284
29418,3144,126,3270,24.952380952380956
29420,1701,124,1825,13.71774193548387
29421,2682,125,2807,21.456
29427,3354,336,3690,9.982142857142858
29436,2356,117,2473,20.136752136752136
29451,3594,107,3701,33.58878504672897
29452,3168,316,3484,10.025316455696204
29456,2635,91,2726,28.95604395604396
29457,2162,244,2406,8.860655737704919
29465,3911,151,4062,25.90066225165563
29474,2349,125,2474,18.792
29476,1581,184,1765,8.592391304347826
29481,3458,205,3663,16.86829268292683
29492,3377,162,3539,20.84567901234568
29512,2645,115,2760,23.0
29520,1621,408,2029,3.9730392156862746
29522,2393,116,2509,20.629310344827587
29526,1956,113,2069,17.309734513274336
29529,3508,350,3858,10.022857142857143
29530,3649,249,3898,14.654618473895582
29533,1048,127,1175,8.251968503937007
29545,2632,190,2822,13.852631578947369
29549,3141,134,3275,23.44029850746269
29573,2744,197,2941,13.928934010152284
29588,1227,151,1378,8.125827814569536
29598,2337,273,2610,8.56043956043956
29600,1685,118,1803,14.279661016949152
29610,2323,287,2610,8.094076655052264
29613,1550,190,1740,8.157894736842104
29624,2848,83,2931,34.31325301204819
29630,3663,80,3743,45.7875
29641,1618,175,1793,9.245714285714286
29643,1797,199,1996,9.030150753768844
29644,3572,92,3664,38.82608695652174
29648,3578,250,3828,14.312
29649,1887,495,2382,3.812121212121212
29652,35,3501,3536,0.0099971436732362
29654,2605,211,2816,12.345971563981042
29657,1137,266,1403,4.274436090225564
29658,2866,150,3016,19.106666666666666
29663,3299,212,3511,15.56132075471698
29664,1807,136,1943,13.286764705882351
29673,2457,196,2653,12.535714285714286
29683,2150,72,2222,29.86111111111111
29691,1610,210,1820,7.666666666666667
29696,60,2707,2767,0.0221647580347247
29704,1672,252,1924,6.634920634920635
29705,3484,229,3713,15.213973799126638
29711,3068,96,3164,31.95833333333333
29725,2131,168,2299,12.68452380952381
29745,2834,336,3170,8.43452380952381
29758,2561,127,2688,20.165354330708663
29760,909,185,1094,4.9135135135135135
29764,2435,86,2521,28.313953488372093
29772,2818,305,3123,9.239344262295084
29773,1634,490,2124,3.3346938775510204
29779,1779,288,2067,6.177083333333333
29786,3975,119,4094,33.403361344537814
29798,3557,125,3682,28.456
29799,2910,264,3174,11.022727272727272
29801,3351,183,3534,18.311475409836067
29816,2707,141,2848,19.19858156028369
29818,3344,201,3545,16.63681592039801
29821,3174,172,3346,18.453488372093023
29822,1987,494,2481,4.022267206477733
29826,3243,266,3509,12.191729323308271
29833,2460,147,2607,16.73469387755102
29838,2031,154,2185,13.188311688311687
29851,1317,252,1569,5.226190476190476
29853,2208,265,2473,8.332075471698113
29857,3771,183,3954,20.60655737704918
29858,862,2934,3796,0.2937968643490116
29873,1832,69,1901,26.55072463768116
29911,2555,209,2764,12.22488038277512
29912,1175,71,1246,16.549295774647888
29916,2688,59,2747,45.559322033898304
29927,756,92,848,8.217391304347826
29943,2758,263,3021,10.486692015209126
29952,2975,359,3334,8.286908077994429
29953,3348,204,3552,16.41176470588235
29978,1490,105,1595,14.19047619047619
29986,1879,108,1987,17.39814814814815
29994,2390,1034,3424,2.3114119922630563
29997,3663,222,3885,16.5
30004,37,2172,2209,0.0170349907918968
30007,2573,93,2666,27.666666666666668
30010,3218,272,3490,11.830882352941176
30012,3566,117,3683,30.47863247863248
30023,2513,181,2694,13.883977900552486
30036,3114,141,3255,22.08510638297872
30043,3002,93,3095,32.27956989247312
30055,3211,214,3425,15.004672897196262
30059,3415,62,3477,55.08064516129032
30085,501,2315,2816,0.216414686825054
30088,1694,242,1936,7.0
30093,1815,386,2201,4.702072538860104
30097,3782,256,4038,14.7734375
30109,3157,110,3267,28.7
30113,1809,329,2138,5.498480243161095
30114,2696,109,2805,24.73394495412844
30121,3477,275,3752,12.643636363636364
30123,3522,125,3647,28.176
30141,2479,253,2732,9.798418972332016
30142,3201,110,3311,29.1
30158,3287,379,3666,8.672823218997362
30163,3394,237,3631,14.320675105485233
30176,3300,141,3441,23.404255319148938
30188,4009,87,4096,46.08045977011494
30194,1195,501,1696,2.385229540918164
30198,1275,321,1596,3.97196261682243
30200,3090,138,3228,22.39130434782609
30207,2907,145,3052,20.04827586206897
30212,1326,125,1451,10.608
30215,2186,110,2296,19.87272727272727
30242,3697,172,3869,21.49418604651163
30243,2802,192,2994,14.59375
30273,2819,245,3064,11.506122448979593
30286,3100,289,3389,10.726643598615915
30293,1968,311,2279,6.327974276527331
30304,2511,93,2604,27.0
30306,3886,138,4024,28.159420289855078
30310,224,3085,3309,0.0726094003241491
30314,2607,155,2762,16.81935483870968
30324,2205,89,2294,24.775280898876403
30329,2539,173,2712,14.676300578034684
30330,3548,68,3616,52.1764705882353
30338,802,3105,3907,0.25829307568438
30339,2916,141,3057,20.680851063829788
30340,1833,150,1983,12.22
30344,1900,143,2043,13.286713286713288
30351,3502,283,3785,12.374558303886928
30352,2922,336,3258,8.696428571428571
30366,3520,142,3662,24.7887323943662
30369,3576,128,3704,27.9375
30394,1429,132,1561,10.825757575757576
30396,3352,68,3420,49.294117647058826
30397,1554,810,2364,1.9185185185185183
30402,2736,82,2818,33.36585365853659
30403,2252,200,2452,11.26
30410,1343,92,1435,14.597826086956522
30413,3504,98,3602,35.755102040816325
30414,1003,2569,3572,0.3904242896068509
30417,2767,101,2868,27.3960396039604
30421,3616,107,3723,33.794392523364486
30422,2837,111,2948,25.55855855855856
30436,273,3093,3366,0.0882638215324927
30454,4029,60,4089,67.15
30459,1912,254,2166,7.52755905511811
30465,3819,151,3970,25.29139072847682
30479,1349,170,1519,7.935294117647059
30486,3236,613,3849,5.278955954323002
30487,1193,799,1992,1.493116395494368
30509,2740,233,2973,11.759656652360515
30516,3053,140,3193,21.807142857142857
30517,643,70,713,9.185714285714283
30518,3397,403,3800,8.429280397022332
30525,2257,198,2455,11.3989898989899
30529,3517,142,3659,24.767605633802816
30534,3625,146,3771,24.828767123287676
30538,3677,208,3885,17.677884615384617
30542,2965,400,3365,7.4125
30554,3155,97,3252,32.52577319587629
30565,3757,111,3868,33.846846846846844
30576,1704,185,1889,9.21081081081081
30577,2786,135,2921,20.63703703703704
30590,2911,146,3057,19.938356164383563
30599,2527,188,2715,13.441489361702128
30603,3534,172,3706,20.546511627906977
30616,2825,256,3081,11.03515625
30618,2677,123,2800,21.764227642276424
30629,3374,62,3436,54.41935483870968
30630,3661,200,3861,18.305
30668,1230,371,1601,3.315363881401617
30670,2482,139,2621,17.85611510791367
30679,2149,155,2304,13.86451612903226
30691,1774,239,2013,7.422594142259414
30697,151,2894,3045,0.0521769177608845
30701,3115,178,3293,17.5
30706,2214,192,2406,11.53125
30711,2702,138,2840,19.57971014492753
30712,3438,151,3589,22.7682119205298
30713,2229,181,2410,12.314917127071825
30729,73,3977,4050,0.018355544380186
30731,2593,164,2757,15.810975609756095
30737,1496,137,1633,10.91970802919708
30739,2414,163,2577,14.809815950920246
30741,3065,251,3316,12.211155378486056
30742,3815,163,3978,23.404907975460123
30750,2439,217,2656,11.23963133640553
30751,3564,204,3768,17.470588235294116
30753,3017,83,3100,36.34939759036145
30763,3915,133,4048,29.43609022556391
30771,1913,76,1989,25.17105263157895
30804,2994,132,3126,22.681818181818183
30809,1092,122,1214,8.950819672131148
30814,3987,93,4080,42.87096774193548
30830,3329,136,3465,24.477941176470587
30845,511,2816,3327,0.1814630681818181
30851,2096,69,2165,30.3768115942029
30865,3161,240,3401,13.170833333333333
30875,3574,162,3736,22.061728395061728
30882,2707,36,2743,75.19444444444444
30887,1177,166,1343,7.090361445783133
30889,2064,330,2394,6.254545454545455
30892,2237,111,2348,20.153153153153152
30894,1972,76,2048,25.94736842105263
30903,2966,500,3466,5.932
30906,3944,143,4087,27.58041958041958
30910,3425,110,3535,31.13636363636364
30926,3629,268,3897,13.541044776119405
30933,2526,120,2646,21.05
30948,1743,49,1792,35.57142857142857
30950,3694,321,4015,11.50778816199377
30960,1133,166,1299,6.825301204819277
30975,3243,335,3578,9.680597014925374
30981,3721,257,3978,14.478599221789883
30982,3474,310,3784,11.206451612903226
31000,2348,174,2522,13.494252873563218
31009,2884,127,3011,22.708661417322837
31044,425,1770,2195,0.2401129943502825
31048,3226,184,3410,17.532608695652176
31057,2242,221,2463,10.144796380090495
31062,2777,209,2986,13.287081339712918
31064,3883,153,4036,25.37908496732026
31070,3570,239,3809,14.93723849372385
31083,3317,145,3462,22.87586206896552
31088,1103,182,1285,6.06043956043956
31089,2343,140,2483,16.735714285714284
31092,3031,214,3245,14.163551401869158
31106,2171,52,2223,41.75
31111,2573,78,2651,32.98717948717949
31129,1913,393,2306,4.867684478371501
31132,1454,211,1665,6.890995260663507
31137,3916,147,4063,26.639455782312925
31141,3177,84,3261,37.82142857142857
31151,3547,198,3745,17.914141414141415
31161,3958,137,4095,28.89051094890511
31168,2668,141,2809,18.92198581560284
31187,3693,108,3801,34.19444444444444
31195,1934,83,2017,23.301204819277107
31197,3152,262,3414,12.030534351145038
31203,2451,154,2605,15.915584415584416
31205,3388,288,3676,11.76388888888889
31213,289,2416,2705,0.1196192052980132
31226,3673,237,3910,15.49789029535865
31237,2744,241,2985,11.385892116182571
31243,3683,122,3805,30.188524590163933
31252,3683,309,3992,11.919093851132686
31255,2471,211,2682,11.710900473933648
31260,1852,121,1973,15.305785123966942
31275,1462,205,1667,7.131707317073171
31284,3068,223,3291,13.757847533632289
31289,2885,264,3149,10.928030303030305
31291,1737,122,1859,14.237704918032788
31301,3077,74,3151,41.58108108108108
31310,1749,607,2356,2.8813838550247115
31313,2680,127,2807,21.10236220472441
31320,2989,163,3152,18.337423312883438
31337,3793,60,3853,63.21666666666667
31340,3476,209,3685,16.63157894736842
31342,2352,60,2412,39.2
31346,3386,230,3616,14.721739130434782
31366,3661,328,3989,11.16158536585366
31374,2455,135,2590,18.185185185185187
31384,2677,311,2988,8.607717041800644
31385,2800,197,2997,14.213197969543147
31386,3471,191,3662,18.172774869109947
31401,3891,119,4010,32.69747899159664
31403,3285,241,3526,13.630705394190873
31412,2573,277,2850,9.288808664259928
31413,2435,238,2673,10.231092436974787
31419,2653,425,3078,6.24235294117647
31432,3246,137,3383,23.693430656934307
31434,2534,163,2697,15.54601226993865
31439,3733,123,3856,30.34959349593496
31442,3209,96,3305,33.427083333333336
31449,3501,293,3794,11.948805460750853
31459,2842,197,3039,14.426395939086294
31471,2372,139,2511,17.06474820143885
31479,2773,108,2881,25.675925925925927
31480,2370,269,2639,8.810408921933085
31484,2184,72,2256,30.33333333333333
31501,3673,131,3804,28.0381679389313
31503,3529,150,3679,23.526666666666667
31507,1887,154,2041,12.253246753246753
31508,3244,379,3623,8.559366754617415
31518,3197,198,3395,16.146464646464647
31522,2803,140,2943,20.02142857142857
31532,3178,292,3470,10.883561643835616
31544,3393,123,3516,27.585365853658537
31549,1211,152,1363,7.967105263157895
31555,2704,152,2856,17.789473684210527
31566,2339,248,2587,9.431451612903226
31571,2678,289,2967,9.26643598615917
31585,2377,301,2678,7.897009966777409
31596,2928,264,3192,11.090909090909092
31615,1528,93,1621,16.43010752688172
31618,2968,324,3292,9.160493827160494
31619,656,153,809,4.287581699346405
31630,3916,58,3974,67.51724137931035
31632,3419,122,3541,28.024590163934427
31640,3618,83,3701,43.59036144578313
31646,2218,229,2447,9.685589519650655
31647,2811,66,2877,42.59090909090909
31653,1862,177,2039,10.519774011299434
31663,3864,117,3981,33.02564102564103
31668,2720,206,2926,13.20388349514563
31669,1871,126,1997,14.84920634920635
31677,3434,179,3613,19.18435754189944
31682,3201,69,3270,46.391304347826086
31689,3372,143,3515,23.58041958041958
31693,3251,56,3307,58.05357142857143
31694,3792,192,3984,19.75
31724,1705,238,1943,7.163865546218488
31737,2018,72,2090,28.02777777777778
31753,2962,233,3195,12.71244635193133
31758,3439,189,3628,18.1957671957672
31763,2405,119,2524,20.210084033613445
31764,2942,38,2980,77.42105263157895
31766,1108,153,1261,7.241830065359477
31768,2837,32,2869,88.65625
31769,3630,179,3809,20.279329608938543
31775,3068,189,3257,16.232804232804234
31777,3850,160,4010,24.0625
31784,1744,135,1879,12.91851851851852
31788,3168,170,3338,18.63529411764706
31798,3098,120,3218,25.816666666666663
31816,3435,339,3774,10.132743362831858
31821,2217,183,2400,12.114754098360656
31825,3442,159,3601,21.647798742138363
31829,1806,202,2008,8.94059405940594
31834,1887,179,2066,10.541899441340782
31838,2296,166,2462,13.83132530120482
31862,1900,127,2027,14.960629921259844
31877,3419,394,3813,8.67766497461929
31884,3668,326,3994,11.251533742331288
31886,3058,105,3163,29.123809523809523
31887,2944,154,3098,19.11688311688312
31889,2077,230,2307,9.030434782608696
31891,2010,274,2284,7.335766423357664
31893,3439,300,3739,11.463333333333331
31894,2721,385,3106,7.067532467532468
31895,2880,193,3073,14.922279792746114
31900,3492,97,3589,36.0
31903,1244,193,1437,6.44559585492228
31906,388,2146,2534,0.1808014911463187
31912,2251,217,2468,10.373271889400922
31914,986,103,1089,9.572815533980584
31919,2443,223,2666,10.955156950672643
31924,1173,276,1449,4.25
31943,3646,173,3819,21.07514450867052
31960,1551,120,1671,12.925
31962,3710,260,3970,14.26923076923077
31965,2982,279,3261,10.688172043010752
31975,3264,362,3626,9.01657458563536
31989,2385,176,2561,13.551136363636363
31991,2815,261,3076,10.78544061302682
31992,2351,179,2530,13.134078212290502
31997,2504,94,2598,26.638297872340427
32009,2671,120,2791,22.258333333333333
32023,3851,104,3955,37.02884615384615
32029,3711,257,3968,14.439688715953308
32034,2096,223,2319,9.399103139013452
32040,2604,140,2744,18.6
32041,3667,191,3858,19.198952879581157
32072,3411,48,3459,71.0625
32074,3876,210,4086,18.457142857142856
32081,2907,261,3168,11.137931034482758
32089,2863,142,3005,20.16197183098592
32093,3155,72,3227,43.81944444444444
32101,3967,129,4096,30.751937984496124
32111,3812,233,4045,16.36051502145923
32113,2650,72,2722,36.80555555555556
32116,3583,145,3728,24.71034482758621
32120,2464,82,2546,30.04878048780488
32128,3298,256,3554,12.8828125
32147,2847,168,3015,16.946428571428573
32159,3363,71,3434,47.36619718309859
32162,3265,324,3589,10.07716049382716
32164,280,2846,3126,0.0983836964160224
32166,2747,278,3025,9.881294964028775
32168,967,215,1182,4.497674418604651
32174,1711,63,1774,27.15873015873016
32178,2863,184,3047,15.559782608695652
32180,3502,60,3562,58.36666666666667
32182,2416,63,2479,38.34920634920635
32189,3299,228,3527,14.469298245614034
32192,3940,147,4087,26.802721088435373
32196,2159,139,2298,15.532374100719425
32198,2038,108,2146,18.87037037037037
32201,2075,52,2127,39.90384615384615
32205,3118,178,3296,17.51685393258427
32209,836,144,980,5.805555555555555
32210,3523,215,3738,16.386046511627907
32212,3310,306,3616,10.816993464052288
32215,3549,127,3676,27.944881889763774
32222,3397,93,3490,36.5268817204301
32233,3639,157,3796,23.178343949044585
32240,3532,165,3697,21.406060606060606
32246,2425,228,2653,10.635964912280702
32247,3146,325,3471,9.68
32250,2825,249,3074,11.345381526104418
32281,2177,130,2307,16.746153846153845
32302,1583,78,1661,20.2948717948718
32303,2372,191,2563,12.418848167539268
32312,3453,140,3593,24.664285714285715
32326,3124,379,3503,8.242744063324539
32329,3081,290,3371,10.624137931034484
32333,2664,134,2798,19.88059701492537
32336,705,2584,3289,0.2728328173374613
32337,3516,228,3744,15.421052631578949
32344,3285,378,3663,8.69047619047619
32345,2530,380,2910,6.657894736842105
32348,3519,301,3820,11.691029900332223
32351,2004,200,2204,10.02
32357,3697,107,3804,34.55140186915888
32361,3629,70,3699,51.84285714285714
32362,919,3005,3924,0.3058236272878535
32370,2675,162,2837,16.512345679012345
32374,3473,290,3763,11.975862068965515
32387,3133,93,3226,33.68817204301075
32400,3578,130,3708,27.523076923076925
32401,2383,117,2500,20.36752136752137
32413,2942,379,3321,7.762532981530343
32417,1592,374,1966,4.25668449197861
32418,1305,101,1406,12.92079207920792
32419,2514,36,2550,69.83333333333333
32429,2107,132,2239,15.962121212121213
32453,917,498,1415,1.8413654618473896
32468,2018,78,2096,25.871794871794872
32476,2409,353,2762,6.824362606232294
32478,3001,223,3224,13.457399103139014
32485,1596,64,1660,24.9375
32492,2013,197,2210,10.218274111675129
32533,1867,474,2341,3.938818565400844
32541,2583,221,2804,11.687782805429864
32575,2823,69,2892,40.91304347826087
32585,3633,87,3720,41.75862068965517
32594,2776,113,2889,24.56637168141593
32599,3710,119,3829,31.176470588235293
32648,2030,297,2327,6.835016835016835
32654,1955,67,2022,29.17910447761194
32657,3582,105,3687,34.114285714285714
32672,3218,165,3383,19.503030303030304
32685,2169,130,2299,16.684615384615384
32694,2431,143,2574,17.0
32698,2857,181,3038,15.784530386740332
32700,2603,173,2776,15.046242774566474
32723,3246,75,3321,43.28
32728,1051,220,1271,4.777272727272727
32729,3439,38,3477,90.5
32735,3658,210,3868,17.419047619047618
32738,3666,263,3929,13.93916349809886
32743,2412,88,2500,27.40909090909091
32748,495,2904,3399,0.1704545454545454
32780,2138,127,2265,16.834645669291337
32786,3692,198,3890,18.646464646464647
32795,3894,124,4018,31.40322580645161
32801,3225,328,3553,9.832317073170731
32811,3764,207,3971,18.18357487922705
32829,3675,233,3908,15.772532188841202
32835,1462,164,1626,8.914634146341463
32844,3856,204,4060,18.90196078431373
32855,2106,61,2167,34.52459016393443
32871,30,3826,3856,0.0078410872974385
32874,3009,374,3383,8.045454545454545
32879,2969,160,3129,18.55625
32891,3522,213,3735,16.535211267605632
32896,3345,183,3528,18.27868852459016
32902,1966,441,2407,4.458049886621315
32903,3202,142,3344,22.549295774647888
32904,3143,180,3323,17.461111111111112
32907,3881,115,3996,33.74782608695652
32911,3024,133,3157,22.73684210526316
32915,3118,162,3280,19.246913580246915
32929,1771,94,1865,18.84042553191489
32930,3579,293,3872,12.215017064846416
32932,789,147,936,5.36734693877551
32933,1082,469,1551,2.307036247334755
32962,3567,471,4038,7.573248407643312
32963,2169,105,2274,20.65714285714286
32969,1587,122,1709,13.008196721311476
32972,2941,73,3014,40.28767123287671
32974,2558,159,2717,16.08805031446541
32983,2748,169,2917,16.2603550295858
32990,3262,176,3438,18.53409090909091
32992,3443,328,3771,10.496951219512194
32994,2977,195,3172,15.266666666666667
33001,1871,284,2155,6.588028169014085
33006,3326,153,3479,21.73856209150327
33014,2930,256,3186,11.4453125
33030,1270,187,1457,6.791443850267379
33033,1096,223,1319,4.914798206278027
33034,3163,93,3256,34.01075268817204
33045,1346,110,1456,12.236363636363636
33056,2785,37,2822,75.27027027027027
33067,2182,533,2715,4.093808630393997
33068,3245,179,3424,18.12849162011173
33075,2735,73,2808,37.465753424657535
33079,3419,270,3689,12.662962962962965
33082,3675,272,3947,13.511029411764708
33096,3360,150,3510,22.4
33102,2800,257,3057,10.894941634241246
33104,1082,114,1196,9.491228070175438
33121,3042,195,3237,15.6
33134,2542,132,2674,19.25757575757576
33135,3134,216,3350,14.50925925925926
33136,1540,151,1691,10.19867549668874
33163,3605,240,3845,15.020833333333334
33164,1956,153,2109,12.784313725490197
33168,2700,164,2864,16.463414634146343
33171,2745,126,2871,21.785714285714285
33177,1149,104,1253,11.048076923076923
33178,2096,76,2172,27.57894736842105
33180,1684,188,1872,8.957446808510639
33181,2921,78,2999,37.44871794871795
33186,3532,126,3658,28.03174603174603
33188,1794,130,1924,13.8
33194,3120,306,3426,10.196078431372548
33195,3444,100,3544,34.44
33199,1034,104,1138,9.942307692307692
33200,3179,264,3443,12.041666666666666
33209,1175,90,1265,13.055555555555555
33232,3516,25,3541,140.64
33245,3424,76,3500,45.05263157894737
33256,3660,261,3921,14.022988505747126
33262,3502,55,3557,63.67272727272727
33285,1791,140,1931,12.792857142857144
33291,3842,150,3992,25.613333333333333
33293,3150,76,3226,41.44736842105263
33298,2923,126,3049,23.1984126984127
33305,1703,477,2180,3.570230607966457
33306,3269,236,3505,13.851694915254235
33312,3233,261,3494,12.386973180076629
33316,3612,165,3777,21.89090909090909
33325,3625,355,3980,10.211267605633802
33330,1038,189,1227,5.492063492063492
33353,2003,89,2092,22.50561797752809
33354,2897,209,3106,13.861244019138756
33360,3619,141,3760,25.666666666666668
33379,2670,338,3008,7.899408284023669
33380,1709,75,1784,22.786666666666665
33387,1720,144,1864,11.944444444444445
33393,3285,134,3419,24.51492537313433
33394,3889,191,4080,20.361256544502616
33395,601,2770,3371,0.2169675090252707
33403,3577,222,3799,16.11261261261261
33419,3695,76,3771,48.61842105263158
33422,3039,343,3382,8.860058309037901
33424,3697,170,3867,21.74705882352941
33425,3899,126,4025,30.944444444444443
33442,3431,82,3513,41.84146341463415
33464,1719,471,2190,3.64968152866242
33476,868,3120,3988,0.2782051282051282
33481,3791,125,3916,30.328
33483,1376,259,1635,5.312741312741313
33487,3487,152,3639,22.94078947368421
33510,2912,81,2993,35.95061728395062
33513,3147,466,3613,6.753218884120171
33527,1182,214,1396,5.5233644859813085
33530,3792,209,4001,18.14354066985646
33538,2467,382,2849,6.458115183246074
33542,2104,284,2388,7.408450704225352
33543,2240,110,2350,20.363636363636363
33547,2406,116,2522,20.74137931034483
33557,2961,207,3168,14.304347826086955
33558,3528,139,3667,25.381294964028772
33564,3637,233,3870,15.609442060085836
33567,2560,155,2715,16.516129032258064
33569,2880,276,3156,10.434782608695652
33571,1519,145,1664,10.475862068965515
33586,398,1782,2180,0.22334455667789
33589,3528,283,3811,12.46643109540636
33602,3666,182,3848,20.142857142857142
33608,2680,97,2777,27.628865979381445
33621,2853,120,2973,23.775
33624,2623,148,2771,17.722972972972972
33627,3593,227,3820,15.82819383259912
33631,2505,185,2690,13.54054054054054
33633,494,3455,3949,0.1429811866859623
33635,1225,81,1306,15.123456790123456
33639,3696,252,3948,14.666666666666666
33640,2511,130,2641,19.315384615384616
33650,106,3520,3626,0.0301136363636363
33653,3411,206,3617,16.558252427184467
33656,3494,144,3638,24.26388888888889
33657,3492,189,3681,18.476190476190474
33661,1609,240,1849,6.704166666666667
33668,1596,143,1739,11.160839160839162
33681,3134,233,3367,13.450643776824034
33687,2968,176,3144,16.863636363636363
33696,3156,56,3212,56.35714285714285
33698,3575,124,3699,28.830645161290324
33701,3376,160,3536,21.1
33707,3384,173,3557,19.560693641618496
33714,2107,794,2901,2.6536523929471034
33716,2454,201,2655,12.208955223880595
33744,246,3246,3492,0.0757855822550831
33746,2625,188,2813,13.962765957446807
33756,3855,129,3984,29.88372093023256
33757,2194,48,2242,45.708333333333336
33760,2398,212,2610,11.31132075471698
33765,908,2051,2959,0.4427108727450024
33769,3061,99,3160,30.91919191919192
33772,1738,126,1864,13.793650793650794
33775,1342,219,1561,6.127853881278539
33789,1860,111,1971,16.756756756756758
33790,2829,77,2906,36.74025974025974
33793,2691,58,2749,46.39655172413793
33807,2561,204,2765,12.553921568627452
33820,1449,245,1694,5.914285714285715
33821,3888,148,4036,26.27027027027027
33826,2653,32,2685,82.90625
33827,2224,242,2466,9.1900826446281
33837,3490,247,3737,14.129554655870445
33838,2447,77,2524,31.77922077922078
33840,2377,225,2602,10.564444444444444
33846,3897,101,3998,38.58415841584159
33855,2828,75,2903,37.70666666666666
33873,3732,187,3919,19.9572192513369
33876,2126,180,2306,11.811111111111112
33879,2205,421,2626,5.237529691211401
33883,2938,115,3053,25.547826086956523
33888,3721,130,3851,28.623076923076923
33896,1795,159,1954,11.28930817610063
33905,3318,90,3408,36.86666666666667
33920,3638,194,3832,18.75257731958763
33923,569,81,650,7.024691358024692
33925,3823,148,3971,25.83108108108108
33945,2744,97,2841,28.288659793814432
33946,3582,163,3745,21.975460122699385
33953,1089,142,1231,7.669014084507042
33967,3532,419,3951,8.429594272076372
33972,3899,84,3983,46.41666666666666
33989,1700,108,1808,15.74074074074074
33992,2860,253,3113,11.304347826086955
33994,964,179,1143,5.385474860335195
33999,2989,216,3205,13.837962962962964
34000,2392,147,2539,16.272108843537413
34005,3798,74,3872,51.32432432432432
34012,3619,166,3785,21.801204819277107
34014,1025,177,1202,5.790960451977401
34018,3513,64,3577,54.890625
34020,2982,376,3358,7.930851063829787
34024,3404,69,3473,49.333333333333336
34043,3045,150,3195,20.3
34059,1864,128,1992,14.5625
34061,1306,259,1565,5.042471042471043
34070,2775,378,3153,7.341269841269841
34080,3376,125,3501,27.008
34083,511,335,846,1.5253731343283583
34102,3621,159,3780,22.77358490566038
34106,3609,170,3779,21.229411764705883
34112,1379,230,1609,5.995652173913044
34132,2187,173,2360,12.641618497109826
34135,1538,127,1665,12.11023622047244
34137,3009,255,3264,11.8
34139,3910,143,4053,27.342657342657343
34143,1687,142,1829,11.880281690140846
34158,3663,116,3779,31.57758620689655
34161,1122,168,1290,6.678571428571429
34165,3518,70,3588,50.25714285714286
34168,979,200,1179,4.895
34179,3828,167,3995,22.922155688622755
34193,3439,192,3631,17.911458333333332
34196,2310,466,2776,4.957081545064377
34204,2768,288,3056,9.61111111111111
34214,1622,173,1795,9.375722543352602
34219,3720,161,3881,23.1055900621118
34224,2798,265,3063,10.558490566037737
34226,3942,72,4014,54.75
34228,3338,123,3461,27.13821138211382
34236,2448,215,2663,11.386046511627908
34238,1285,2524,3809,0.5091125198098256
34246,2056,87,2143,23.632183908045977
34247,2726,117,2843,23.299145299145295
34249,2740,109,2849,25.137614678899084
34251,2213,119,2332,18.596638655462183
34253,1920,157,2077,12.229299363057326
34260,3920,131,4051,29.923664122137403
34271,2379,64,2443,37.171875
34277,3498,392,3890,8.923469387755102
34292,2799,125,2924,22.392
34301,2444,533,2977,4.585365853658536
34303,3064,442,3506,6.932126696832579
34308,2263,162,2425,13.969135802469136
34313,2314,210,2524,11.01904761904762
34319,3500,100,3600,35.0
34322,3715,197,3912,18.85786802030457
34363,3416,289,3705,11.820069204152247
34367,2440,96,2536,25.416666666666668
34369,3007,239,3246,12.581589958158997
34377,3555,127,3682,27.992125984251967
34380,2321,262,2583,8.858778625954198
34386,3512,296,3808,11.864864864864863
34391,3590,100,3690,35.9
34399,485,2035,2520,0.2383292383292383
34407,3174,262,3436,12.114503816793894
34431,2312,214,2526,10.80373831775701
34435,2189,165,2354,13.266666666666667
34462,1699,254,1953,6.688976377952756
34466,2259,146,2405,15.472602739726028
34468,3033,139,3172,21.820143884892087
34484,3712,196,3908,18.93877551020408
34499,2056,88,2144,23.363636363636363
34514,2400,248,2648,9.67741935483871
34517,3453,171,3624,20.19298245614035
34524,1698,127,1825,13.37007874015748
34530,1477,80,1557,18.4625
34552,2133,254,2387,8.39763779527559
34558,2261,139,2400,16.26618705035971
34562,1569,233,1802,6.733905579399142
34580,3491,130,3621,26.853846153846156
34585,3673,278,3951,13.212230215827338
34588,3479,134,3613,25.96268656716418
34595,3227,169,3396,19.09467455621302
34597,720,130,850,5.538461538461538
34601,1935,137,2072,14.124087591240876
34624,2122,232,2354,9.14655172413793
34625,1374,39,1413,35.23076923076923
34626,2282,149,2431,15.31543624161074
34629,3494,325,3819,10.750769230769231
34649,1,2165,2166,0.0004618937644341
34654,3737,130,3867,28.746153846153845
34656,2215,152,2367,14.572368421052632
34659,1951,151,2102,12.920529801324504
34660,2248,347,2595,6.478386167146974
34671,826,130,956,6.3538461538461535
34678,3803,176,3979,21.607954545454547
34680,3640,231,3871,15.757575757575758
34682,3497,172,3669,20.33139534883721
34683,320,1318,1638,0.2427921092564491
34687,1554,295,1849,5.267796610169492
34705,2960,154,3114,19.22077922077922
34706,3353,226,3579,14.836283185840708
34722,1696,155,1851,10.941935483870967
34725,3174,233,3407,13.622317596566525
34734,3500,174,3674,20.114942528735632
34742,3279,180,3459,18.216666666666665
34748,1254,228,1482,5.5
34752,2733,248,2981,11.02016129032258
34753,2131,202,2333,10.549504950495049
34758,2303,73,2376,31.54794520547945
34762,2146,122,2268,17.59016393442623
34763,1279,230,1509,5.560869565217391
34769,2468,60,2528,41.13333333333333
34779,3853,207,4060,18.613526570048307
34797,1790,199,1989,8.99497487437186
34808,3343,123,3466,27.178861788617887
34811,2091,175,2266,11.948571428571428
34812,1398,87,1485,16.06896551724138
34813,1762,157,1919,11.222929936305732
34815,2713,110,2823,24.663636363636364
34817,1946,127,2073,15.32283464566929
34823,2463,145,2608,16.986206896551725
34825,3575,176,3751,20.3125
34841,2629,171,2800,15.374269005847951
34845,1417,69,1486,20.536231884057973
34854,3701,158,3859,23.424050632911392
34868,2968,189,3157,15.703703703703704
34870,734,201,935,3.6517412935323375
34879,1321,210,1531,6.29047619047619
34882,3221,127,3348,25.362204724409448
34905,2677,179,2856,14.955307262569832
34921,2808,248,3056,11.32258064516129
34922,2612,126,2738,20.73015873015873
34925,3370,380,3750,8.868421052631579
34928,1543,67,1610,23.029850746268657
34933,2238,138,2376,16.217391304347824
34937,3669,105,3774,34.94285714285714
34938,3717,235,3952,15.817021276595744
34958,1883,188,2071,10.01595744680851
34961,2248,67,2315,33.55223880597015
34975,3422,316,3738,10.829113924050631
34999,2195,187,2382,11.737967914438505
35004,3242,161,3403,20.13664596273292
35031,3770,58,3828,65.0
35033,1795,324,2119,5.540123456790123
35040,2518,375,2893,6.714666666666667
35045,1866,205,2071,9.102439024390245
35056,3531,194,3725,18.201030927835053
35060,2322,154,2476,15.07792207792208
35062,3000,90,3090,33.333333333333336
35065,1686,222,1908,7.594594594594595
35080,1528,273,1801,5.597069597069597
35084,2877,183,3060,15.721311475409836
35097,2675,104,2779,25.721153846153847
35099,2300,137,2437,16.78832116788321
35104,3180,58,3238,54.82758620689656
35111,3094,216,3310,14.324074074074074
35126,3158,113,3271,27.94690265486725
35129,1202,405,1607,2.967901234567901
35134,3384,184,3568,18.39130434782609
35135,3829,191,4020,20.047120418848166
35142,3013,118,3131,25.533898305084747
35147,3794,130,3924,29.184615384615384
35149,2465,148,2613,16.655405405405407
35159,3862,122,3984,31.65573770491803
35163,3556,135,3691,26.340740740740745
35164,3410,209,3619,16.31578947368421
35170,2654,63,2717,42.12698412698413
35183,1776,33,1809,53.81818181818182
35187,107,176,283,0.6079545454545454
35188,447,1905,2352,0.2346456692913386
35192,3632,207,3839,17.545893719806763
35226,3160,131,3291,24.12213740458015
35240,3355,265,3620,12.660377358490566
35242,2644,53,2697,49.886792452830186
35248,2610,288,2898,9.0625
35255,2416,140,2556,17.257142857142856
35266,3589,238,3827,15.079831932773107
35276,2174,142,2316,15.309859154929578
35280,1043,138,1181,7.557971014492754
35283,1258,201,1459,6.258706467661692
35287,2081,80,2161,26.0125
35292,3629,113,3742,32.11504424778761
35301,3728,226,3954,16.495575221238937
35304,1237,396,1633,3.1237373737373737
35310,2789,83,2872,33.602409638554214
35334,1635,172,1807,9.505813953488373
35340,1984,35,2019,56.68571428571428
35349,1941,150,2091,12.94
35352,2922,168,3090,17.392857142857142
35362,1991,50,2041,39.82
35364,2134,67,2201,31.85074626865672
35408,3269,334,3603,9.7874251497006
35410,2469,119,2588,20.747899159663863
35423,3137,304,3441,10.31907894736842
35436,2551,107,2658,23.8411214953271
35438,1613,185,1798,8.718918918918918
35442,178,2893,3071,0.0615278257863809
35444,1574,107,1681,14.710280373831775
35446,3209,251,3460,12.784860557768924
35452,1644,73,1717,22.52054794520548
35466,2510,102,2612,24.607843137254903
35467,3867,122,3989,31.69672131147541
35478,1864,134,1998,13.91044776119403
35480,2125,212,2337,10.023584905660377
35487,3235,45,3280,71.88888888888889
35494,3621,217,3838,16.68663594470046
35495,3779,207,3986,18.256038647342997
35498,1794,202,1996,8.881188118811881
35503,2683,296,2979,9.06418918918919
35514,2503,142,2645,17.62676056338028
35522,2298,284,2582,8.091549295774648
35523,3872,111,3983,34.88288288288288
35527,3122,180,3302,17.344444444444445
35532,2305,245,2550,9.408163265306122
35535,3206,194,3400,16.52577319587629
35541,3137,204,3341,15.377450980392156
35548,1200,175,1375,6.857142857142857
35549,1367,160,1527,8.54375
35553,1640,1066,2706,1.5384615384615383
35554,2044,126,2170,16.22222222222222
35557,3817,172,3989,22.19186046511628
35560,3005,227,3232,13.237885462555068
35565,3393,91,3484,37.285714285714285
35579,2674,193,2867,13.854922279792746
35583,3884,190,4074,20.44210526315789
35589,3819,261,4080,14.632183908045976
35601,3743,187,3930,20.016042780748663
35603,3417,219,3636,15.602739726027398
35611,3074,200,3274,15.37
35618,1044,56,1100,18.642857142857142
35621,2950,80,3030,36.875
35622,1420,140,1560,10.142857142857142
35629,2064,89,2153,23.191011235955056
35634,2737,111,2848,24.65765765765766
35635,3195,142,3337,22.5
35646,895,190,1085,4.7105263157894735
35662,2745,108,2853,25.416666666666668
35663,3272,180,3452,18.177777777777777
35670,2780,214,2994,12.990654205607475
35671,2711,112,2823,24.205357142857142
35684,3402,248,3650,13.71774193548387
35696,3150,66,3216,47.72727272727273
35707,1391,147,1538,9.462585034013603
35713,2112,202,2314,10.455445544554456
35725,2758,124,2882,22.241935483870968
35727,1,2646,2647,0.0003779289493575
35733,2109,116,2225,18.18103448275862
35745,825,99,924,8.333333333333334
35751,1412,241,1653,5.858921161825726
35761,3291,99,3390,33.24242424242424
35768,2291,811,3102,2.8249075215782984
35770,3149,154,3303,20.448051948051948
35772,1701,107,1808,15.897196261682245
35774,2342,177,2519,13.231638418079095
35791,2735,192,2927,14.244791666666666
35797,2666,124,2790,21.5
35805,830,238,1068,3.4873949579831933
35812,3512,210,3722,16.723809523809525
35813,3551,231,3782,15.372294372294371
35814,3354,161,3515,20.832298136645964
35815,3095,25,3120,123.8
35831,1506,330,1836,4.563636363636364
35866,2481,177,2658,14.016949152542374
35877,3094,452,3546,6.845132743362832
35878,3085,214,3299,14.41588785046729
35915,3238,406,3644,7.975369458128079
35916,3774,177,3951,21.322033898305083
35917,2879,247,3126,11.65587044534413
35931,2626,157,2783,16.726114649681527
35932,2682,749,3431,3.5807743658210947
35937,3825,226,4051,16.924778761061948
35944,1477,304,1781,4.858552631578948
35946,2713,112,2825,24.223214285714285
35957,3861,218,4079,17.711009174311926
35968,2459,38,2497,64.71052631578948
35970,3784,161,3945,23.503105590062116
35988,1874,148,2022,12.66216216216216
35993,2266,69,2335,32.84057971014493
35998,2750,155,2905,17.741935483870968
36011,2439,254,2693,9.60236220472441
36020,249,3530,3779,0.0705382436260623
36021,3539,159,3698,22.257861635220127
36027,1350,168,1518,8.035714285714286
36033,1950,116,2066,16.810344827586206
36037,3566,165,3731,21.612121212121213
36039,2403,144,2547,16.6875
36041,2437,186,2623,13.102150537634408
36043,1923,119,2042,16.159663865546218
36047,3433,115,3548,29.85217391304348
36060,2020,185,2205,10.91891891891892
36066,3394,220,3614,15.427272727272728
36080,2889,60,2949,48.15
36103,2167,117,2284,18.521367521367523
36124,2820,58,2878,48.62068965517241
36136,3584,168,3752,21.33333333333333
36138,3526,193,3719,18.269430051813472
36141,1887,155,2042,12.174193548387096
36151,2894,153,3047,18.91503267973856
36162,1187,89,1276,13.337078651685394
36176,1268,29,1297,43.72413793103448
36177,1262,105,1367,12.01904761904762
36179,3559,143,3702,24.888111888111887
36180,1353,66,1419,20.5
36183,1947,146,2093,13.335616438356164
36195,1139,86,1225,13.244186046511627
36217,1885,26,1911,72.5
36223,866,151,1017,5.735099337748345
36224,3529,298,3827,11.842281879194632
36227,3491,229,3720,15.244541484716157
36233,3219,94,3313,34.244680851063826
36234,2108,136,2244,15.5
36236,3845,158,4003,24.335443037974684
36246,2255,64,2319,35.234375
36249,3529,387,3916,9.118863049095609
36257,1060,171,1231,6.1988304093567255
36259,3729,212,3941,17.589622641509433
36261,2989,50,3039,59.78
36262,3446,184,3630,18.72826086956522
36264,2569,111,2680,23.144144144144143
36268,2972,106,3078,28.0377358490566
36269,3347,217,3564,15.423963133640552
36278,3373,382,3755,8.829842931937172
36280,2266,142,2408,15.95774647887324
36285,1421,194,1615,7.324742268041237
36287,2995,393,3388,7.620865139949109
36291,3523,67,3590,52.582089552238806
36293,2498,328,2826,7.615853658536586
36302,2570,168,2738,15.297619047619047
36314,1469,160,1629,9.18125
36350,2105,136,2241,15.477941176470589
36352,3160,93,3253,33.97849462365591
36360,2086,105,2191,19.866666666666667
36361,1773,636,2409,2.787735849056604
36366,865,212,1077,4.080188679245283
36369,2964,834,3798,3.553956834532374
36370,3519,89,3608,39.53932584269663
36386,3045,180,3225,16.916666666666668
36399,2111,370,2481,5.705405405405405
36414,2259,134,2393,16.85820895522388
36426,2654,125,2779,21.232
36428,3634,139,3773,26.14388489208633
36429,1603,169,1772,9.485207100591715
36435,2750,177,2927,15.536723163841808
36449,2633,198,2831,13.297979797979798
36460,1109,312,1421,3.5544871794871797
36477,2215,137,2352,16.16788321167883
36482,2248,202,2450,11.128712871287128
36485,1799,78,1877,23.06410256410257
36489,3142,324,3466,9.697530864197532
36499,3236,147,3383,22.01360544217687
36506,2764,152,2916,18.18421052631579
36516,53,2741,2794,0.0193360087559284
36520,1741,120,1861,14.508333333333333
36523,3813,146,3959,26.116438356164384
36525,3273,195,3468,16.784615384615385
36534,2015,195,2210,10.333333333333334
36536,1925,150,2075,12.833333333333334
36537,1372,83,1455,16.53012048192771
36558,2436,306,2742,7.96078431372549
36567,3891,65,3956,59.86153846153846
36571,2708,155,2863,17.470967741935485
36578,1769,92,1861,19.22826086956522
36585,1693,278,1971,6.089928057553957
36586,3540,271,3811,13.062730627306273
36591,3367,241,3608,13.970954356846471
36593,3898,91,3989,42.83516483516483
36596,2585,314,2899,8.23248407643312
36597,849,43,892,19.74418604651163
36603,1389,380,1769,3.655263157894737
36607,3815,109,3924,35.0
36631,2637,200,2837,13.185
36644,3734,203,3937,18.39408866995074
36645,2789,396,3185,7.042929292929293
36650,2915,369,3284,7.899728997289973
36651,1872,346,2218,5.410404624277457
36652,940,365,1305,2.5753424657534247
36657,1338,141,1479,9.48936170212766
36668,3205,200,3405,16.025
36673,2626,374,3000,7.021390374331551
36678,2289,112,2401,20.4375
36683,3733,287,4020,13.006968641114982
36693,279,1154,1433,0.2417677642980935
36720,1579,123,1702,12.83739837398374
36724,3986,40,4026,99.65
36744,2868,199,3067,14.412060301507536
36747,1932,234,2166,8.256410256410257
36754,3224,120,3344,26.866666666666667
36757,2007,28,2035,71.67857142857143
36762,1983,232,2215,8.547413793103448
36764,3288,173,3461,19.00578034682081
36773,2569,117,2686,21.95726495726496
36776,3280,271,3551,12.103321033210332
36785,3778,173,3951,21.838150289017342
36792,3598,229,3827,15.7117903930131
36812,1162,99,1261,11.737373737373735
36815,1757,176,1933,9.982954545454543
36820,1902,189,2091,10.063492063492063
36821,2346,168,2514,13.964285714285714
36829,3056,172,3228,17.767441860465116
36832,2778,26,2804,106.84615384615384
36833,3173,365,3538,8.693150684931506
36836,3011,158,3169,19.05696202531645
36851,3409,29,3438,117.55172413793105
36860,2228,130,2358,17.138461538461538
36861,2322,176,2498,13.193181818181818
36864,2191,436,2627,5.025229357798165
36868,3140,104,3244,30.192307692307693
36871,2756,160,2916,17.225
36883,3528,210,3738,16.8
36891,3196,255,3451,12.533333333333331
36894,3801,211,4012,18.01421800947867
36895,1813,98,1911,18.5
36900,2797,156,2953,17.92948717948718
36906,2331,127,2458,18.35433070866142
36907,1154,136,1290,8.485294117647058
36921,3098,163,3261,19.006134969325156
36933,3681,192,3873,19.171875
36935,1044,357,1401,2.9243697478991595
36944,3069,350,3419,8.768571428571429
36953,1429,2293,3722,0.6232010466637593
36963,187,3791,3978,0.0493273542600896
36967,3481,59,3540,59.0
37011,1981,60,2041,33.016666666666666
37027,1639,386,2025,4.246113989637306
37040,577,184,761,3.135869565217391
37042,2637,370,3007,7.127027027027027
37051,2481,195,2676,12.723076923076922
37054,3909,90,3999,43.43333333333333
37055,2686,110,2796,24.418181818181814
37056,2617,148,2765,17.68243243243243
37071,3235,169,3404,19.14201183431953
37074,2625,210,2835,12.5
37077,2824,232,3056,12.172413793103448
37089,2623,165,2788,15.896969696969697
37098,307,146,453,2.102739726027397
37100,3149,49,3198,64.26530612244898
37104,2230,167,2397,13.353293413173652
37106,3260,276,3536,11.81159420289855
37108,3662,179,3841,20.45810055865922
37115,3315,182,3497,18.214285714285715
37119,3470,105,3575,33.04761904761905
37123,3790,216,4006,17.546296296296298
37125,3376,117,3493,28.85470085470085
37137,3163,122,3285,25.92622950819672
37139,2480,254,2734,9.763779527559056
37146,2377,144,2521,16.506944444444443
37155,1587,208,1795,7.6298076923076925
37171,350,58,408,6.0344827586206895
37195,1795,309,2104,5.809061488673139
37221,2505,125,2630,20.04
37223,2552,82,2634,31.121951219512194
37225,3129,253,3382,12.367588932806324
37228,3734,122,3856,30.60655737704918
37232,2699,199,2898,13.56281407035176
37236,3668,140,3808,26.2
37243,2343,201,2544,11.656716417910449
37256,3517,192,3709,18.31770833333333
37261,3352,101,3453,33.18811881188119
37264,2751,125,2876,22.008
37265,2413,236,2649,10.22457627118644
37267,2177,228,2405,9.548245614035087
37277,3536,102,3638,34.666666666666664
37293,2947,185,3132,15.92972972972973
37295,3244,115,3359,28.208695652173912
37302,281,505,786,0.5564356435643565
37306,388,2676,3064,0.1449925261584454
37310,3222,134,3356,24.044776119402982
37312,388,241,629,1.6099585062240664
37316,3680,217,3897,16.95852534562212
37318,3739,121,3860,30.90082644628099
37331,2083,114,2197,18.271929824561404
37332,1966,113,2079,17.398230088495577
37346,3745,100,3845,37.45
37373,2465,200,2665,12.325
37374,2656,115,2771,23.095652173913045
37377,3832,159,3991,24.10062893081761
37379,693,50,743,13.86
37403,2841,79,2920,35.962025316455694
37419,169,3716,3885,0.0454790096878363
37431,3230,241,3471,13.402489626556015
37434,1558,68,1626,22.91176470588235
37435,3972,98,4070,40.53061224489796
37437,2752,349,3101,7.885386819484241
37456,3686,327,4013,11.27217125382263
37477,3204,122,3326,26.262295081967213
37478,1611,90,1701,17.9
37481,1791,115,1906,15.57391304347826
37487,2304,108,2412,21.33333333333333
37488,2860,243,3103,11.76954732510288
37499,1895,143,2038,13.251748251748252
37519,837,256,1093,3.26953125
37526,3201,450,3651,7.113333333333333
37535,1937,96,2033,20.17708333333333
37542,843,113,956,7.460176991150442
37543,3881,165,4046,23.52121212121212
37556,1805,168,1973,10.74404761904762
37560,2259,57,2316,39.63157894736842
37565,3829,206,4035,18.5873786407767
37572,2242,158,2400,14.189873417721518
37586,2854,421,3275,6.779097387173397
37589,2533,116,2649,21.83620689655172
37590,2930,90,3020,32.55555555555556
37606,3298,170,3468,19.4
37609,3512,300,3812,11.706666666666669
37615,1610,158,1768,10.189873417721518
37617,1109,333,1442,3.33033033033033
37637,3542,89,3631,39.79775280898876
37640,2997,104,3101,28.817307692307693
37643,2054,217,2271,9.465437788018432
37646,3823,101,3924,37.85148514851485
37649,2426,197,2623,12.314720812182742
37650,1636,125,1761,13.088
37660,3111,143,3254,21.75524475524476
37663,2156,83,2239,25.97590361445783
37667,1169,90,1259,12.988888888888887
37681,3617,291,3908,12.429553264604811
37683,2062,58,2120,35.55172413793103
37692,3704,221,3925,16.760180995475114
37694,2973,200,3173,14.865
37711,1901,188,2089,10.111702127659576
37724,3039,252,3291,12.05952380952381
37730,3006,236,3242,12.73728813559322
37733,3618,211,3829,17.14691943127962
37736,3604,133,3737,27.09774436090225
37738,3584,205,3789,17.482926829268294
37745,1979,294,2273,6.7312925170068025
37747,2564,188,2752,13.638297872340424
37756,933,2903,3836,0.321391663796073
37757,322,2677,2999,0.1202838998879342
37769,3414,70,3484,48.77142857142857
37773,3336,210,3546,15.885714285714286
37792,2560,121,2681,21.15702479338843
37800,2846,52,2898,54.73076923076923
37803,3826,130,3956,29.43076923076923
37818,207,3313,3520,0.0624811349230304
37820,3455,159,3614,21.729559748427672
37827,3229,241,3470,13.398340248962656
37850,3670,113,3783,32.47787610619469
37856,3110,139,3249,22.37410071942446
37859,3313,267,3580,12.408239700374532
37862,3390,164,3554,20.670731707317078
37863,3389,193,3582,17.559585492227978
37866,3510,212,3722,16.556603773584907
37883,2731,138,2869,19.78985507246377
37893,2273,94,2367,24.180851063829788
37923,3006,331,3337,9.081570996978853
37926,2062,346,2408,5.959537572254336
37927,4009,76,4085,52.75
37931,3703,133,3836,27.84210526315789
37943,3124,186,3310,16.795698924731184
37944,237,1008,1245,0.2351190476190476
37965,3072,68,3140,45.1764705882353
37977,1580,52,1632,30.384615384615383
37991,1922,274,2196,7.014598540145985
38001,3393,66,3459,51.40909090909091
38003,1787,141,1928,12.673758865248226
38012,1685,235,1920,7.170212765957447
38018,1968,38,2006,51.78947368421053
38026,2271,51,2322,44.52941176470589
38031,2344,109,2453,21.504587155963304
38033,3192,123,3315,25.951219512195124
38036,3383,183,3566,18.48633879781421
38039,2829,136,2965,20.801470588235293
38050,2190,329,2519,6.656534954407295
38057,2830,228,3058,12.412280701754383
38058,1151,330,1481,3.487878787878788
38067,3389,304,3693,11.148026315789474
38076,1861,62,1923,30.016129032258064
38083,2248,88,2336,25.545454545454547
38085,2076,371,2447,5.595687331536388
38092,3270,133,3403,24.586466165413533
38096,3836,247,4083,15.530364372469636
38101,2827,209,3036,13.526315789473683
38102,906,323,1229,2.804953560371517
38106,3175,250,3425,12.7
38108,1042,145,1187,7.186206896551724
38111,3295,401,3696,8.216957605985037
38117,3057,63,3120,48.523809523809526
38125,3807,138,3945,27.58695652173913
38135,2055,228,2283,9.013157894736842
38138,3451,91,3542,37.92307692307692
38140,1614,388,2002,4.15979381443299
38142,3648,237,3885,15.39240506329114
38143,2905,152,3057,19.11184210526316
38155,3871,122,3993,31.729508196721312
38157,3016,106,3122,28.452830188679247
38162,1483,156,1639,9.506410256410255
38166,537,2919,3456,0.1839671120246659
38169,3655,239,3894,15.292887029288703
38183,2376,135,2511,17.6
38188,876,125,1001,7.008
38197,3144,172,3316,18.27906976744186
38201,2153,136,2289,15.830882352941176
38213,1938,185,2123,10.475675675675676
38221,3527,188,3715,18.76063829787234
38234,3077,106,3183,29.02830188679245
38267,3771,206,3977,18.305825242718445
38268,2055,83,2138,24.759036144578317
38275,3624,214,3838,16.934579439252335
38278,3220,122,3342,26.39344262295082
38283,2276,287,2563,7.930313588850174
38293,1690,105,1795,16.095238095238095
38300,3779,131,3910,28.84732824427481
38309,3648,168,3816,21.714285714285715
38311,18,2738,2756,0.0065741417092768
38313,3548,104,3652,34.11538461538461
38319,2154,216,2370,9.97222222222222
38345,3401,242,3643,14.053719008264462
38362,3090,145,3235,21.310344827586206
38374,1409,235,1644,5.995744680851064
38379,1755,73,1828,24.04109589041096
38380,2571,172,2743,14.94767441860465
38381,2627,110,2737,23.881818181818183
38407,2472,124,2596,19.93548387096774
38421,1291,191,1482,6.7591623036649215
38423,2642,242,2884,10.917355371900827
38446,1602,221,1823,7.248868778280543
38452,3396,304,3700,11.171052631578949
38454,235,32,267,7.34375
38455,1502,63,1565,23.84126984126984
38459,2972,129,3101,23.03875968992248
38465,1297,361,1658,3.592797783933518
38475,2203,82,2285,26.865853658536587
38481,3594,117,3711,30.71794871794872
38483,3351,129,3480,25.976744186046517
38492,1469,155,1624,9.477419354838707
38496,2170,336,2506,6.458333333333333
38503,2052,280,2332,7.328571428571428
38535,2854,210,3064,13.59047619047619
38549,3311,70,3381,47.3
38553,1621,300,1921,5.403333333333333
38560,2492,176,2668,14.159090909090908
38565,2718,262,2980,10.374045801526718
38570,2783,91,2874,30.582417582417584
38576,2558,107,2665,23.90654205607477
38582,1143,142,1285,8.049295774647888
38592,1385,452,1837,3.064159292035398
38599,3578,299,3877,11.966555183946488
38600,3152,184,3336,17.130434782608695
38615,3592,219,3811,16.401826484018265
38629,2578,34,2612,75.82352941176471
38636,2424,209,2633,11.598086124401911
38644,1740,83,1823,20.96385542168675
38646,1654,183,1837,9.03825136612022
38651,346,3091,3437,0.111937884179877
38654,2276,85,2361,26.77647058823529
38659,2951,366,3317,8.062841530054644
38677,3609,136,3745,26.53676470588235
38685,3307,209,3516,15.822966507177034
38699,3919,177,4096,22.141242937853107
38705,3581,333,3914,10.753753753753754
38708,3825,192,4017,19.921875
38721,2424,195,2619,12.430769230769233
38725,3407,70,3477,48.67142857142857
38731,2362,206,2568,11.466019417475728
38732,3855,205,4060,18.804878048780488
38734,2736,81,2817,33.77777777777778
38751,2822,238,3060,11.857142857142858
38765,3799,216,4015,17.587962962962962
38790,3169,151,3320,20.986754966887418
38796,2073,16,2089,129.5625
38801,2278,83,2361,27.44578313253012
38807,3563,100,3663,35.63
38812,2840,274,3114,10.364963503649635
38816,3650,239,3889,15.271966527196652
38818,1903,91,1994,20.912087912087912
38826,1454,135,1589,10.77037037037037
38831,738,284,1022,2.5985915492957745
38849,2954,195,3149,15.148717948717948
38870,3120,178,3298,17.528089887640448
38886,3222,101,3323,31.900990099009903
38891,3251,192,3443,16.932291666666668
38895,3275,99,3374,33.08080808080808
38896,3327,137,3464,24.28467153284672
38913,1797,209,2006,8.598086124401913
38920,2475,138,2613,17.934782608695652
38933,2839,143,2982,19.853146853146853
38941,3462,206,3668,16.805825242718445
38961,1664,156,1820,10.666666666666666
38963,2870,87,2957,32.98850574712644
38998,2193,196,2389,11.18877551020408
39001,2658,161,2819,16.509316770186334
39002,1844,139,1983,13.266187050359711
39016,2612,49,2661,53.30612244897959
39017,2880,211,3091,13.649289099526069
39035,3204,157,3361,20.40764331210191
39048,3143,379,3522,8.29287598944591
39059,1831,647,2478,2.829984544049459
39079,1701,114,1815,14.921052631578949
39083,2388,171,2559,13.964912280701755
39088,2166,108,2274,20.05555555555556
39099,2126,164,2290,12.96341463414634
39101,2954,221,3175,13.366515837104073
39105,3696,146,3842,25.315068493150687
39115,1378,74,1452,18.62162162162162
39122,3346,106,3452,31.566037735849054
39125,3782,119,3901,31.781512605042018
39127,310,3493,3803,0.0887489264242771
39133,3562,100,3662,35.62
39148,3343,401,3744,8.336658354114713
39165,1985,109,2094,18.21100917431193
39166,3687,388,4075,9.50257731958763
39169,2379,218,2597,10.912844036697248
39175,3412,139,3551,24.546762589928058
39177,1049,137,1186,7.656934306569343
39178,1380,514,1894,2.684824902723735
39184,3432,132,3564,26.0
39190,2468,164,2632,15.048780487804878
39199,3628,233,3861,15.570815450643776
39201,3459,432,3891,8.006944444444445
39209,1071,115,1186,9.31304347826087
39211,3343,136,3479,24.580882352941178
39217,3671,136,3807,26.99264705882353
39228,3803,212,4015,17.93867924528302
39232,1344,109,1453,12.3302752293578
39234,2502,106,2608,23.60377358490566
39237,1375,138,1513,9.96376811594203
39240,2327,184,2511,12.646739130434783
39245,3892,72,3964,54.05555555555556
39253,2852,217,3069,13.142857142857142
39262,3422,35,3457,97.77142857142856
39267,1380,526,1906,2.623574144486692
39280,3601,320,3921,11.253125
39290,3753,189,3942,19.857142857142858
39292,3515,365,3880,9.63013698630137
39304,3532,163,3695,21.66871165644172
39306,2210,87,2297,25.402298850574716
39314,2446,620,3066,3.945161290322581
39316,2573,106,2679,24.27358490566038
39323,1521,140,1661,10.864285714285714
39346,2163,169,2332,12.798816568047338
39353,3350,315,3665,10.634920634920634
39366,1720,109,1829,15.779816513761467
39379,3676,398,4074,9.236180904522612
39392,2123,203,2326,10.458128078817737
39406,3548,267,3815,13.288389513108614
39407,3521,324,3845,10.867283950617283
39410,1720,141,1861,12.198581560283689
39412,3306,268,3574,12.335820895522389
39424,2118,97,2215,21.835051546391757
39443,3261,174,3435,18.74137931034483
39466,3310,226,3536,14.646017699115044
39476,3775,298,4073,12.667785234899329
39491,2313,351,2664,6.589743589743589
39493,3939,68,4007,57.9264705882353
39495,1836,152,1988,12.078947368421051
39501,3866,142,4008,27.225352112676056
39513,2783,210,2993,13.252380952380951
39519,3029,170,3199,17.81764705882353
39538,3932,137,4069,28.7007299270073
39546,540,239,779,2.2594142259414225
39549,2240,27,2267,82.96296296296296
39557,554,3314,3868,0.1671695835847917
39558,3117,152,3269,20.50657894736842
39569,1831,180,2011,10.172222222222222
39574,3394,124,3518,27.370967741935484
39593,2437,250,2687,9.748
39600,76,2958,3034,0.0256930358350236
39601,1766,185,1951,9.545945945945943
39603,3818,274,4092,13.934306569343066
39604,1957,300,2257,6.523333333333333
39612,2053,146,2199,14.061643835616438
39614,2830,209,3039,13.54066985645933
39615,2999,809,3808,3.707045735475896
39619,2953,141,3094,20.94326241134752
39620,3890,167,4057,23.29341317365269
39622,1420,304,1724,4.671052631578948
39633,985,155,1140,6.354838709677419
39638,1347,47,1394,28.659574468085108
39640,2381,160,2541,14.88125
39647,1819,280,2099,6.496428571428571
39648,3295,313,3608,10.527156549520766
39655,3587,290,3877,12.36896551724138
39656,2170,59,2229,36.77966101694916
39699,3714,111,3825,33.45945945945946
39700,2830,119,2949,23.781512605042018
39705,3370,50,3420,67.4
39712,911,56,967,16.267857142857142
39718,2248,233,2481,9.648068669527897
39722,2758,139,2897,19.841726618705035
39724,3157,49,3206,64.42857142857143
39725,2987,144,3131,20.74305555555556
39727,2950,196,3146,15.051020408163266
39733,3514,92,3606,38.19565217391305
39734,1283,126,1409,10.182539682539682
39737,3045,164,3209,18.567073170731707
39742,1788,105,1893,17.02857142857143
39752,1662,524,2186,3.1717557251908395
39761,978,63,1041,15.523809523809524
39766,2288,139,2427,16.46043165467626
39767,2077,579,2656,3.587219343696028
39771,3124,218,3342,14.3302752293578
39783,2016,122,2138,16.524590163934427
39788,3578,180,3758,19.877777777777776
39803,3726,122,3848,30.540983606557376
39806,1062,228,1290,4.657894736842105
39809,2975,114,3089,26.09649122807017
39810,3038,141,3179,21.54609929078014
39812,2789,152,2941,18.348684210526315
39814,2161,116,2277,18.629310344827587
39821,3609,87,3696,41.48275862068966
39826,1926,107,2033,18.0
39829,2123,119,2242,17.840336134453782
39832,2141,146,2287,14.664383561643836
39836,3882,117,3999,33.17948717948718
39841,2853,107,2960,26.66355140186916
39850,3276,317,3593,10.334384858044164
39863,2207,486,2693,4.541152263374485
39870,1927,130,2057,14.823076923076924
39873,1936,83,2019,23.32530120481928
39888,2958,259,3217,11.420849420849422
39893,2137,223,2360,9.582959641255606
39895,3953,80,4033,49.4125
39910,1948,146,2094,13.342465753424657
39915,3193,371,3564,8.606469002695418
39926,1821,94,1915,19.372340425531917
39928,3719,104,3823,35.75961538461539
39930,3736,358,4094,10.435754189944134
39939,3056,209,3265,14.62200956937799
39941,2360,116,2476,20.344827586206897
39949,1746,146,1892,11.95890410958904
39958,3899,156,4055,24.993589743589745
39965,1317,119,1436,11.067226890756302
39974,3575,244,3819,14.651639344262296
39975,3135,342,3477,9.166666666666666
39983,2348,183,2531,12.830601092896174
40018,1625,165,1790,9.848484848484848
40021,3296,326,3622,10.11042944785276
40024,3003,138,3141,21.76086956521739
40025,3248,99,3347,32.80808080808081
40031,3831,139,3970,27.56115107913669
40038,2740,137,2877,20.0
40045,1657,135,1792,12.274074074074074
40050,2461,182,2643,13.521978021978022
40053,2146,45,2191,47.68888888888889
40076,2255,121,2376,18.63636363636364
40077,1779,122,1901,14.581967213114757
40079,3827,258,4085,14.833333333333334
40081,3370,88,3458,38.29545454545455
40089,664,2004,2668,0.3313373253493014
40098,3480,111,3591,31.35135135135135
40103,2325,289,2614,8.044982698961938
40109,3558,217,3775,16.3963133640553
40110,2159,283,2442,7.628975265017668
40111,1865,331,2196,5.634441087613293
40115,1833,248,2081,7.391129032258065
40131,751,60,811,12.516666666666667
40136,1885,94,1979,20.0531914893617
40148,2399,46,2445,52.15217391304348
40149,3203,407,3610,7.869778869778869
40150,3680,73,3753,50.41095890410959
40155,2378,234,2612,10.162393162393162
40166,1966,168,2134,11.702380952380953
40171,2121,171,2292,12.403508771929824
40172,3717,290,4007,12.817241379310344
40181,3268,204,3472,16.019607843137255
40182,3777,88,3865,42.92045454545455
40198,3212,389,3601,8.25706940874036
40199,2715,147,2862,18.46938775510204
40207,2071,202,2273,10.252475247524751
40215,1203,403,1606,2.985111662531017
40235,2629,103,2732,25.524271844660195
40239,2980,29,3009,102.75862068965516
40245,2054,114,2168,18.017543859649123
40246,2950,226,3176,13.053097345132745
40247,3369,218,3587,15.454128440366972
40251,2857,301,3158,9.491694352159469
40257,531,1500,2031,0.354
40263,3736,99,3835,37.73737373737374
40272,383,2288,2671,0.1673951048951049
40302,3189,183,3372,17.42622950819672
40306,2369,408,2777,5.806372549019608
40308,3259,207,3466,15.743961352657005
40310,1493,156,1649,9.57051282051282
40318,3561,331,3892,10.758308157099698
40324,1349,247,1596,5.461538461538462
40343,3796,203,3999,18.69950738916256
40345,3508,135,3643,25.985185185185184
40346,1847,138,1985,13.384057971014492
40352,2941,81,3022,36.30864197530864
40364,3214,84,3298,38.26190476190476
40368,742,69,811,10.753623188405795
40369,861,136,997,6.330882352941177
40378,1538,136,1674,11.308823529411764
40393,3726,264,3990,14.113636363636363
40413,3290,512,3802,6.42578125
40415,3071,198,3269,15.51010101010101
40424,1094,70,1164,15.628571428571428
40427,2753,151,2904,18.2317880794702
40429,2511,226,2737,11.110619469026547
40438,3136,185,3321,16.951351351351352
40445,2376,162,2538,14.666666666666666
40447,3542,158,3700,22.417721518987346
40448,3429,406,3835,8.445812807881774
40451,2371,234,2605,10.132478632478632
40456,1413,144,1557,9.8125
40460,3448,142,3590,24.281690140845072
40468,3252,104,3356,31.26923076923077
40471,2859,97,2956,29.47422680412371
40472,2958,222,3180,13.324324324324325
40473,1224,276,1500,4.434782608695652
40477,3518,135,3653,26.05925925925926
40495,1505,48,1553,31.354166666666668
40501,1251,2676,3927,0.4674887892376682
40505,690,251,941,2.749003984063745
40507,3834,165,3999,23.23636363636364
40508,1537,118,1655,13.02542372881356
40510,3107,59,3166,52.66101694915254
40519,2644,203,2847,13.024630541871922
40528,2791,115,2906,24.269565217391303
40548,2866,147,3013,19.496598639455783
40574,2772,244,3016,11.36065573770492
40579,3849,227,4076,16.955947136563875
40582,2603,428,3031,6.081775700934579
40587,126,3418,3544,0.0368636629607957
40592,3216,87,3303,36.96551724137931
40596,2008,82,2090,24.48780487804878
40599,3771,34,3805,110.91176470588236
40604,1404,83,1487,16.91566265060241
40608,3181,194,3375,16.396907216494846
40609,250,2310,2560,0.1082251082251082
40619,2870,674,3544,4.258160237388724
40621,3279,295,3574,11.115254237288136
40646,2964,247,3211,12.0
40647,2231,108,2339,20.65740740740741
40648,2593,113,2706,22.94690265486725
40665,3820,129,3949,29.612403100775197
40670,2950,202,3152,14.603960396039604
40692,663,139,802,4.76978417266187
40702,1858,105,1963,17.695238095238096
40713,2740,176,2916,15.568181818181818
40716,1135,193,1328,5.880829015544041
40721,1252,74,1326,16.91891891891892
40730,1889,169,2058,11.177514792899409
40733,2667,214,2881,12.462616822429906
40746,2507,126,2633,19.896825396825395
40749,3827,180,4007,21.261111111111116
40751,3841,243,4084,15.806584362139915
40754,3639,96,3735,37.90625
40764,3045,89,3134,34.21348314606742
40772,2238,1458,3696,1.5349794238683128
40784,2149,161,2310,13.347826086956522
40802,3565,301,3866,11.843853820598008
40816,1232,71,1303,17.35211267605634
40824,2225,450,2675,4.944444444444445
40831,2740,333,3073,8.228228228228229
40838,1859,168,2027,11.06547619047619
40843,2838,45,2883,63.06666666666667
40847,2319,212,2531,10.93867924528302
40849,2392,141,2533,16.9645390070922
40865,2530,162,2692,15.617283950617283
40875,2107,164,2271,12.847560975609756
40876,3240,93,3333,34.83870967741935
40898,1285,208,1493,6.177884615384615
40904,2306,104,2410,22.173076923076923
40907,2011,75,2086,26.813333333333333
40917,1999,138,2137,14.485507246376812
40918,3064,64,3128,47.875
40920,2676,247,2923,10.834008097165992
40923,2125,410,2535,5.182926829268292
40933,3881,169,4050,22.96449704142012
40938,2315,137,2452,16.8978102189781
40967,2673,655,3328,4.080916030534351
40970,3621,281,3902,12.886120996441282
40973,1829,123,1952,14.869918699186991
40977,2789,168,2957,16.601190476190474
40991,3014,83,3097,36.31325301204819
40993,884,88,972,10.045454545454543
41009,1006,220,1226,4.572727272727272
41025,3543,149,3692,23.778523489932887
41031,1738,327,2065,5.314984709480123
41032,2357,178,2535,13.241573033707866
41045,3808,215,4023,17.711627906976744
41063,2982,255,3237,11.694117647058825
41065,3523,351,3874,10.037037037037036
41072,2610,119,2729,21.932773109243698
41080,2694,109,2803,24.71559633027523
41095,2394,185,2579,12.94054054054054
41097,3123,207,3330,15.08695652173913
41104,3513,280,3793,12.54642857142857
41117,3524,166,3690,21.228915662650603
41122,2694,87,2781,30.96551724137931
41152,3354,108,3462,31.05555555555556
41154,624,194,818,3.216494845360825
41165,1406,64,1470,21.96875
41166,3098,143,3241,21.664335664335663
41175,3746,78,3824,48.02564102564103
41180,1302,78,1380,16.692307692307693
41181,212,1339,1551,0.1583271097834204
41182,2910,225,3135,12.933333333333334
41185,3552,166,3718,21.397590361445783
41206,3000,196,3196,15.306122448979592
41207,1662,290,1952,5.731034482758621
41223,1426,197,1623,7.238578680203045
41225,1994,122,2116,16.34426229508197
41229,2100,92,2192,22.82608695652174
41232,2701,193,2894,13.99481865284974
41236,2389,255,2644,9.368627450980393
41243,460,139,599,3.309352517985612
41245,2239,71,2310,31.535211267605632
41261,2471,99,2570,24.95959595959596
41269,3461,238,3699,14.542016806722687
41272,1143,179,1322,6.385474860335195
41282,2732,104,2836,26.26923076923077
41292,2016,71,2087,28.3943661971831
41302,3604,287,3891,12.557491289198609
41304,1099,128,1227,8.5859375
41313,3306,108,3414,30.61111111111111
41325,1296,322,1618,4.024844720496894
41330,967,66,1033,14.651515151515152
41337,3835,128,3963,29.9609375
41339,3883,114,3997,34.06140350877193
41342,3763,106,3869,35.5
41349,3893,48,3941,81.10416666666667
41355,2712,68,2780,39.88235294117647
41364,2263,309,2572,7.323624595469256
41376,2540,188,2728,13.51063829787234
41377,3028,93,3121,32.55913978494624
41386,3365,214,3579,15.72429906542056
41392,1796,83,1879,21.63855421686747
41396,1712,161,1873,10.633540372670808
41397,1883,139,2022,13.546762589928058
41398,2269,173,2442,13.115606936416183
41400,3063,302,3365,10.142384105960264
41409,2605,83,2688,31.3855421686747
41413,2222,272,2494,8.169117647058824
41418,1624,112,1736,14.5
41425,2052,160,2212,12.825
41431,3652,68,3720,53.70588235294117
41436,1449,105,1554,13.8
41440,2224,338,2562,6.579881656804734
41442,1419,79,1498,17.962025316455698
41453,2813,140,2953,20.09285714285714
41459,2528,119,2647,21.2436974789916
41464,3098,91,3189,34.043956043956044
41481,3719,162,3881,22.95679012345679
41497,2157,71,2228,30.380281690140844
41505,2189,196,2385,11.168367346938776
41515,2592,171,2763,15.157894736842104
41517,3559,288,3847,12.35763888888889
41523,1783,157,1940,11.356687898089172
41531,743,35,778,21.228571428571428
41541,3453,169,3622,20.43195266272189
41562,1686,254,1940,6.637795275590551
41569,78,3536,3614,0.0220588235294117
41573,2311,186,2497,12.424731182795698
41577,2206,52,2258,42.42307692307692
41596,2925,226,3151,12.942477876106194
41604,3684,104,3788,35.42307692307692
41605,2053,142,2195,14.45774647887324
41609,626,108,734,5.796296296296297
41614,4029,63,4092,63.95238095238095
41618,2450,83,2533,29.518072289156628
41650,3154,191,3345,16.513089005235603
41651,2418,171,2589,14.140350877192985
41655,3682,253,3935,14.553359683794469
41657,2725,114,2839,23.903508771929825
41666,3311,281,3592,11.782918149466193
41672,2770,196,2966,14.13265306122449
41679,3311,249,3560,13.29718875502008
41682,3143,124,3267,25.346774193548388
41684,2368,20,2388,118.4
41701,3805,103,3908,36.94174757281554
41714,3845,239,4084,16.08786610878661
41723,2468,96,2564,25.70833333333333
41725,3168,216,3384,14.666666666666666
41733,3155,151,3306,20.894039735099337
41735,1418,101,1519,14.03960396039604
41737,2098,121,2219,17.33884297520661
41759,2676,82,2758,32.63414634146341
41763,2765,139,2904,19.892086330935253
41790,1924,330,2254,5.83030303030303
41795,2322,161,2483,14.422360248447204
41796,1272,78,1350,16.307692307692307
41798,2981,258,3239,11.554263565891471
41799,3538,243,3781,14.559670781893004
41801,2523,1558,4081,1.6193838254172015
41803,3778,220,3998,17.172727272727272
41808,3127,287,3414,10.895470383275262
41812,3547,111,3658,31.954954954954957
41829,3006,371,3377,8.102425876010782
41833,2759,79,2838,34.9240506329114
41845,3841,113,3954,33.991150442477874
41847,2705,483,3188,5.600414078674948
41849,3365,300,3665,11.216666666666669
41851,597,3127,3724,0.190917812599936
41856,2951,130,3081,22.7
41864,3634,130,3764,27.953846153846158
41865,3375,91,3466,37.08791208791209
41868,2750,109,2859,25.229357798165136
41876,3219,228,3447,14.11842105263158
41892,2819,241,3060,11.697095435684648
41894,2688,23,2711,116.8695652173913
41902,892,739,1631,1.2070365358592692
41909,2662,63,2725,42.25396825396825
41926,2649,250,2899,10.596
41927,125,2667,2792,0.0468691413573303
41929,2913,78,2991,37.34615384615385
41930,3034,89,3123,34.08988764044944
41935,3777,128,3905,29.5078125
41936,3336,125,3461,26.688
41943,3707,88,3795,42.125
41946,2595,89,2684,29.15730337078652
41948,1980,1672,3652,1.1842105263157894
41952,2930,281,3211,10.427046263345195
41955,2152,178,2330,12.089887640449438
41962,2255,433,2688,5.2078521939953815
41974,1582,86,1668,18.3953488372093
41975,3640,105,3745,34.666666666666664
41981,3210,194,3404,16.54639175257732
41985,1747,130,1877,13.43846153846154
41992,1886,72,1958,26.194444444444443
41997,3394,157,3551,21.61783439490446
42020,2216,89,2305,24.89887640449438
42026,3026,95,3121,31.852631578947367
42033,2710,208,2918,13.028846153846152
42034,3695,275,3970,13.436363636363636
42039,1788,59,1847,30.305084745762716
42042,2342,166,2508,14.10843373493976
42057,2789,240,3029,11.620833333333334
42077,2553,207,2760,12.333333333333334
42079,1765,370,2135,4.77027027027027
42092,3162,246,3408,12.853658536585366
42093,2037,361,2398,5.642659279778393
42110,3310,116,3426,28.53448275862069
42112,2612,467,3079,5.593147751605995
42114,3417,200,3617,17.085
42126,2997,144,3141,20.8125
42140,2201,385,2586,5.716883116883117
42141,3710,224,3934,16.5625
42143,459,230,689,1.9956521739130435
42161,1071,247,1318,4.336032388663968
42166,1830,138,1968,13.26086956521739
42172,2034,183,2217,11.114754098360656
42191,3448,249,3697,13.847389558232932
42192,1348,214,1562,6.299065420560748
42196,1125,202,1327,5.569306930693069
42205,3075,114,3189,26.973684210526315
42226,2044,250,2294,8.176
42228,1936,168,2104,11.523809523809524
42231,3009,220,3229,13.677272727272728
42234,3695,148,3843,24.966216216216218
42237,3087,376,3463,8.210106382978724
42243,1288,66,1354,19.51515151515152
42247,3125,125,3250,25.0
42249,2360,142,2502,16.619718309859156
42259,1151,93,1244,12.376344086021506
42262,2904,155,3059,18.73548387096774
42269,3772,299,4071,12.615384615384617
42270,3977,32,4009,124.28125
42279,3720,84,3804,44.285714285714285
42280,2698,83,2781,32.506024096385545
42287,4018,74,4092,54.2972972972973
42290,417,1196,1613,0.3486622073578595
42295,2164,168,2332,12.88095238095238
42301,1069,165,1234,6.478787878787879
42317,3875,152,4027,25.49342105263158
42318,1563,189,1752,8.26984126984127
42327,3941,128,4069,30.7890625
42329,3758,125,3883,30.064
42339,2407,119,2526,20.22689075630252
42346,3710,171,3881,21.695906432748536
42353,3585,27,3612,132.77777777777777
42373,3530,153,3683,23.0718954248366
42375,3227,170,3397,18.98235294117647
42378,755,99,854,7.626262626262626
42387,3605,294,3899,12.261904761904765
42394,3814,114,3928,33.45614035087719
42403,1769,345,2114,5.127536231884058
42413,3580,184,3764,19.456521739130437
42416,2117,150,2267,14.113333333333332
42420,2728,298,3026,9.154362416107382
42437,3725,123,3848,30.284552845528456
42445,2580,93,2673,27.741935483870968
42450,1824,130,1954,14.03076923076923
42467,3669,74,3743,49.58108108108108
42471,2208,145,2353,15.227586206896552
42477,2885,302,3187,9.552980132450331
42506,3514,57,3571,61.64912280701754
42518,3654,222,3876,16.45945945945946
42522,2271,179,2450,12.687150837988828
42530,2457,286,2743,8.590909090909092
42544,3603,148,3751,24.344594594594597
42548,2058,162,2220,12.703703703703704
42550,2757,130,2887,21.20769230769231
42552,1156,160,1316,7.225
42553,3117,273,3390,11.417582417582418
42558,2689,110,2799,24.445454545454545
42564,2107,136,2243,15.492647058823527
42565,1775,219,1994,8.105022831050228
42570,3568,183,3751,19.49726775956284
42576,2287,497,2784,4.601609657947686
42587,3510,148,3658,23.716216216216218
42596,2796,119,2915,23.49579831932773
42598,2597,625,3222,4.1552
42606,3643,59,3702,61.74576271186441
42609,3753,312,4065,12.028846153846152
42613,2563,311,2874,8.241157556270096
42619,2737,164,2901,16.6890243902439
42620,3051,145,3196,21.041379310344823
42632,1004,1738,2742,0.5776754890678941
42651,259,3740,3999,0.0692513368983957
42653,3166,125,3291,25.328
42658,1648,45,1693,36.62222222222222
42661,3885,198,4083,19.62121212121212
42666,3801,71,3872,53.53521126760563
42680,3158,168,3326,18.797619047619047
42683,3537,115,3652,30.756521739130434
42698,2532,59,2591,42.91525423728814
42716,2404,180,2584,13.355555555555556
42717,3752,136,3888,27.58823529411765
42718,3918,127,4045,30.8503937007874
42719,3804,132,3936,28.818181818181817
42721,2539,227,2766,11.185022026431716
42722,3541,86,3627,41.174418604651166
42732,1326,187,1513,7.090909090909091
42749,3423,204,3627,16.779411764705884
42752,2866,166,3032,17.265060240963855
42755,2800,218,3018,12.844036697247706
42767,1898,126,2024,15.063492063492063
42779,3158,88,3246,35.88636363636363
42783,978,187,1165,5.229946524064171
42785,3817,135,3952,28.274074074074075
42791,2450,220,2670,11.136363636363637
42805,3442,289,3731,11.910034602076124
42819,2551,155,2706,16.45806451612903
42826,1681,299,1980,5.622073578595318
42828,2777,60,2837,46.28333333333333
42830,3180,134,3314,23.73134328358209
42843,781,202,983,3.866336633663366
42859,1899,45,1944,42.2
42871,729,2724,3453,0.2676211453744493
42874,2102,60,2162,35.03333333333333
42875,2284,67,2351,34.08955223880597
42881,926,169,1095,5.479289940828402
42895,2655,261,2916,10.172413793103448
42911,2935,116,3051,25.30172413793104
42912,1881,163,2044,11.539877300613496
42916,3421,194,3615,17.6340206185567
42917,3181,173,3354,18.387283236994215
42928,2991,364,3355,8.217032967032967
42933,2082,182,2264,11.43956043956044
42938,3686,310,3996,11.890322580645162
42939,3506,172,3678,20.38372093023256
42941,1841,56,1897,32.875
42943,3364,149,3513,22.57718120805369
42945,2270,101,2371,22.47524752475248
42949,1197,141,1338,8.48936170212766
42950,2561,63,2624,40.65079365079365
42954,1720,108,1828,15.925925925925926
42958,3614,250,3864,14.456
42964,3331,319,3650,10.442006269592476
42981,2803,208,3011,13.475961538461538
42986,1216,423,1639,2.8747044917257685
42999,2437,164,2601,14.859756097560975
43012,3739,264,4003,14.162878787878787
43015,2517,214,2731,11.761682242990654
43017,1810,301,2111,6.01328903654485
43022,3647,222,3869,16.42792792792793
43026,3293,164,3457,20.07926829268293
43027,1593,357,1950,4.46218487394958
43029,3324,255,3579,13.03529411764706
43032,3213,278,3491,11.557553956834532
43045,2172,82,2254,26.48780487804878
43053,3055,188,3243,16.25
43084,1472,145,1617,10.151724137931035
43097,1932,158,2090,12.227848101265822
43099,3380,112,3492,30.178571428571427
43107,3220,250,3470,12.88
43111,1635,130,1765,12.576923076923077
43112,2623,84,2707,31.226190476190474
43116,3162,222,3384,14.243243243243244
43140,2592,116,2708,22.344827586206897
43141,912,175,1087,5.211428571428572
43151,3621,242,3863,14.962809917355372
43158,1600,301,1901,5.3156146179402
43170,3785,147,3932,25.74829931972789
43178,3465,236,3701,14.682203389830509
43181,3820,139,3959,27.48201438848921
43182,3507,229,3736,15.314410480349345
43191,1430,76,1506,18.81578947368421
43197,2535,119,2654,21.30252100840336
43200,2137,480,2617,4.452083333333333
43209,1540,155,1695,9.935483870967742
43226,3377,188,3565,17.96276595744681
43238,2947,158,3105,18.651898734177216
43269,2832,144,2976,19.666666666666668
43272,2830,114,2944,24.82456140350877
43275,2669,191,2860,13.973821989528796
43282,2770,158,2928,17.531645569620252
43283,1101,199,1300,5.532663316582915
43284,3042,111,3153,27.405405405405407
43300,1467,176,1643,8.335227272727273
43306,3044,255,3299,11.937254901960785
43307,2615,134,2749,19.51492537313433
43323,3404,561,3965,6.067736185383244
43324,3622,172,3794,21.05813953488372
43325,3041,299,3340,10.17056856187291
43327,1869,108,1977,17.305555555555557
43333,3402,89,3491,38.2247191011236
43334,892,342,1234,2.608187134502924
43335,3825,112,3937,34.151785714285715
43339,3386,175,3561,19.34857142857143
43340,1145,2142,3287,0.534547152194211
43343,2464,405,2869,6.083950617283951
43345,1456,360,1816,4.044444444444444
43347,2490,101,2591,24.65346534653465
43350,2364,125,2489,18.912
43356,2585,87,2672,29.71264367816092
43359,1284,756,2040,1.6984126984126984
43372,2793,97,2890,28.79381443298969
43377,3413,180,3593,18.961111111111112
43381,846,283,1129,2.989399293286219
43387,2467,335,2802,7.364179104477612
43399,2323,86,2409,27.011627906976745
43401,2926,224,3150,13.0625
43412,2313,159,2472,14.547169811320757
43427,3364,144,3508,23.36111111111111
43447,3180,101,3281,31.485148514851485
43450,2448,243,2691,10.074074074074074
43452,3169,147,3316,21.5578231292517
43459,3747,230,3977,16.291304347826088
43486,2563,134,2697,19.12686567164179
43491,3047,175,3222,17.411428571428573
43499,3484,204,3688,17.07843137254902
43506,3753,209,3962,17.95693779904306
43512,1195,711,1906,1.680731364275668
43517,2426,48,2474,50.54166666666666
43518,3135,102,3237,30.735294117647054
43528,2993,52,3045,57.55769230769231
43533,3865,47,3912,82.23404255319149
43536,2760,145,2905,19.03448275862069
43549,1734,293,2027,5.918088737201365
43552,2740,238,2978,11.512605042016808
43561,3148,189,3337,16.656084656084655
43572,3402,97,3499,35.07216494845361
43591,2012,201,2213,10.00995024875622
43592,2065,167,2232,12.365269461077844
43595,1905,181,2086,10.524861878453038
43597,2228,71,2299,31.380281690140844
43603,3115,269,3384,11.57992565055762
43605,1923,168,2091,11.446428571428571
43620,2329,136,2465,17.125
43621,1122,139,1261,8.071942446043165
43622,2459,323,2782,7.613003095975232
43628,1094,186,1280,5.881720430107527
43630,3043,345,3388,8.820289855072463
43639,3035,193,3228,15.72538860103627
43650,2402,223,2625,10.771300448430493
43653,1954,35,1989,55.82857142857143
43658,3066,237,3303,12.936708860759492
43661,3785,144,3929,26.28472222222222
43666,3947,148,4095,26.66891891891892
43672,2174,92,2266,23.630434782608692
43675,3215,128,3343,25.1171875
43692,2893,161,3054,17.96894409937888
43710,1,3210,3211,0.0003115264797507
43731,3760,177,3937,21.242937853107343
43734,2857,190,3047,15.036842105263158
43740,3634,264,3898,13.765151515151516
43746,2565,288,2853,8.90625
43756,1486,40,1526,37.15
43759,3490,295,3785,11.830508474576272
43770,2920,428,3348,6.822429906542056
43776,2301,154,2455,14.941558441558442
43783,271,2541,2812,0.106650924832743
43789,3545,55,3600,64.45454545454545
43798,3263,290,3553,11.251724137931037
43799,2227,385,2612,5.7844155844155845
43828,3402,117,3519,29.07692307692308
43836,1629,161,1790,10.118012422360248
43846,2612,344,2956,7.593023255813954
43849,3105,85,3190,36.52941176470589
43855,2116,255,2371,8.298039215686275
43859,3355,174,3529,19.2816091954023
43869,3390,72,3462,47.083333333333336
43887,1588,193,1781,8.2279792746114
43888,2237,311,2548,7.192926045016077
43893,3682,244,3926,15.09016393442623
43909,3788,170,3958,22.28235294117647
43923,1897,132,2029,14.37121212121212
43926,3148,201,3349,15.661691542288557
43934,3698,100,3798,36.98
43935,1458,144,1602,10.125
43938,3696,202,3898,18.297029702970296
43942,1082,2664,3746,0.4061561561561561
43963,3301,174,3475,18.971264367816094
43973,359,369,728,0.97289972899729
43974,815,174,989,4.683908045977011
43975,1896,226,2122,8.389380530973451
43977,3352,121,3473,27.702479338842974
43982,3264,118,3382,27.661016949152543
43987,2447,149,2596,16.42281879194631
43988,3596,198,3794,18.161616161616163
44002,2469,88,2557,28.056818181818183
44005,2817,246,3063,11.451219512195122
44016,2025,25,2050,81.0
44021,1722,207,1929,8.318840579710145
44023,1285,258,1543,4.98062015503876
44028,3147,165,3312,19.072727272727278
44031,2597,198,2795,13.116161616161616
44035,2784,99,2883,28.12121212121212
44045,2074,95,2169,21.83157894736842
44049,3496,107,3603,32.67289719626168
44054,2782,100,2882,27.82
44057,3644,372,4016,9.795698924731182
44066,2442,353,2795,6.917847025495751
44091,2535,216,2751,11.73611111111111
44096,3224,207,3431,15.57487922705314
44112,3255,139,3394,23.41726618705036
44142,2177,74,2251,29.41891891891892
44204,3703,139,3842,26.640287769784173
44210,1011,234,1245,4.32051282051282
44229,3087,110,3197,28.063636363636363
44237,1888,140,2028,13.485714285714286
44247,3353,164,3517,20.445121951219512
44250,3356,118,3474,28.440677966101696
44252,2481,155,2636,16.006451612903227
44257,1658,96,1754,17.270833333333332
44259,3610,165,3775,21.87878787878788
44261,1962,356,2318,5.51123595505618
44272,358,3082,3440,0.1161583387410772
44275,3141,170,3311,18.47647058823529
44279,3680,59,3739,62.3728813559322
44298,864,1915,2779,0.4511749347258486
44299,3642,259,3901,14.061776061776062
44301,4009,45,4054,89.08888888888889
44319,2421,129,2550,18.76744186046512
44324,1838,180,2018,10.21111111111111
44329,3662,105,3767,34.87619047619047
44330,1440,315,1755,4.571428571428571
44340,3517,190,3707,18.510526315789477
44349,3821,204,4025,18.730392156862745
44359,1454,299,1753,4.862876254180602
44360,3133,259,3392,12.096525096525095
44371,3498,155,3653,22.56774193548387
44376,2910,147,3057,19.79591836734694
44377,2797,174,2971,16.07471264367816
44383,2981,128,3109,23.2890625
44397,1279,219,1498,5.840182648401827
44407,1886,236,2122,7.991525423728813
44426,1593,124,1717,12.846774193548388
44434,2182,179,2361,12.189944134078212
44437,2767,163,2930,16.975460122699385
44444,1034,111,1145,9.315315315315315
44447,2176,151,2327,14.410596026490069
44449,3572,141,3713,25.33333333333333
44455,217,3368,3585,0.0644299287410926
44470,2838,214,3052,13.261682242990654
44473,1214,59,1273,20.57627118644068
44478,3194,215,3409,14.855813953488372
44489,2853,140,2993,20.37857142857143
44492,2234,87,2321,25.67816091954023
44495,3548,385,3933,9.215584415584416
44497,1512,162,1674,9.333333333333334
44512,3011,314,3325,9.589171974522293
44523,3908,122,4030,32.032786885245905
44534,428,210,638,2.038095238095238
44535,2011,53,2064,37.943396226415096
44544,3651,195,3846,18.723076923076924
44546,2317,109,2426,21.256880733944957
44553,2849,143,2992,19.923076923076923
44563,3149,89,3238,35.38202247191011
44567,3271,166,3437,19.704819277108435
44574,3477,99,3576,35.121212121212125
44577,1257,87,1344,14.448275862068966
44583,536,151,687,3.5496688741721854
44590,2868,95,2963,30.18947368421053
44592,1774,191,1965,9.287958115183246
44593,3103,124,3227,25.024193548387096
44603,430,2479,2909,0.1734570391286809
44615,2550,211,2761,12.085308056872035
44628,3005,71,3076,42.32394366197183
44635,927,227,1154,4.083700440528634
44637,1841,142,1983,12.964788732394366
44642,2214,155,2369,14.283870967741937
44649,1443,142,1585,10.161971830985916
44674,3034,149,3183,20.36241610738255
44680,2417,141,2558,17.141843971631207
44683,2424,119,2543,20.369747899159663
44691,2359,45,2404,52.422222222222224
44694,3171,178,3349,17.814606741573034
44696,2004,809,2813,2.477132262051916
44702,2067,176,2243,11.744318181818182
44705,2238,324,2562,6.907407407407407
44713,2667,33,2700,80.81818181818181
44715,3218,181,3399,17.77900552486188
44738,3291,481,3772,6.841995841995842
44740,1074,142,1216,7.563380281690141
44751,3282,315,3597,10.41904761904762
44759,3470,183,3653,18.961748633879782
44766,3152,101,3253,31.207920792079207
44770,3526,120,3646,29.383333333333333
44773,2850,136,2986,20.955882352941178
44778,1727,196,1923,8.811224489795919
44783,2992,62,3054,48.25806451612903
44786,3252,288,3540,11.291666666666666
44806,668,193,861,3.461139896373057
44815,3810,131,3941,29.083969465648856
44832,849,94,943,9.03191489361702
44838,3786,190,3976,19.926315789473684
44839,2102,78,2180,26.94871794871795
44842,3239,160,3399,20.24375
44848,2345,165,2510,14.212121212121213
44882,2847,200,3047,14.235
44886,2631,150,2781,17.54
44892,3616,140,3756,25.82857142857143
44893,2252,286,2538,7.874125874125874
44898,716,251,967,2.852589641434263
44917,40,1666,1706,0.0240096038415366
44922,2447,125,2572,19.576
44924,1016,59,1075,17.220338983050848
44935,2856,348,3204,8.206896551724139
44938,2787,322,3109,8.65527950310559
44945,2892,146,3038,19.80821917808219
44953,3635,201,3836,18.084577114427866
44957,3661,306,3967,11.9640522875817
44960,3151,346,3497,9.106936416184972
44974,1341,180,1521,7.45
44978,3817,176,3993,21.6875
45008,3532,359,3891,9.838440111420612
45024,2084,134,2218,15.552238805970148
45026,1868,208,2076,8.98076923076923
45038,3662,129,3791,28.387596899224807
45044,2903,188,3091,15.441489361702128
45045,3420,125,3545,27.36
45050,90,3285,3375,0.0273972602739726
45071,2334,210,2544,11.114285714285714
45084,1873,267,2140,7.01498127340824
45096,3486,171,3657,20.385964912280706
45099,1225,75,1300,16.333333333333332
45104,3359,346,3705,9.708092485549132
45107,740,2387,3127,0.3100125680770842
45110,3403,252,3655,13.503968253968257
45127,1838,94,1932,19.5531914893617
45134,1951,112,2063,17.419642857142858
45140,3338,130,3468,25.67692307692308
45142,2806,213,3019,13.173708920187794
45151,3345,124,3469,26.975806451612904
45163,2268,125,2393,18.144
45171,2904,200,3104,14.52
45173,1907,164,2071,11.628048780487806
45183,2233,46,2279,48.54347826086956
45189,902,256,1158,3.5234375
45194,3087,311,3398,9.92604501607717
45200,1482,131,1613,11.312977099236642
45201,3831,47,3878,81.51063829787235
45229,2344,344,2688,6.813953488372093
45253,2408,579,2987,4.158894645941278
45259,2765,184,2949,15.027173913043478
45279,2524,102,2626,24.745098039215687
45280,3739,207,3946,18.06280193236715
45284,1380,239,1619,5.7740585774058575
45293,3138,135,3273,23.244444444444444
45294,76,2937,3013,0.0258767449778685
45295,2463,161,2624,15.298136645962732
45298,2350,192,2542,12.239583333333334
45313,2323,97,2420,23.948453608247423
45317,3359,240,3599,13.995833333333334
45333,791,282,1073,2.8049645390070923
45353,2745,359,3104,7.646239554317549
45362,2217,206,2423,10.762135922330096
45376,3435,37,3472,92.83783783783784
45379,3549,150,3699,23.66
45402,2496,135,2631,18.488888888888887
45406,3903,156,4059,25.01923076923077
45411,1921,215,2136,8.934883720930232
45413,3477,157,3634,22.146496815286625
45414,3237,200,3437,16.185
45417,2492,129,2621,19.31782945736434
45418,3923,130,4053,30.17692307692308
45425,58,3040,3098,0.019078947368421
45432,2444,130,2574,18.8
45434,1819,45,1864,40.422222222222224
45437,2472,174,2646,14.20689655172414
45442,1571,49,1620,32.06122448979592
45445,3887,140,4027,27.76428571428572
45450,1760,88,1848,20.0
45451,3672,114,3786,32.21052631578947
45455,2140,220,2360,9.727272727272728
45468,3369,427,3796,7.889929742388759
45476,3372,185,3557,18.227027027027027
45483,120,3000,3120,0.04
45485,666,3021,3687,0.2204568023833167
45488,130,2013,2143,0.0645802285146547
45492,1909,121,2030,15.776859504132233
45493,3210,157,3367,20.445859872611464
45518,2917,160,3077,18.23125
45543,2005,131,2136,15.30534351145038
45550,2444,69,2513,35.42028985507246
45561,3769,161,3930,23.40993788819876
45569,3256,284,3540,11.464788732394366
45591,3338,410,3748,8.141463414634146
45597,3262,167,3429,19.53293413173653
45606,1756,873,2629,2.011454753722795
45625,3777,207,3984,18.246376811594203
45626,1680,119,1799,14.117647058823527
45629,2258,111,2369,20.34234234234234
45633,2320,61,2381,38.03278688524591
45634,2945,223,3168,13.20627802690583
45636,849,381,1230,2.228346456692913
45638,2985,317,3302,9.416403785488958
45645,3137,130,3267,24.130769230769232
45646,3397,88,3485,38.60227272727273
45653,3837,139,3976,27.60431654676259
45654,1881,80,1961,23.5125
45663,735,83,818,8.855421686746988
45666,3514,162,3676,21.69135802469136
45675,3424,280,3704,12.228571428571428
45679,3147,135,3282,23.31111111111111
45684,3056,99,3155,30.86868686868687
45685,3165,224,3389,14.129464285714286
45693,2111,88,2199,23.988636363636363
45698,2553,139,2692,18.366906474820144
45699,1078,76,1154,14.18421052631579
45704,3713,246,3959,15.09349593495935
45705,3158,184,3342,17.16304347826087
45709,1648,57,1705,28.912280701754387
45712,2931,34,2965,86.20588235294117
45714,3338,151,3489,22.105960264900663
45717,3604,168,3772,21.452380952380956
45729,1237,209,1446,5.91866028708134
45730,3511,416,3927,8.439903846153847
45739,2945,194,3139,15.18041237113402
45742,3572,372,3944,9.602150537634408
45757,2623,181,2804,14.49171270718232
45758,2455,70,2525,35.07142857142857
45762,3269,201,3470,16.263681592039802
45767,2258,291,2549,7.759450171821306
45772,3212,172,3384,18.67441860465116
45783,426,2609,3035,0.1632809505557685
45785,2559,98,2657,26.112244897959183
45790,3309,26,3335,127.26923076923076
45803,3344,198,3542,16.88888888888889
45807,3729,184,3913,20.26630434782609
45810,3799,173,3972,21.95953757225433
45811,1554,334,1888,4.652694610778443
45816,3359,77,3436,43.62337662337662
45833,3437,163,3600,21.085889570552148
45836,3840,65,3905,59.07692307692308
45837,3851,145,3996,26.55862068965517
45841,1945,106,2051,18.349056603773583
45842,2168,185,2353,11.718918918918918
45849,1426,144,1570,9.90277777777778
45853,2477,145,2622,17.082758620689656
45874,3952,116,4068,34.06896551724138
45876,2449,244,2693,10.03688524590164
45879,364,3435,3799,0.1059679767103347
45885,1814,147,1961,12.34013605442177
45899,683,114,797,5.991228070175438
45903,2479,87,2566,28.49425287356322
45905,3735,343,4078,10.889212827988338
45925,3352,142,3494,23.6056338028169
45930,2911,206,3117,14.131067961165048
45938,3551,78,3629,45.52564102564103
45939,1627,99,1726,16.434343434343436
45955,2730,219,2949,12.465753424657532
45962,3582,179,3761,20.011173184357546
45966,3795,232,4027,16.357758620689655
45969,76,3599,3675,0.0211169769380383
45988,1206,2759,3965,0.4371148967017035
45996,3453,160,3613,21.58125
45998,3505,268,3773,13.078358208955224
46008,2172,255,2427,8.51764705882353
46014,2056,53,2109,38.79245283018868
46017,1129,87,1216,12.977011494252874
46026,1746,112,1858,15.589285714285714
46030,3004,53,3057,56.67924528301887
46043,1470,144,1614,10.208333333333334
46048,1257,96,1353,13.09375
46049,1989,126,2115,15.785714285714286
46059,2380,223,2603,10.672645739910314
46065,2005,163,2168,12.300613496932517
46072,2541,76,2617,33.43421052631579
46093,2275,151,2426,15.066225165562914
46099,3049,134,3183,22.753731343283583
46105,3803,268,4071,14.190298507462687
46107,3669,380,4049,9.655263157894735
46121,3627,130,3757,27.9
46122,3236,199,3435,16.261306532663315
46129,1732,56,1788,30.928571428571427
46133,2183,71,2254,30.74647887323944
46136,2928,212,3140,13.81132075471698
46141,3702,269,3971,13.762081784386616
46154,3497,212,3709,16.495283018867923
46168,3052,51,3103,59.84313725490196
46187,2029,56,2085,36.23214285714285
46190,3732,106,3838,35.20754716981132
46192,3491,211,3702,16.545023696682463
46203,1415,104,1519,13.60576923076923
46207,2755,27,2782,102.03703703703704
46227,752,365,1117,2.06027397260274
46238,3623,199,3822,18.20603015075377
46254,3145,142,3287,22.14788732394366
46255,3438,256,3694,13.4296875
46257,3103,360,3463,8.619444444444444
46258,1568,680,2248,2.3058823529411763
46259,1100,124,1224,8.870967741935484
46267,3628,200,3828,18.14
46271,3511,139,3650,25.258992805755398
46275,2614,57,2671,45.85964912280702
46280,2112,137,2249,15.416058394160585
46284,2224,209,2433,10.641148325358852
46302,2170,157,2327,13.821656050955411
46304,2799,186,2985,15.048387096774194
46319,593,3346,3939,0.1772265391512253
46320,1117,149,1266,7.496644295302014
46322,2467,84,2551,29.36904761904762
46324,1943,1872,3815,1.0379273504273503
46327,544,2933,3477,0.1854756222297988
46328,3571,43,3614,83.04651162790698
46335,2772,1105,3877,2.5085972850678733
46345,2410,200,2610,12.05
46348,3094,193,3287,16.031088082901555
46353,3201,99,3300,32.333333333333336
46354,2010,181,2191,11.104972375690608
46369,2599,68,2667,38.22058823529412
46373,2095,64,2159,32.734375
46385,1775,261,2036,6.800766283524904
46403,1564,61,1625,25.639344262295083
46410,1480,131,1611,11.297709923664122
46412,1661,220,1881,7.55
46429,472,2827,3299,0.1669614432260346
46430,2646,153,2799,17.294117647058822
46432,1565,260,1825,6.019230769230769
46447,3210,100,3310,32.1
46459,924,78,1002,11.846153846153848
46463,3653,134,3787,27.261194029850746
46470,2039,93,2132,21.9247311827957
46482,2650,305,2955,8.688524590163935
46497,3995,62,4057,64.43548387096774
46509,3024,261,3285,11.586206896551724
46511,717,176,893,4.073863636363637
46514,3805,162,3967,23.48765432098765
46534,3425,218,3643,15.711009174311927
46543,3274,89,3363,36.78651685393258
46544,3581,256,3837,13.98828125
46545,3854,90,3944,42.82222222222222
46558,99,3840,3939,0.02578125
46563,1995,78,2073,25.57692307692308
46566,3402,131,3533,25.96946564885496
46568,1405,168,1573,8.363095238095237
46569,3842,133,3975,28.887218045112785
46573,2077,238,2315,8.72689075630252
46574,3733,150,3883,24.886666666666667
46588,1357,125,1482,10.856
46589,3867,207,4074,18.681159420289852
46593,3156,199,3355,15.85929648241206
46595,2047,261,2308,7.842911877394636
46597,1685,122,1807,13.811475409836063
46606,715,58,773,12.327586206896552
46610,636,577,1213,1.1022530329289428
46616,1566,74,1640,21.16216216216216
46618,38,3544,3582,0.0107223476297968
46623,2813,337,3150,8.347181008902076
46624,1504,405,1909,3.71358024691358
46640,3916,124,4040,31.580645161290324
46656,767,2115,2882,0.3626477541371158
46668,3121,141,3262,22.134751773049647
46674,3902,172,4074,22.686046511627907
46681,2824,132,2956,21.393939393939394
46683,43,3137,3180,0.0137073637233025
46687,3219,537,3756,5.994413407821229
46688,2049,192,2241,10.671875
46702,729,108,837,6.75
46708,3817,200,4017,19.085
46714,3408,246,3654,13.853658536585366
46721,1590,262,1852,6.068702290076335
46727,3988,71,4059,56.16901408450704
46732,2491,116,2607,21.474137931034484
46736,3770,93,3863,40.53763440860215
46743,1952,78,2030,25.025641025641026
46746,3556,134,3690,26.53731343283582
46764,3012,81,3093,37.18518518518518
46771,1600,163,1763,9.8159509202454
46778,2535,138,2673,18.369565217391305
46780,2171,84,2255,25.84523809523809
46791,1876,222,2098,8.45045045045045
46792,3360,212,3572,15.849056603773583
46794,3442,145,3587,23.73793103448276
46795,3463,123,3586,28.15447154471545
46801,921,87,1008,10.586206896551724
46807,3690,299,3989,12.34113712374582
46810,1518,76,1594,19.973684210526315
46823,2011,198,2209,10.156565656565656
46839,376,68,444,5.529411764705882
46847,3490,96,3586,36.35416666666666
46850,2918,114,3032,25.59649122807017
46857,3731,218,3949,17.11467889908257
46859,2095,217,2312,9.654377880184333
46879,3239,337,3576,9.611275964391693
46889,3437,217,3654,15.838709677419354
46904,1542,167,1709,9.233532934131736
46907,3150,100,3250,31.5
46922,3127,212,3339,14.75
46927,2575,239,2814,10.774058577405858
46929,2007,84,2091,23.892857142857142
46944,2741,70,2811,39.15714285714286
46945,170,3745,3915,0.0453938584779706
46947,1675,78,1753,21.47435897435897
46949,1589,71,1660,22.380281690140844
46950,2361,118,2479,20.008474576271187
46961,2032,1461,3493,1.3908281998631074
46962,2786,57,2843,48.87719298245614
46963,3480,239,3719,14.560669456066943
46975,2147,98,2245,21.90816326530612
46984,2701,91,2792,29.68131868131868
47002,1371,181,1552,7.574585635359116
47003,2362,53,2415,44.56603773584906
47004,2575,175,2750,14.714285714285714
47008,3902,72,3974,54.19444444444444
47027,1881,190,2071,9.9
47046,3359,326,3685,10.303680981595091
47051,887,238,1125,3.726890756302521
47068,1992,131,2123,15.206106870229007
47072,2396,249,2645,9.622489959839358
47081,1842,157,1999,11.73248407643312
47084,1182,123,1305,9.609756097560975
47087,1413,329,1742,4.2948328267477205
47104,3134,111,3245,28.234234234234236
47106,2175,214,2389,10.163551401869158
47111,1730,32,1762,54.0625
47117,1008,97,1105,10.391752577319588
47120,1942,207,2149,9.381642512077295
47124,2451,222,2673,11.04054054054054
47127,3622,158,3780,22.924050632911392
47129,3185,202,3387,15.767326732673268
47132,3511,317,3828,11.07570977917981
47136,971,148,1119,6.5608108108108105
47150,3361,298,3659,11.278523489932883
47154,3967,124,4091,31.991935483870968
47158,1109,105,1214,10.561904761904762
47167,1966,231,2197,8.51082251082251
47170,1377,103,1480,13.368932038834952
47174,3751,178,3929,21.073033707865168
47180,2708,248,2956,10.919354838709678
47181,1462,178,1640,8.213483146067416
47184,2044,671,2715,3.046199701937407
47189,3141,164,3305,19.152439024390244
47194,3532,108,3640,32.7037037037037
47198,3439,197,3636,17.456852791878173
47204,3735,134,3869,27.87313432835821
47207,1254,193,1447,6.497409326424871
47215,613,228,841,2.68859649122807
47216,1879,112,1991,16.776785714285715
47221,3815,212,4027,17.995283018867923
47248,3389,109,3498,31.091743119266056
47250,2599,170,2769,15.288235294117648
47282,3532,269,3801,13.130111524163569
47285,3857,89,3946,43.3370786516854
47287,3794,117,3911,32.427350427350426
47292,2623,191,2814,13.732984293193716
47294,3106,140,3246,22.185714285714287
47295,2190,759,2949,2.8853754940711465
47313,3382,195,3577,17.343589743589742
47317,2408,242,2650,9.950413223140496
47322,1649,323,1972,5.105263157894737
47332,2503,305,2808,8.20655737704918
47333,880,198,1078,4.444444444444445
47335,379,2001,2380,0.1894052973513243
47342,2338,326,2664,7.171779141104294
47343,2647,72,2719,36.763888888888886
47374,2314,210,2524,11.01904761904762
47377,1977,150,2127,13.18
47380,2987,219,3206,13.639269406392694
47381,2348,56,2404,41.92857142857143
47389,1844,152,1996,12.13157894736842
47392,3741,185,3926,20.221621621621622
47393,3293,205,3498,16.06341463414634
47394,1095,116,1211,9.439655172413794
47399,31,2770,2801,0.0111913357400722
47407,2781,140,2921,19.864285714285717
47424,1549,2400,3949,0.6454166666666666
47429,3159,137,3296,23.05839416058394
47431,3449,46,3495,74.97826086956522
47442,3339,142,3481,23.51408450704225
47448,1316,333,1649,3.951951951951952
47455,115,2875,2990,0.04
47473,3504,197,3701,17.78680203045685
47475,2875,216,3091,13.310185185185183
47478,2647,146,2793,18.13013698630137
47479,3743,183,3926,20.453551912568305
47485,2795,326,3121,8.57361963190184
47487,2912,133,3045,21.894736842105264
47496,1748,160,1908,10.925
47498,3207,212,3419,15.12735849056604
47503,2544,174,2718,14.620689655172416
47504,3005,121,3126,24.83471074380165
47505,3791,128,3919,29.6171875
47508,1177,117,1294,10.05982905982906
47513,2249,120,2369,18.741666666666667
47515,1600,76,1676,21.05263157894737
47521,2220,166,2386,13.373493975903614
47524,3619,123,3742,29.42276422764228
47529,2738,355,3093,7.7126760563380286
47544,641,3302,3943,0.1941247728649303
47546,2690,207,2897,12.995169082125605
47552,1637,112,1749,14.616071428571429
47574,2631,146,2777,18.02054794520548
47581,2704,227,2931,11.911894273127754
47586,1288,265,1553,4.860377358490566
47600,2395,213,2608,11.244131455399062
47614,3933,115,4048,34.2
47615,3340,79,3419,42.27848101265823
47623,3976,91,4067,43.69230769230769
47626,2568,250,2818,10.272
47631,1434,151,1585,9.496688741721854
47639,1338,228,1566,5.868421052631579
47652,3726,126,3852,29.571428571428573
47656,3406,119,3525,28.6218487394958
47658,2620,87,2707,30.114942528735632
47663,2587,219,2806,11.812785388127852
47675,1309,271,1580,4.830258302583026
47683,3208,237,3445,13.535864978902952
47685,1127,182,1309,6.1923076923076925
47693,2817,174,2991,16.189655172413794
47695,3102,457,3559,6.787746170678337
47725,3457,192,3649,18.005208333333332
47728,3515,37,3552,95.0
47732,3110,70,3180,44.42857142857143
47737,84,3090,3174,0.0271844660194174
47743,3097,163,3260,19.0
47745,2608,151,2759,17.271523178807946
47747,2177,184,2361,11.831521739130435
47757,85,2307,2392,0.0368443866493281
47758,3765,71,3836,53.0281690140845
47772,3409,275,3684,12.396363636363636
47776,2979,307,3286,9.703583061889251
47778,2839,187,3026,15.181818181818182
47781,1802,118,1920,15.271186440677964
47784,2370,110,2480,21.545454545454547
47787,1575,323,1898,4.876160990712075
47802,1547,250,1797,6.188
47819,1508,289,1797,5.217993079584775
47825,3045,133,3178,22.894736842105264
47844,2123,139,2262,15.273381294964029
47849,2381,119,2500,20.008403361344534
47855,2004,199,2203,10.07035175879397
47856,1487,189,1676,7.867724867724868
47858,3012,119,3131,25.310924369747895
47859,3722,350,4072,10.634285714285712
47860,3800,271,4071,14.022140221402214
47868,3485,452,3937,7.710176991150442
47874,3936,127,4063,30.992125984251967
47877,2067,293,2360,7.054607508532423
47880,3853,154,4007,25.01948051948052
47881,2534,228,2762,11.114035087719298
47896,2174,177,2351,12.282485875706216
47912,143,3001,3144,0.0476507830723092
47913,2740,486,3226,5.637860082304527
47922,1661,151,1812,11.0
47934,1950,99,2049,19.696969696969692
47944,2685,78,2763,34.42307692307692
47953,3604,261,3865,13.808429118773946
47954,3004,211,3215,14.236966824644549
47964,3171,104,3275,30.490384615384617
47976,3448,385,3833,8.955844155844156
47984,2719,256,2975,10.62109375
47988,1986,192,2178,10.34375
48006,2287,186,2473,12.295698924731182
48007,2869,76,2945,37.75
48020,3002,113,3115,26.56637168141593
48035,1479,544,2023,2.71875
48045,969,134,1103,7.231343283582089
48049,2219,404,2623,5.492574257425742
48053,3339,344,3683,9.706395348837209
48068,2582,109,2691,23.68807339449541
48074,3089,254,3343,12.161417322834646
48081,3824,220,4044,17.381818181818183
48099,2061,116,2177,17.767241379310345
48108,3574,108,3682,33.092592592592595
48109,3716,103,3819,36.07766990291263
48111,3653,253,3906,14.438735177865611
48121,2328,179,2507,13.005586592178773
48127,3267,253,3520,12.91304347826087
48131,3596,139,3735,25.8705035971223
48132,2035,116,2151,17.54310344827586
48133,1954,223,2177,8.762331838565023
48135,1466,126,1592,11.634920634920634
48160,1107,2160,3267,0.5125
48165,2271,115,2386,19.74782608695652
48176,1952,62,2014,31.483870967741936
48181,3695,255,3950,14.490196078431373
48182,3627,138,3765,26.282608695652176
48183,1514,358,1872,4.229050279329609
48185,3439,124,3563,27.733870967741936
48193,3499,163,3662,21.466257668711656
48216,2413,200,2613,12.065
48224,3278,161,3439,20.36024844720497
48228,3352,110,3462,30.472727272727276
48231,3810,92,3902,41.41304347826087
48233,355,2364,2719,0.1501692047377326
48238,3593,193,3786,18.616580310880828
48251,1856,195,2051,9.517948717948718
48255,2943,147,3090,20.020408163265305
48262,2677,327,3004,8.186544342507645
48270,2206,94,2300,23.46808510638298
48277,3004,480,3484,6.258333333333334
48308,2805,186,2991,15.080645161290322
48318,2984,183,3167,16.306010928961747
48321,3881,212,4093,18.306603773584907
48322,3511,258,3769,13.608527131782946
48337,2029,120,2149,16.908333333333335
48338,1741,268,2009,6.496268656716418
48339,2790,230,3020,12.130434782608695
48342,2732,93,2825,29.376344086021504
48349,3453,281,3734,12.288256227758009
48353,2218,146,2364,15.191780821917808
48357,2167,281,2448,7.711743772241993
48364,2620,399,3019,6.5664160401002505
48373,2627,76,2703,34.56578947368421
48386,2185,105,2290,20.80952380952381
48389,3675,101,3776,36.38613861386138
48393,3572,165,3737,21.64848484848485
48408,3441,295,3736,11.664406779661016
48423,2329,271,2600,8.59409594095941
48424,2048,69,2117,29.681159420289852
48437,2826,129,2955,21.906976744186046
48439,1446,185,1631,7.816216216216216
48453,3932,83,4015,47.373493975903614
48459,2488,355,2843,7.0084507042253525
48471,2352,50,2402,47.04
48473,753,175,928,4.302857142857143
48484,3565,127,3692,28.070866141732285
48488,3455,184,3639,18.77717391304348
48493,3813,217,4030,17.571428571428573
48498,698,111,809,6.288288288288288
48500,3796,98,3894,38.734693877551024
48506,2676,237,2913,11.291139240506327
48522,2465,156,2621,15.801282051282053
48523,1872,296,2168,6.324324324324325
48525,2793,81,2874,34.48148148148148
48526,3265,140,3405,23.321428571428573
48530,2870,193,3063,14.870466321243525
48543,3794,159,3953,23.861635220125788
48551,3650,274,3924,13.32116788321168
48554,2527,120,2647,21.058333333333334
48566,1111,118,1229,9.415254237288137
48569,2140,190,2330,11.263157894736842
48575,2557,209,2766,12.23444976076555
48586,2888,23,2911,125.56521739130434
48592,3283,160,3443,20.51875
48605,2305,195,2500,11.82051282051282
48607,2604,125,2729,20.832
48615,3214,314,3528,10.235668789808916
48616,1302,98,1400,13.285714285714286
48629,1882,58,1940,32.44827586206897
48638,3782,159,3941,23.78616352201258
48657,2995,136,3131,22.022058823529413
48663,917,76,993,12.06578947368421
48671,3429,243,3672,14.11111111111111
48679,1788,215,2003,8.316279069767441
48699,3810,131,3941,29.083969465648856
48701,2166,157,2323,13.796178343949045
48717,2097,214,2311,9.799065420560748
48727,3242,50,3292,64.84
48736,2788,196,2984,14.224489795918368
48740,2510,154,2664,16.2987012987013
48741,2539,439,2978,5.783599088838269
48752,2062,262,2324,7.870229007633588
48772,2606,148,2754,17.60810810810811
48775,3389,198,3587,17.116161616161616
48776,2489,168,2657,14.81547619047619
48778,2771,131,2902,21.15267175572519
48781,3772,99,3871,38.1010101010101
48796,3436,59,3495,58.23728813559322
48832,1599,176,1775,9.085227272727272
48838,3132,229,3361,13.676855895196509
48841,2493,121,2614,20.60330578512397
48846,2982,174,3156,17.137931034482758
48851,2492,249,2741,10.008032128514056
48853,2276,166,2442,13.710843373493976
48855,2777,317,3094,8.760252365930599
48862,2556,317,2873,8.063091482649842
48869,1096,175,1271,6.262857142857143
48880,2553,154,2707,16.57792207792208
48888,3813,143,3956,26.664335664335663
48891,3670,248,3918,14.798387096774194
48892,56,2668,2724,0.0209895052473763
48893,1821,273,2094,6.670329670329671
48913,3355,347,3702,9.668587896253602
48927,3236,137,3373,23.62043795620438
48929,1137,255,1392,4.458823529411765
48945,1952,322,2274,6.062111801242236
48958,3356,219,3575,15.32420091324201
48965,2615,161,2776,16.242236024844722
48969,2660,123,2783,21.6260162601626
48984,2031,127,2158,15.992125984251969
48992,2539,253,2792,10.035573122529645
48993,2848,107,2955,26.61682242990654
48998,3462,171,3633,20.24561403508772
49000,790,226,1016,3.495575221238938
49011,2368,803,3171,2.9489414694894145
49051,1594,164,1758,9.71951219512195
49062,2079,96,2175,21.65625
49064,3943,106,4049,37.198113207547166
49075,3603,177,3780,20.35593220338983
49080,2301,473,2774,4.864693446088795
49082,3814,210,4024,18.16190476190476
49101,3034,169,3203,17.952662721893493
49105,2337,99,2436,23.60606060606061
49109,522,149,671,3.503355704697986
49114,3414,145,3559,23.544827586206896
49115,3019,212,3231,14.24056603773585
49121,2393,242,2635,9.888429752066116
49134,2287,189,2476,12.1005291005291
49149,1908,167,2075,11.425149700598803
49151,2576,199,2775,12.944723618090451
49161,3563,104,3667,34.25961538461539
49170,3339,260,3599,12.842307692307692
49192,1138,199,1337,5.71859296482412
49197,1549,114,1663,13.587719298245617
49199,3088,260,3348,11.876923076923076
49204,967,162,1129,5.969135802469136
49215,2829,90,2919,31.433333333333334
49216,3533,252,3785,14.01984126984127
49217,1434,282,1716,5.085106382978723
49225,2962,239,3201,12.393305439330543
49226,3799,162,3961,23.450617283950617
49245,3164,33,3197,95.87878787878788
49252,3262,413,3675,7.898305084745763
49255,3895,156,4051,24.96794871794872
49272,2805,213,3018,13.169014084507042
49273,2226,73,2299,30.493150684931507
49274,3489,162,3651,21.53703703703704
49275,3178,87,3265,36.52873563218391
49276,3119,172,3291,18.13372093023256
49282,2694,63,2757,42.76190476190476
49294,1818,138,1956,13.173913043478262
49300,2129,98,2227,21.72448979591837
49320,3424,82,3506,41.75609756097561
49326,1359,272,1631,4.9963235294117645
49331,3406,120,3526,28.383333333333333
49334,2141,131,2272,16.34351145038168
49349,2538,66,2604,38.45454545454545
49363,1818,205,2023,8.86829268292683
49368,2917,272,3189,10.724264705882351
49369,3956,52,4008,76.07692307692308
49375,1115,209,1324,5.334928229665072
49384,3393,307,3700,11.052117263843648
49390,2816,220,3036,12.8
49394,942,164,1106,5.743902439024391
49397,3625,132,3757,27.46212121212121
49411,3435,259,3694,13.262548262548265
49412,3063,593,3656,5.165261382799326
49431,2042,241,2283,8.473029045643154
49438,3216,638,3854,5.040752351097178
49439,1912,137,2049,13.956204379562044
49441,3289,231,3520,14.238095238095235
49456,3870,175,4045,22.114285714285717
49484,982,158,1140,6.215189873417722
49486,2473,386,2859,6.4067357512953365
49491,2677,141,2818,18.98581560283688
49494,3249,329,3578,9.875379939209726
49499,2856,191,3047,14.952879581151832
49519,1,2403,2404,0.0004161464835622
49520,3725,271,3996,13.74538745387454
49526,3718,177,3895,21.005649717514125
49532,2504,202,2706,12.396039603960396
49536,3312,140,3452,23.65714285714286
49537,3748,285,4033,13.150877192982456
49538,1900,149,2049,12.751677852348994
49541,2175,70,2245,31.071428571428573
49542,1982,242,2224,8.190082644628099
49543,2118,150,2268,14.12
49554,2868,429,3297,6.685314685314685
49567,3678,49,3727,75.06122448979592
49569,2358,181,2539,13.027624309392266
49572,3536,84,3620,42.095238095238095
49578,1932,280,2212,6.9
49580,2963,190,3153,15.594736842105265
49582,1324,259,1583,5.111969111969112
49592,1690,92,1782,18.369565217391305
49601,3159,122,3281,25.89344262295082
49604,2346,715,3061,3.281118881118881
49616,2785,169,2954,16.4792899408284
49618,2361,60,2421,39.35
49622,2274,156,2430,14.576923076923077
49632,1160,49,1209,23.6734693877551
49635,3601,178,3779,20.230337078651687
49637,3050,156,3206,19.55128205128205
49644,3272,56,3328,58.42857142857143
49650,2173,1252,3425,1.7356230031948885
49666,2167,392,2559,5.528061224489796
49680,2611,242,2853,10.789256198347108
49683,2486,136,2622,18.279411764705884
49691,3410,136,3546,25.073529411764707
49693,2711,162,2873,16.734567901234566
49706,71,3757,3828,0.0188980569603406
49714,1567,197,1764,7.9543147208121825
49718,3157,159,3316,19.855345911949687
49723,3032,119,3151,25.478991596638654
49724,3791,109,3900,34.77981651376147
49741,3416,145,3561,23.55862068965517
49751,3221,272,3493,11.841911764705882
49753,3202,378,3580,8.470899470899472
49758,4032,48,4080,84.0
49766,1738,95,1833,18.294736842105262
49770,3346,88,3434,38.02272727272727
49772,3424,95,3519,36.04210526315789
49775,3315,116,3431,28.57758620689655
49797,2616,244,2860,10.721311475409836
49812,309,1299,1608,0.2378752886836027
49814,2533,225,2758,11.257777777777775
49821,2007,55,2062,36.49090909090909
49822,3429,166,3595,20.656626506024097
49825,2432,190,2622,12.8
49833,2445,459,2904,5.326797385620915
49845,3908,95,4003,41.13684210526316
49855,1940,174,2114,11.149425287356324
49859,1880,108,1988,17.40740740740741
49873,2803,167,2970,16.78443113772455
49879,3028,151,3179,20.05298013245033
49881,1490,238,1728,6.260504201680672
49890,724,87,811,8.32183908045977
49905,2049,358,2407,5.723463687150838
49911,3908,173,4081,22.589595375722546
49939,3515,129,3644,27.24806201550388
49940,3625,277,3902,13.086642599277978
49942,1780,123,1903,14.471544715447154
49946,3788,189,3977,20.04232804232804
49949,3539,213,3752,16.615023474178404
49954,2860,134,2994,21.34328358208955
49956,3541,115,3656,30.791304347826088
49967,2322,299,2621,7.765886287625418
49971,3499,220,3719,15.904545454545454
49973,1912,208,2120,9.192307692307692
49977,3179,310,3489,10.25483870967742
49979,2498,68,2566,36.73529411764706
49990,2572,172,2744,14.953488372093023
49993,1383,118,1501,11.720338983050848
49994,927,144,1071,6.4375
50001,1582,71,1653,22.281690140845072
50007,2018,84,2102,24.02380952380953
50009,2071,265,2336,7.815094339622641
50016,1632,162,1794,10.074074074074074
50017,2260,99,2359,22.828282828282827
50019,55,1073,1128,0.0512581547064305
50023,502,2503,3005,0.2005593288054334
50029,2680,151,2831,17.748344370860927
50036,2752,108,2860,25.48148148148148
50059,2068,127,2195,16.283464566929133
50078,3496,141,3637,24.79432624113475
50086,3877,132,4009,29.37121212121212
50091,2434,174,2608,13.988505747126435
50097,588,74,662,7.945945945945946
50103,2547,275,2822,9.261818181818182
50112,3795,65,3860,58.38461538461539
50122,2585,213,2798,12.136150234741784
50123,2989,375,3364,7.970666666666666
50129,3255,459,3714,7.091503267973856
50132,2860,80,2940,35.75
50148,1881,429,2310,4.384615384615385
50156,2186,222,2408,9.846846846846846
50168,3396,138,3534,24.608695652173918
50170,659,2562,3221,0.2572209211553474
50182,1954,392,2346,4.98469387755102
50191,3543,215,3758,16.47906976744186
50201,1680,130,1810,12.923076923076923
50207,2850,219,3069,13.013698630136986
50208,1140,116,1256,9.827586206896552
50209,2446,188,2634,13.01063829787234
50210,3199,175,3374,18.28
50213,1400,96,1496,14.583333333333334
50231,2616,82,2698,31.902439024390244
50238,3630,202,3832,17.97029702970297
50252,3548,279,3827,12.7168458781362
50255,2822,230,3052,12.269565217391303
50269,3411,144,3555,23.6875
50289,3136,170,3306,18.44705882352941
50297,3664,178,3842,20.584269662921347
50300,3280,112,3392,29.285714285714285
50303,2936,196,3132,14.979591836734691
50309,3802,165,3967,23.042424242424243
50322,3717,175,3892,21.24
50325,3830,171,4001,22.39766081871345
50327,3821,197,4018,19.395939086294412
50347,3893,108,4001,36.0462962962963
50348,2713,100,2813,27.13
50357,2117,77,2194,27.49350649350649
50360,3702,97,3799,38.16494845360825
50374,3601,148,3749,24.33108108108108
50376,3889,102,3991,38.12745098039216
50397,3393,216,3609,15.708333333333334
50398,3543,210,3753,16.87142857142857
50399,3846,236,4082,16.296610169491526
50401,2133,196,2329,10.88265306122449
50403,649,457,1106,1.4201312910284465
50412,3812,90,3902,42.355555555555554
50423,1976,141,2117,14.01418439716312
50425,3480,208,3688,16.73076923076923
50428,1347,2430,3777,0.554320987654321
50437,3725,52,3777,71.63461538461539
50438,1705,134,1839,12.723880597014926
50452,868,362,1230,2.3977900552486187
50459,1365,85,1450,16.058823529411764
50469,1749,167,1916,10.47305389221557
50470,803,2497,3300,0.3215859030837004
50489,2298,37,2335,62.108108108108105
50496,1462,177,1639,8.259887005649718
50502,3667,334,4001,10.979041916167663
50503,2206,766,2972,2.8798955613577024
50512,2958,87,3045,34.0
50514,3309,104,3413,31.817307692307693
50525,2166,59,2225,36.71186440677966
50527,2264,627,2891,3.610845295055821
50529,3188,164,3352,19.4390243902439
50530,1999,371,2370,5.388140161725067
50531,3807,170,3977,22.394117647058824
50533,2351,140,2491,16.792857142857144
50534,3434,358,3792,9.59217877094972
50542,3008,199,3207,15.115577889447236
50543,2176,106,2282,20.52830188679245
50554,3824,107,3931,35.73831775700935
50568,3221,296,3517,10.881756756756756
50577,2075,39,2114,53.20512820512821
50580,3167,336,3503,9.425595238095235
50581,2601,32,2633,81.28125
50588,2540,233,2773,10.901287553648068
50591,2593,227,2820,11.422907488986784
50594,2031,226,2257,8.986725663716815
50598,2010,70,2080,28.714285714285715
50599,2615,154,2769,16.98051948051948
50610,3370,102,3472,33.03921568627451
50630,3094,142,3236,21.7887323943662
50635,983,98,1081,10.03061224489796
50637,1880,228,2108,8.24561403508772
50643,3141,157,3298,20.006369426751597
50647,2434,425,2859,5.727058823529412
50648,3663,91,3754,40.252747252747255
50653,3044,281,3325,10.832740213523133
50656,2743,139,2882,19.73381294964029
50661,2256,259,2515,8.71042471042471
50668,3758,25,3783,150.32
50680,564,206,770,2.737864077669903
50683,2757,670,3427,4.114925373134328
50689,1743,52,1795,33.51923076923077
50691,3070,99,3169,31.01010101010101
50695,3486,149,3635,23.395973154362416
50697,463,3197,3660,0.1448232718173287
50702,2205,684,2889,3.223684210526316
50707,2833,210,3043,13.49047619047619
50725,795,53,848,15.0
50729,1650,628,2278,2.627388535031847
50730,3760,231,3991,16.27705627705628
50731,2630,143,2773,18.39160839160839
50734,3813,74,3887,51.52702702702703
50736,2665,273,2938,9.761904761904765
50740,2565,190,2755,13.5
50749,2555,215,2770,11.883720930232558
50759,3055,75,3130,40.73333333333333
50770,795,136,931,5.845588235294118
50804,2148,141,2289,15.23404255319149
50808,2135,223,2358,9.573991031390134
50809,3033,288,3321,10.53125
50810,3012,145,3157,20.77241379310345
50811,3435,214,3649,16.05140186915888
50815,345,92,437,3.75
50823,1976,57,2033,34.666666666666664
50825,3306,56,3362,59.035714285714285
50826,2316,79,2395,29.31645569620253
50832,2281,243,2524,9.386831275720164
50840,2200,174,2374,12.64367816091954
50841,3848,188,4036,20.46808510638298
50861,3575,174,3749,20.54597701149425
50899,1843,324,2167,5.688271604938271
50927,1353,157,1510,8.617834394904458
50949,3844,171,4015,22.47953216374269
50966,2443,267,2710,9.149812734082396
50983,3114,144,3258,21.625
50996,1699,131,1830,12.969465648854962
50997,2277,139,2416,16.381294964028775
51012,2642,117,2759,22.581196581196583
51016,3127,329,3456,9.504559270516715
51018,3486,124,3610,28.11290322580645
51024,2080,309,2389,6.731391585760518
51039,431,3086,3517,0.1396629941672067
51041,3474,373,3847,9.31367292225201
51045,3870,84,3954,46.07142857142857
51048,3184,173,3357,18.404624277456648
51050,2607,95,2702,27.44210526315789
51063,2654,126,2780,21.063492063492063
51068,2135,113,2248,18.893805309734518
51079,3629,153,3782,23.71895424836601
51081,2551,118,2669,21.61864406779661
51091,3753,341,4094,11.005865102639296
51092,2068,331,2399,6.24773413897281
51109,3445,155,3600,22.225806451612904
51116,2585,99,2684,26.11111111111111
51119,3119,280,3399,11.139285714285714
51126,3229,251,3480,12.864541832669325
51135,1312,81,1393,16.19753086419753
51150,3693,310,4003,11.912903225806453
51165,2206,279,2485,7.906810035842294
51166,2501,239,2740,10.464435146443517
51169,3750,197,3947,19.03553299492386
51179,2608,48,2656,54.333333333333336
51187,3765,208,3973,18.10096153846154
51199,733,171,904,4.286549707602339
51204,3384,67,3451,50.507462686567166
51212,3129,171,3300,18.29824561403509
51224,3702,217,3919,17.05990783410138
51229,3037,64,3101,47.453125
51252,2416,215,2631,11.23720930232558
51253,3113,134,3247,23.23134328358209
51255,2310,459,2769,5.032679738562091
51267,3242,266,3508,12.18796992481203
51279,1338,184,1522,7.271739130434782
51286,964,108,1072,8.925925925925926
51296,608,2387,2995,0.2547130289065773
51297,2611,76,2687,34.35526315789474
51317,2982,798,3780,3.736842105263158
51326,2876,165,3041,17.43030303030303
51329,1244,803,2047,1.549190535491905
51344,3706,384,4090,9.651041666666666
51349,3310,223,3533,14.84304932735426
51356,802,169,971,4.745562130177515
51369,2265,167,2432,13.562874251497004
51377,2920,376,3296,7.76595744680851
51388,3773,163,3936,23.14723926380368
51398,2931,215,3146,13.632558139534884
51434,1815,48,1863,37.8125
51435,3322,107,3429,31.04672897196261
51438,2537,239,2776,10.615062761506277
51446,2708,127,2835,21.322834645669293
51449,2652,117,2769,22.666666666666668
51454,2112,240,2352,8.8
51474,3555,236,3791,15.063559322033898
51482,2465,130,2595,18.96153846153846
51485,3883,123,4006,31.56910569105691
51486,1562,70,1632,22.314285714285717
51494,2366,79,2445,29.949367088607595
51511,2631,401,3032,6.561097256857855
51518,2686,264,2950,10.174242424242424
51524,3097,64,3161,48.390625
51542,1628,74,1702,22.0
51543,2144,97,2241,22.103092783505154
51544,3604,218,3822,16.53211009174312
51551,2146,262,2408,8.19083969465649
51555,3354,147,3501,22.816326530612244
51568,2844,157,3001,18.11464968152866
51571,1841,67,1908,27.47761194029851
51580,3746,232,3978,16.146551724137932
51581,2816,346,3162,8.138728323699421
51586,2831,121,2952,23.39669421487603
51589,3057,192,3249,15.921875
51591,2693,204,2897,13.200980392156865
51602,1339,265,1604,5.052830188679246
51608,1439,447,1886,3.21923937360179
51613,2028,227,2255,8.933920704845814
51617,3757,276,4033,13.61231884057971
51634,3425,131,3556,26.14503816793893
51636,3001,187,3188,16.048128342245988
51638,2713,94,2807,28.861702127659573
51646,1381,300,1681,4.6033333333333335
51648,2847,55,2902,51.763636363636365
51651,3971,97,4068,40.93814432989691
51653,2095,255,2350,8.215686274509803
51682,3604,159,3763,22.666666666666668
51685,2030,157,2187,12.929936305732484
51693,2626,373,2999,7.040214477211796
51712,2610,327,2937,7.981651376146789
51724,3701,219,3920,16.899543378995435
51731,3601,378,3979,9.526455026455029
51760,2691,65,2756,41.4
51766,2204,844,3048,2.6113744075829386
51777,2617,81,2698,32.30864197530864
51783,3711,222,3933,16.716216216216218
51785,2553,330,2883,7.736363636363636
51786,725,1640,2365,0.4420731707317073
51790,3212,107,3319,30.01869158878505
51799,3156,296,3452,10.66216216216216
51800,3505,177,3682,19.80225988700565
51808,3721,276,3997,13.481884057971014
51815,3396,114,3510,29.789473684210527
51832,1657,133,1790,12.458646616541351
51835,928,126,1054,7.365079365079365
51842,3732,173,3905,21.57225433526012
51847,3045,211,3256,14.43127962085308
51849,1456,199,1655,7.316582914572864
51854,1698,246,1944,6.902439024390244
51856,924,110,1034,8.4
51868,2649,86,2735,30.802325581395348
51875,2014,85,2099,23.694117647058825
51882,3602,113,3715,31.876106194690266
51895,3285,257,3542,12.782101167315176
51896,3765,48,3813,78.4375
51898,1527,214,1741,7.135514018691588
51903,3135,54,3189,58.05555555555556
51909,3490,154,3644,22.662337662337663
51919,1178,120,1298,9.816666666666666
51922,2990,199,3189,15.025125628140705
51934,3509,202,3711,17.371287128712872
51935,472,72,544,6.555555555555555
51936,3765,246,4011,15.304878048780488
51941,2834,46,2880,61.60869565217392
51947,3410,128,3538,26.640625
51955,2081,93,2174,22.376344086021504
51976,2508,144,2652,17.416666666666668
51979,1662,114,1776,14.578947368421051
51981,3613,116,3729,31.14655172413793
51996,3741,344,4085,10.875
51997,3892,190,4082,20.48421052631579
52026,2795,280,3075,9.982142857142858
52044,3069,196,3265,15.658163265306122
52048,2145,113,2258,18.98230088495575
52049,3186,276,3462,11.543478260869565
52054,3809,88,3897,43.28409090909091
52056,3589,221,3810,16.239819004524886
52060,3309,103,3412,32.12621359223301
52063,3857,143,4000,26.972027972027973
52064,2994,152,3146,19.69736842105263
52068,3076,275,3351,11.185454545454546
52070,3547,126,3673,28.15079365079365
52083,3004,236,3240,12.728813559322036
52087,3681,95,3776,38.74736842105264
52089,1818,279,2097,6.516129032258065
52103,3173,81,3254,39.17283950617284
52107,2901,88,2989,32.96590909090909
52125,3833,145,3978,26.43448275862069
52130,1702,154,1856,11.051948051948052
52137,2894,140,3034,20.67142857142857
52143,3605,290,3895,12.43103448275862
52146,2653,186,2839,14.263440860215054
52149,2829,231,3060,12.246753246753247
52158,1419,88,1507,16.125
52159,1189,127,1316,9.362204724409448
52168,2222,413,2635,5.380145278450363
52181,2381,482,2863,4.939834024896266
52198,3752,301,4053,12.465116279069768
52207,3183,114,3297,27.92105263157895
52212,3706,140,3846,26.47142857142857
52215,2028,140,2168,14.485714285714286
52237,2521,224,2745,11.254464285714286
52250,3328,35,3363,95.08571428571427
52252,2060,169,2229,12.189349112426036
52261,3831,221,4052,17.334841628959275
52262,2629,97,2726,27.103092783505154
52268,3430,198,3628,17.32323232323232
52272,2170,66,2236,32.878787878787875
52285,1555,165,1720,9.424242424242424
52286,1562,162,1724,9.641975308641976
52289,3240,321,3561,10.093457943925234
52293,1225,2782,4007,0.4403306973400431
52294,2738,214,2952,12.794392523364486
52295,2106,69,2175,30.52173913043478
52319,2941,182,3123,16.15934065934066
52333,1346,215,1561,6.26046511627907
52336,3973,47,4020,84.53191489361703
52347,1990,142,2132,14.014084507042254
52348,2917,314,3231,9.289808917197451
52353,3909,113,4022,34.5929203539823
52367,1985,212,2197,9.36320754716981
52376,2370,175,2545,13.542857142857144
52386,2904,515,3419,5.63883495145631
52391,331,2467,2798,0.1341710579651398
52396,3337,189,3526,17.656084656084655
52411,3225,170,3395,18.97058823529412
52413,3696,282,3978,13.106382978723405
52416,3166,92,3258,34.41304347826087
52441,3604,143,3747,25.202797202797203
52454,2944,166,3110,17.734939759036145
52463,3191,96,3287,33.239583333333336
52475,3866,146,4012,26.47945205479452
52486,2447,72,2519,33.986111111111114
52488,2340,211,2551,11.090047393364928
52497,3079,98,3177,31.418367346938776
52498,2890,128,3018,22.578125
52508,3065,217,3282,14.12442396313364
52515,224,3072,3296,0.0729166666666666
52516,3866,152,4018,25.43421052631579
52522,3801,131,3932,29.01526717557252
52529,3535,115,3650,30.73913043478261
52535,2214,128,2342,17.296875
52537,3379,152,3531,22.230263157894736
52542,3806,59,3865,64.50847457627118
52556,3182,131,3313,24.290076335877863
52561,2975,266,3241,11.18421052631579
52564,2312,141,2453,16.397163120567377
52565,3827,128,3955,29.8984375
52567,3739,118,3857,31.6864406779661
52574,2418,205,2623,11.795121951219512
52579,2574,223,2797,11.542600896860986
52581,1015,293,1308,3.464163822525597
52585,2452,138,2590,17.768115942028984
52591,2167,209,2376,10.36842105263158
52611,3160,94,3254,33.61702127659574
52621,3080,165,3245,18.666666666666668
52630,1262,206,1468,6.12621359223301
52632,3730,236,3966,15.805084745762713
52639,2147,264,2411,8.132575757575758
52651,3273,220,3493,14.877272727272729
52656,2681,205,2886,13.078048780487803
52667,152,1802,1954,0.0843507214206437
52681,3500,197,3697,17.766497461928935
52682,2661,1321,3982,2.0143830431491296
52691,3342,236,3578,14.16101694915254
52695,3653,150,3803,24.35333333333333
52698,2298,186,2484,12.35483870967742
52700,773,175,948,4.417142857142857
52702,1912,89,2001,21.48314606741573
52708,3371,312,3683,10.80448717948718
52711,2541,257,2798,9.88715953307393
52712,3616,210,3826,17.21904761904762
52726,1860,173,2033,10.751445086705202
52735,2866,222,3088,12.90990990990991
52736,2052,166,2218,12.36144578313253
52737,3536,247,3783,14.31578947368421
52740,2425,71,2496,34.15492957746479
52743,3875,87,3962,44.54022988505747
52747,2148,968,3116,2.21900826446281
52750,2005,178,2183,11.264044943820224
52754,2650,165,2815,16.060606060606062
52769,3694,344,4038,10.738372093023257
52788,3554,63,3617,56.41269841269841
52803,2129,63,2192,33.79365079365079
52818,2386,53,2439,45.0188679245283
52831,2420,207,2627,11.690821256038648
52834,2744,203,2947,13.517241379310343
52852,1951,168,2119,11.613095238095235
52858,165,3179,3344,0.0519031141868512
52861,3886,83,3969,46.81927710843374
52876,2741,161,2902,17.024844720496894
52882,2807,247,3054,11.364372469635628
52893,3311,115,3426,28.791304347826088
52900,2521,72,2593,35.013888888888886
52902,3650,170,3820,21.47058823529412
52905,3454,217,3671,15.91705069124424
52906,2722,233,2955,11.682403433476397
52910,2447,162,2609,15.104938271604938
52924,2885,97,2982,29.742268041237114
52927,3926,91,4017,43.142857142857146
52943,3282,287,3569,11.435540069686413
52955,3537,283,3820,12.498233215547703
52959,1636,182,1818,8.989010989010989
52976,3847,118,3965,32.601694915254235
52987,1841,114,1955,16.149122807017545
52997,2333,76,2409,30.69736842105263
53004,3708,187,3895,19.828877005347596
53018,2485,215,2700,11.55813953488372
53020,3381,115,3496,29.4
53036,1717,170,1887,10.1
53046,3805,154,3959,24.70779220779221
53058,3108,130,3238,23.907692307692308
53065,1825,157,1982,11.624203821656051
53067,3679,175,3854,21.02285714285714
53069,3044,31,3075,98.19354838709675
53070,2885,87,2972,33.160919540229884
53083,3682,120,3802,30.683333333333334
53093,3467,231,3698,15.008658008658008
53101,2556,86,2642,29.72093023255814
53109,3623,353,3976,10.26345609065156
53114,1473,133,1606,11.075187969924812
53123,948,281,1229,3.373665480427046
53129,2876,104,2980,27.653846153846157
53132,2232,147,2379,15.183673469387756
53155,3028,265,3293,11.426415094339625
53180,3777,169,3946,22.349112426035504
53183,2871,246,3117,11.670731707317072
53184,2874,156,3030,18.423076923076923
53186,1040,205,1245,5.073170731707317
53195,2962,175,3137,16.925714285714285
53199,3165,199,3364,15.904522613065328
53200,1651,221,1872,7.470588235294118
53208,3009,216,3225,13.930555555555555
53209,2471,90,2561,27.45555555555556
53218,1793,124,1917,14.459677419354838
53226,1325,140,1465,9.464285714285714
53238,3280,133,3413,24.661654135338345
53251,924,60,984,15.4
53255,2045,76,2121,26.907894736842103
53257,3243,109,3352,29.75229357798165
53271,2706,210,2916,12.885714285714286
53276,2728,233,2961,11.708154506437769
53277,3613,216,3829,16.72685185185185
53286,3531,263,3794,13.425855513307985
53289,3745,180,3925,20.80555555555556
53290,3137,292,3429,10.743150684931509
53291,3237,196,3433,16.51530612244898
53294,2527,203,2730,12.448275862068966
53341,3042,59,3101,51.559322033898304
53345,2073,182,2255,11.39010989010989
53359,2690,190,2880,14.157894736842104
53371,2500,121,2621,20.66115702479339
53374,3972,98,4070,40.53061224489796
53377,472,158,630,2.9873417721518987
53380,3078,140,3218,21.985714285714284
53387,3448,164,3612,21.02439024390244
53395,965,146,1111,6.609589041095891
53397,1750,377,2127,4.641909814323608
53401,3488,386,3874,9.036269430051814
53406,2145,368,2513,5.828804347826087
53411,2889,525,3414,5.502857142857143
53412,1233,349,1582,3.5329512893982806
53420,1462,317,1779,4.61198738170347
53423,422,385,807,1.096103896103896
53434,2383,296,2679,8.050675675675675
53437,816,438,1254,1.8630136986301369
53448,1758,121,1879,14.52892561983471
53449,3795,160,3955,23.71875
53457,3433,50,3483,68.66
53460,1821,173,1994,10.52601156069364
53473,3718,128,3846,29.046875
53477,1192,58,1250,20.55172413793104
53478,1710,109,1819,15.688073394495412
53481,3502,91,3593,38.48351648351648
53484,1978,82,2060,24.121951219512194
53487,3598,367,3965,9.803814713896458
53494,2095,123,2218,17.03252032520325
53495,3746,115,3861,32.573913043478264
53503,2482,112,2594,22.160714285714285
53511,3818,203,4021,18.80788177339901
53513,3094,150,3244,20.626666666666665
53546,2234,478,2712,4.673640167364017
53555,3291,125,3416,26.328
53556,1095,81,1176,13.51851851851852
53558,3191,419,3610,7.615751789976134
53561,1060,223,1283,4.753363228699552
53565,1623,181,1804,8.966850828729282
53578,3241,155,3396,20.90967741935484
53584,3114,69,3183,45.130434782608695
53586,1868,176,2044,10.613636363636363
53590,2478,212,2690,11.68867924528302
53591,3498,169,3667,20.698224852071007
53595,1339,209,1548,6.406698564593301
53603,1421,106,1527,13.40566037735849
53604,2789,249,3038,11.200803212851406
53605,1578,332,1910,4.753012048192771
53612,1915,927,2842,2.0658036677454152
53627,2413,135,2548,17.874074074074073
53642,3097,263,3360,11.775665399239545
53643,3665,221,3886,16.58371040723982
53661,3234,212,3446,15.254716981132075
53665,3945,95,4040,41.526315789473685
53676,2754,173,2927,15.919075144508671
53687,3703,137,3840,27.02919708029197
53695,2976,82,3058,36.29268292682927
53716,2905,81,2986,35.8641975308642
53730,2120,61,2181,34.75409836065574
53733,2665,141,2806,18.90070921985816
53735,2806,175,2981,16.034285714285716
53750,3023,174,3197,17.373563218390803
53753,3276,247,3523,13.263157894736842
53759,1946,152,2098,12.802631578947368
53762,1407,2297,3704,0.6125380931649979
53765,2451,118,2569,20.771186440677965
53775,3344,201,3545,16.63681592039801
53783,3034,120,3154,25.28333333333333
53793,2173,135,2308,16.096296296296295
53802,3772,307,4079,12.286644951140063
53805,2025,163,2188,12.423312883435583
53823,3415,182,3597,18.763736263736263
53831,2555,50,2605,51.1
53833,2766,207,2973,13.36231884057971
53834,2784,358,3142,7.776536312849162
53846,2801,161,2962,17.39751552795031
53848,2241,91,2332,24.626373626373628
53852,2489,53,2542,46.9622641509434
53860,3039,785,3824,3.871337579617834
53874,1941,74,2015,26.22972972972973
53878,2263,172,2435,13.156976744186046
53879,1922,138,2060,13.92753623188406
53882,3398,158,3556,21.50632911392405
53890,2238,93,2331,24.06451612903226
53895,1641,347,1988,4.729106628242075
53899,3862,170,4032,22.71764705882353
53902,3468,378,3846,9.174603174603174
53910,3111,92,3203,33.81521739130435
53915,2195,76,2271,28.88157894736842
53924,2492,151,2643,16.503311258278146
53925,3335,303,3638,11.006600660066006
53945,2494,198,2692,12.595959595959595
53947,3841,186,4027,20.650537634408604
53949,3603,189,3792,19.063492063492063
53956,1882,116,1998,16.224137931034484
53957,3731,90,3821,41.45555555555556
53961,2315,184,2499,12.581521739130435
53967,3384,130,3514,26.03076923076923
53975,2135,88,2223,24.26136363636364
53978,1979,281,2260,7.04270462633452
53982,654,182,836,3.593406593406593
53990,2840,184,3024,15.434782608695652
53992,3734,210,3944,17.78095238095238
54008,3658,141,3799,25.94326241134752
54019,3156,110,3266,28.69090909090909
54030,3840,254,4094,15.118110236220472
54031,3151,161,3312,19.571428571428573
54042,3533,391,3924,9.035805626598464
54044,1142,139,1281,8.215827338129497
54051,3815,231,4046,16.515151515151516
54057,2230,162,2392,13.765432098765432
54058,3418,397,3815,8.6095717884131
54061,2199,141,2340,15.595744680851064
54069,3137,174,3311,18.028735632183903
54074,907,58,965,15.637931034482758
54076,3863,221,4084,17.479638009049772
54084,3593,37,3630,97.10810810810813
54095,1200,108,1308,11.11111111111111
54098,3109,119,3228,26.126050420168067
54109,2191,502,2693,4.364541832669323
54117,3092,105,3197,29.44761904761905
54118,3096,120,3216,25.8
54124,2283,117,2400,19.512820512820515
54133,2366,139,2505,17.02158273381295
54134,2558,269,2827,9.509293680297398
54137,3022,59,3081,51.22033898305085
54140,1858,79,1937,23.518987341772156
54147,1179,120,1299,9.825
54153,1868,52,1920,35.92307692307692
54155,3899,111,4010,35.126126126126124
54158,3572,224,3796,15.946428571428571
54163,2484,129,2613,19.25581395348837
54173,3909,124,4033,31.524193548387096
54185,1272,259,1531,4.911196911196911
54195,3681,151,3832,24.37748344370861
54199,1564,432,1996,3.62037037037037
54204,1113,40,1153,27.825
54211,2492,175,2667,14.24
54213,3297,245,3542,13.457142857142856
54214,2534,95,2629,26.673684210526314
54218,2988,194,3182,15.402061855670103
54223,1845,226,2071,8.163716814159292
54229,2602,154,2756,16.896103896103895
54239,1591,84,1675,18.94047619047619
54247,2273,429,2702,5.298368298368298
54257,2354,380,2734,6.194736842105264
54279,2041,210,2251,9.719047619047618
54281,1954,106,2060,18.433962264150946
54294,2118,69,2187,30.695652173913043
54306,3552,224,3776,15.857142857142858
54311,3101,48,3149,64.60416666666667
54322,3260,85,3345,38.35294117647059
54324,2594,80,2674,32.425
54326,1783,287,2070,6.212543554006968
54331,3330,298,3628,11.174496644295305
54333,804,186,990,4.32258064516129
54338,2522,97,2619,26.0
54346,2540,150,2690,16.933333333333334
54369,1996,126,2122,15.841269841269842
54372,2418,96,2514,25.1875
54382,1062,106,1168,10.0188679245283
54384,2726,577,3303,4.724436741767764
54390,3307,144,3451,22.96527777777778
54396,3758,150,3908,25.05333333333333
54403,1460,121,1581,12.06611570247934
54424,2495,49,2544,50.91836734693877
54449,3925,72,3997,54.513888888888886
54454,629,240,869,2.620833333333333
54457,2255,175,2430,12.885714285714286
54469,3225,165,3390,19.545454545454547
54482,2603,170,2773,15.311764705882354
54483,3205,199,3404,16.105527638190956
54494,2296,242,2538,9.487603305785123
54502,1938,1541,3479,1.2576249188838418
54523,3380,281,3661,12.02846975088968
54524,3087,134,3221,23.03731343283582
54529,3590,223,3813,16.09865470852018
54533,3611,95,3706,38.01052631578948
54537,3781,236,4017,16.021186440677965
54539,3512,326,3838,10.773006134969323
54550,2433,261,2694,9.32183908045977
54554,3366,352,3718,9.5625
54567,3711,175,3886,21.205714285714286
54576,1,2653,2654,0.0003769317753486
54577,1001,294,1295,3.4047619047619047
54595,1329,152,1481,8.743421052631579
54603,2888,151,3039,19.125827814569536
54605,2874,63,2937,45.61904761904762
54614,2137,218,2355,9.80275229357798
54639,2614,92,2706,28.41304347826087
54646,2906,221,3127,13.149321266968323
54664,2419,109,2528,22.192660550458715
54671,2221,133,2354,16.69924812030075
54686,3176,169,3345,18.792899408284025
54687,3526,128,3654,27.546875
54695,3261,180,3441,18.116666666666667
54707,1897,136,2033,13.948529411764708
54728,2617,127,2744,20.606299212598422
54735,2758,96,2854,28.729166666666668
54761,2387,127,2514,18.79527559055118
54764,1867,47,1914,39.723404255319146
54765,2880,133,3013,21.654135338345863
54775,2530,298,2828,8.48993288590604
54778,2845,116,2961,24.52586206896552
54784,2025,178,2203,11.376404494382022
54788,3812,50,3862,76.24
54798,3325,183,3508,18.169398907103822
54802,259,3333,3592,0.0777077707770777
54810,3205,251,3456,12.768924302788845
54828,3844,146,3990,26.328767123287676
54832,3718,127,3845,29.275590551181104
54833,2165,71,2236,30.492957746478872
54835,3396,194,3590,17.50515463917526
54836,1933,214,2147,9.032710280373832
54846,2924,326,3250,8.969325153374234
54847,2246,380,2626,5.910526315789474
54859,2608,153,2761,17.045751633986928
54869,3800,156,3956,24.35897435897436
54880,50,927,977,0.0539374325782092
54881,3512,135,3647,26.014814814814816
54885,886,286,1172,3.097902097902098
54895,3793,223,4016,17.00896860986547
54904,2438,194,2632,12.56701030927835
54908,1060,2646,3706,0.400604686318972
54925,3688,200,3888,18.44
54926,2475,137,2612,18.065693430656932
54945,3872,200,4072,19.36
54967,254,3586,3840,0.0708310094813162
54972,1939,75,2014,25.85333333333333
54981,2316,106,2422,21.849056603773583
54982,3476,414,3890,8.396135265700483
54984,878,165,1043,5.321212121212121
54986,2846,166,3012,17.14457831325301
55004,622,121,743,5.140495867768595
55014,2778,127,2905,21.874015748031496
55017,3713,83,3796,44.73493975903615
55018,2588,176,2764,14.704545454545457
55019,1402,288,1690,4.868055555555555
55027,2611,50,2661,52.22
55032,2790,203,2993,13.74384236453202
55039,1339,90,1429,14.877777777777778
55043,1898,160,2058,11.8625
55057,706,54,760,13.074074074074074
55060,2913,348,3261,8.370689655172415
55067,1078,803,1881,1.3424657534246576
55101,3216,211,3427,15.24170616113744
55103,1739,138,1877,12.601449275362318
55111,2703,194,2897,13.93298969072165
55112,3859,92,3951,41.94565217391305
55121,468,137,605,3.416058394160584
55135,1806,137,1943,13.182481751824817
55163,2547,251,2798,10.147410358565738
55179,2352,231,2583,10.181818181818182
55185,2655,283,2938,9.381625441696112
55195,1371,324,1695,4.231481481481482
55196,1197,81,1278,14.77777777777778
55206,2076,80,2156,25.95
55232,3252,72,3324,45.16666666666666
55235,3665,368,4033,9.959239130434783
55251,1061,1306,2367,0.8124042879019908
55255,2727,114,2841,23.92105263157895
55263,2703,245,2948,11.03265306122449
55272,2786,223,3009,12.493273542600896
55277,3496,248,3744,14.096774193548388
55281,1822,81,1903,22.493827160493822
55287,1565,213,1778,7.347417840375587
55298,2630,155,2785,16.967741935483872
55302,3975,64,4039,62.109375
55303,2641,284,2925,9.299295774647888
55311,1065,123,1188,8.658536585365853
55312,1962,126,2088,15.571428571428571
55324,3452,101,3553,34.17821782178218
55326,3525,48,3573,73.4375
55334,1084,198,1282,5.474747474747475
55338,2916,113,3029,25.805309734513276
55339,1159,105,1264,11.038095238095238
55341,3255,103,3358,31.601941747572816
55344,3670,143,3813,25.664335664335663
55346,3026,83,3109,36.45783132530121
55357,2026,85,2111,23.83529411764706
55360,2023,136,2159,14.875
55376,2291,226,2517,10.13716814159292
55380,1246,95,1341,13.115789473684211
55381,3568,261,3829,13.670498084291188
55383,1840,403,2243,4.56575682382134
55391,3560,120,3680,29.666666666666668
55398,3264,419,3683,7.789976133651551
55403,2737,109,2846,25.110091743119263
55409,3910,50,3960,78.2
55417,3610,236,3846,15.296610169491526
55424,3712,282,3994,13.163120567375886
55446,2845,490,3335,5.806122448979592
55450,1094,175,1269,6.251428571428572
55483,3859,202,4061,19.103960396039604
55486,3832,191,4023,20.06282722513089
55499,3821,60,3881,63.68333333333333
55508,3708,153,3861,24.235294117647054
55511,3494,118,3612,29.610169491525426
55517,3823,78,3901,49.01282051282051
55524,3364,397,3761,8.473551637279597
55544,2480,436,2916,5.6880733944954125
55554,1136,55,1191,20.654545454545456
55557,3710,227,3937,16.34361233480176
55558,1606,167,1773,9.616766467065869
55559,3293,134,3427,24.574626865671643
55571,2878,82,2960,35.09756097560975
55577,3485,88,3573,39.60227272727273
55584,3077,224,3301,13.736607142857142
55588,3344,197,3541,16.9746192893401
55596,274,1978,2252,0.1385237613751264
55610,1816,78,1894,23.28205128205128
55615,3643,214,3857,17.023364485981308
55620,2589,147,2736,17.612244897959183
55621,2700,153,2853,17.647058823529413
55633,2417,440,2857,5.493181818181818
55650,2892,216,3108,13.38888888888889
55655,1336,191,1527,6.994764397905759
55659,3428,161,3589,21.29192546583851
55667,1674,91,1765,18.395604395604398
55668,3802,105,3907,36.20952380952381
55675,3772,118,3890,31.966101694915253
55683,1473,108,1581,13.63888888888889
55688,3705,170,3875,21.794117647058822
55698,3401,201,3602,16.920398009950247
55700,2523,100,2623,25.23
55701,3937,89,4026,44.235955056179776
55704,3507,116,3623,30.23275862068965
55711,3705,172,3877,21.54069767441861
55715,1180,148,1328,7.972972972972973
55722,2402,126,2528,19.063492063492063
55728,3513,293,3806,11.98976109215017
55733,3689,164,3853,22.49390243902439
55753,3420,193,3613,17.72020725388601
55755,3867,164,4031,23.57926829268293
55760,3575,197,3772,18.14720812182741
55777,2699,364,3063,7.414835164835165
55797,3771,185,3956,20.383783783783784
55799,2360,94,2454,25.106382978723403
55814,2227,95,2322,23.44210526315789
55826,2224,128,2352,17.375
55837,1775,205,1980,8.658536585365853
55851,2549,73,2622,34.917808219178085
55868,2123,145,2268,14.641379310344828
55873,3929,157,4086,25.02547770700637
55885,2169,182,2351,11.917582417582418
55890,3831,93,3924,41.193548387096776
55900,3669,115,3784,31.904347826086955
55916,3259,128,3387,25.4609375
55929,3021,103,3124,29.33009708737864
55935,3201,95,3296,33.694736842105264
55942,2603,56,2659,46.48214285714285
55950,1622,81,1703,20.02469135802469
55957,2351,132,2483,17.810606060606062
55966,3384,219,3603,15.452054794520548
55969,2467,125,2592,19.736
55976,2489,53,2542,46.9622641509434
55988,1955,526,2481,3.716730038022814
55998,2018,57,2075,35.40350877192982
56002,2552,170,2722,15.011764705882351
56003,2942,18,2960,163.44444444444446
56005,3479,190,3669,18.310526315789478
56009,445,2513,2958,0.1770791882212495
56012,3849,162,4011,23.75925925925926
56018,2595,126,2721,20.59523809523809
56043,1978,196,2174,10.091836734693878
56045,2470,453,2923,5.452538631346578
56050,3463,240,3703,14.429166666666667
56051,2716,154,2870,17.636363636363637
56053,2892,169,3061,17.11242603550296
56055,2995,188,3183,15.930851063829786
56065,1990,118,2108,16.864406779661017
56074,3810,125,3935,30.48
56087,714,2331,3045,0.3063063063063063
56096,3202,101,3303,31.702970297029704
56104,1154,117,1271,9.863247863247864
56107,2034,533,2567,3.816135084427768
56117,3503,92,3595,38.07608695652174
56119,335,2807,3142,0.1193444959030994
56131,2011,204,2215,9.857843137254902
56134,3325,327,3652,10.168195718654436
56140,3174,126,3300,25.19047619047619
56175,2754,263,3017,10.47148288973384
56182,3866,160,4026,24.1625
56188,3753,119,3872,31.537815126050425
56191,3554,199,3753,17.85929648241206
56196,3804,132,3936,28.818181818181817
56204,3245,128,3373,25.3515625
56206,2288,135,2423,16.94814814814815
56213,2859,139,2998,20.568345323741006
56219,3344,197,3541,16.9746192893401
56222,634,149,783,4.25503355704698
56224,2499,208,2707,12.014423076923077
56249,3309,139,3448,23.80575539568345
56250,3411,206,3617,16.558252427184467
56255,224,2461,2685,0.0910199106054449
56256,2794,46,2840,60.73913043478261
56257,320,2665,2985,0.1200750469043152
56270,3528,150,3678,23.52
56273,2852,192,3044,14.854166666666666
56275,3447,126,3573,27.357142857142858
56279,2905,179,3084,16.22905027932961
56280,3805,243,4048,15.65843621399177
56284,3796,173,3969,21.942196531791907
56299,3827,67,3894,57.11940298507463
56300,389,172,561,2.261627906976744
56317,2542,256,2798,9.9296875
56318,3402,233,3635,14.600858369098711
56321,3074,107,3181,28.72897196261682
56324,1108,248,1356,4.467741935483871
56339,3613,189,3802,19.11640211640212
56359,3369,274,3643,12.295620437956204
56370,3123,21,3144,148.71428571428572
56371,3898,198,4096,19.68686868686869
56385,1120,146,1266,7.671232876712328
56392,3963,118,4081,33.58474576271186
56412,3873,213,4086,18.183098591549296
56415,3756,107,3863,35.10280373831776
56447,3559,151,3710,23.56953642384106
56451,1678,95,1773,17.66315789473684
56462,2208,193,2401,11.44041450777202
56469,2100,110,2210,19.09090909090909
56471,3049,98,3147,31.112244897959183
56476,2048,155,2203,13.212903225806452
56477,2334,199,2533,11.728643216080402
56490,2448,86,2534,28.46511627906977
56493,3388,173,3561,19.583815028901736
56509,1537,155,1692,9.916129032258064
56527,3048,105,3153,29.02857142857143
56581,3223,203,3426,15.876847290640391
56582,3019,209,3228,14.444976076555024
56584,3945,132,4077,29.88636363636364
56590,2044,75,2119,27.25333333333333
56593,3258,201,3459,16.208955223880597
56599,2218,159,2377,13.949685534591197
56600,3698,205,3903,18.039024390243902
56602,2869,194,3063,14.788659793814434
56603,2320,161,2481,14.409937888198758
56614,1,3581,3582,0.0002792516056967
56624,2713,72,2785,37.68055555555556
56630,1892,73,1965,25.91780821917808
56661,1649,148,1797,11.141891891891891
56674,1487,120,1607,12.391666666666667
56683,3419,292,3711,11.70890410958904
56687,3052,216,3268,14.12962962962963
56690,903,122,1025,7.401639344262295
56694,1707,208,1915,8.20673076923077
56699,2249,58,2307,38.77586206896552
56708,3857,235,4092,16.41276595744681
56718,1777,325,2102,5.467692307692308
56724,3279,220,3499,14.904545454545454
56729,2948,77,3025,38.285714285714285
56738,3158,123,3281,25.67479674796748
56743,390,2635,3025,0.1480075901328273
56758,2105,203,2308,10.36945812807882
56759,1816,198,2014,9.171717171717171
56766,2398,269,2667,8.914498141263941
56785,3190,208,3398,15.336538461538462
56798,2707,205,2912,13.204878048780488
56801,3350,75,3425,44.66666666666666
56803,3963,129,4092,30.72093023255814
56809,2731,305,3036,8.954098360655738
56818,2949,82,3031,35.96341463414634
56838,2315,59,2374,39.23728813559322
56839,2750,173,2923,15.895953757225431
56851,3709,143,3852,25.937062937062937
56866,2055,154,2209,13.344155844155845
56878,3182,133,3315,23.924812030075188
56889,3842,219,4061,17.54337899543379
56901,3245,352,3597,9.21875
56902,2423,227,2650,10.674008810572689
56904,2469,156,2625,15.826923076923077
56907,3879,174,4053,22.29310344827586
56908,2929,91,3020,32.18681318681319
56909,1736,273,2009,6.358974358974359
56915,3851,97,3948,39.70103092783505
56921,2766,196,2962,14.112244897959185
56922,3453,417,3870,8.280575539568344
56929,2287,143,2430,15.993006993006992
56930,954,92,1046,10.369565217391305
56931,2294,205,2499,11.190243902439024
56932,2384,109,2493,21.871559633027523
56937,2479,125,2604,19.832
56945,2727,111,2838,24.56756756756757
56961,2169,137,2306,15.832116788321168
56971,3847,125,3972,30.776
56982,1354,121,1475,11.1900826446281
56985,2670,177,2847,15.084745762711863
56988,1959,100,2059,19.59
56990,3926,39,3965,100.66666666666669
56994,2246,143,2389,15.706293706293708
57010,3352,108,3460,31.03703703703704
57023,746,215,961,3.469767441860465
57035,73,3309,3382,0.0220610456331217
57050,3140,200,3340,15.7
57055,2834,73,2907,38.821917808219176
57058,3711,103,3814,36.02912621359224
57063,3596,377,3973,9.538461538461538
57073,2560,235,2795,10.893617021276595
57077,3375,125,3500,27.0
57099,1640,234,1874,7.0085470085470085
57102,1578,190,1768,8.305263157894737
57103,2651,220,2871,12.05
57105,2743,381,3124,7.199475065616798
57108,2873,311,3184,9.237942122186496
57112,2994,169,3163,17.715976331360945
57116,2879,88,2967,32.71590909090909
57123,3464,60,3524,57.73333333333333
57130,3085,133,3218,23.195488721804512
57140,1,3444,3445,0.0002903600464576
57152,3360,155,3515,21.677419354838708
57153,3081,65,3146,47.4
57154,3908,119,4027,32.84033613445378
57156,160,1821,1981,0.0878638110928061
57161,1787,214,2001,8.350467289719626
57165,2261,175,2436,12.92
57168,2006,451,2457,4.44789356984479
57196,2762,323,3085,8.551083591331269
57203,2432,258,2690,9.426356589147288
57204,1720,127,1847,13.543307086614174
57209,3171,92,3263,34.46739130434783
57210,2534,117,2651,21.65811965811966
57217,749,110,859,6.8090909090909095
57229,2741,264,3005,10.382575757575758
57251,3509,128,3637,27.4140625
57255,3345,295,3640,11.33898305084746
57257,3362,90,3452,37.355555555555554
57260,2441,251,2692,9.725099601593625
57275,2770,75,2845,36.93333333333333
57278,2016,213,2229,9.464788732394366
57280,2156,76,2232,28.36842105263158
57282,2874,103,2977,27.902912621359224
57283,1895,124,2019,15.28225806451613
57284,2429,97,2526,25.04123711340206
57294,3352,126,3478,26.603174603174605
57301,2598,61,2659,42.59016393442623
57310,2136,289,2425,7.391003460207613
57341,3494,300,3794,11.646666666666668
57348,3026,194,3220,15.597938144329897
57376,3347,326,3673,10.266871165644172
57410,1622,119,1741,13.630252100840336
57419,3942,130,4072,30.32307692307692
57436,753,97,850,7.762886597938144
57440,757,83,840,9.120481927710845
57454,2420,91,2511,26.593406593406595
57465,2528,111,2639,22.774774774774773
57467,1567,238,1805,6.584033613445378
57476,2964,155,3119,19.12258064516129
57482,3497,128,3625,27.3203125
57491,2902,144,3046,20.15277777777778
57506,3801,268,4069,14.182835820895525
57512,2229,158,2387,14.10759493670886
57514,2495,234,2729,10.662393162393162
57527,3026,191,3217,15.842931937172777
57537,123,3245,3368,0.0379044684129429
57541,3778,145,3923,26.055172413793105
57543,1670,618,2288,2.7022653721682848
57546,2867,156,3023,18.378205128205128
57561,2826,127,2953,22.251968503937007
57565,3546,104,3650,34.09615384615385
57573,2657,98,2755,27.112244897959183
57588,3431,80,3511,42.8875
57589,3187,237,3424,13.447257383966244
57593,3577,346,3923,10.33815028901734
57596,3428,33,3461,103.87878787878788
57601,1097,2019,3116,0.5433382862803368
57622,3048,316,3364,9.645569620253164
57624,3843,155,3998,24.793548387096774
57626,3259,147,3406,22.170068027210885
57630,1513,130,1643,11.638461538461538
57663,3094,225,3319,13.751111111111111
57666,2641,101,2742,26.14851485148515
57670,3491,137,3628,25.48175182481752
57673,2175,291,2466,7.474226804123711
57685,1997,430,2427,4.644186046511628
57689,3006,458,3464,6.563318777292577
57695,1637,207,1844,7.908212560386473
57699,3277,296,3573,11.070945945945946
57711,2754,95,2849,28.989473684210527
57712,1,2792,2793,0.0003581661891117
57716,2888,407,3295,7.095823095823096
57726,3159,240,3399,13.1625
57727,2966,84,3050,35.30952380952381
57736,3581,154,3735,23.253246753246756
57742,3533,81,3614,43.617283950617285
57745,3740,66,3806,56.66666666666666
57750,2401,361,2762,6.650969529085873
57755,2742,163,2905,16.822085889570552
57778,3094,226,3320,13.690265486725664
57781,3043,58,3101,52.46551724137931
57786,2473,158,2631,15.651898734177216
57793,1271,235,1506,5.408510638297872
57796,3437,288,3725,11.93402777777778
57798,3698,133,3831,27.804511278195488
57799,1233,63,1296,19.571428571428573
57802,3583,90,3673,39.81111111111111
57806,2524,259,2783,9.745173745173744
57819,741,2584,3325,0.2867647058823529
57829,3992,104,4096,38.38461538461539
57843,2904,254,3158,11.433070866141732
57845,3457,158,3615,21.87974683544304
57848,2553,191,2744,13.366492146596858
57852,2379,227,2606,10.480176211453744
57865,3858,128,3986,30.140625
57870,1204,100,1304,12.04
57877,3178,251,3429,12.661354581673306
57882,2320,64,2384,36.25
57884,3237,140,3377,23.12142857142857
57888,2694,327,3021,8.238532110091743
57891,2688,70,2758,38.4
57905,1327,240,1567,5.529166666666667
57910,1850,165,2015,11.212121212121213
57933,2287,82,2369,27.890243902439025
57936,949,81,1030,11.716049382716047
57939,3762,231,3993,16.285714285714285
57943,3658,85,3743,43.03529411764706
57944,2845,117,2962,24.316239316239315
57948,1,2671,2672,0.0003743916136278
57953,3886,128,4014,30.359375
57972,2139,141,2280,15.170212765957446
57987,3636,194,3830,18.742268041237114
57999,230,1092,1322,0.2106227106227106
58007,2247,672,2919,3.34375
58008,1031,139,1170,7.41726618705036
58020,1893,105,1998,18.02857142857143
58046,2481,195,2676,12.723076923076922
58050,3766,329,4095,11.4468085106383
58055,516,401,917,1.286783042394015
58060,2653,123,2776,21.56910569105691
58067,1385,183,1568,7.5683060109289615
58075,3338,122,3460,27.36065573770492
58076,2967,67,3034,44.28358208955224
58077,1879,339,2218,5.542772861356932
58097,3578,62,3640,57.70967741935484
58101,2416,79,2495,30.582278481012654
58111,2796,215,3011,13.004651162790696
58124,3444,200,3644,17.22
58131,2910,108,3018,26.944444444444443
58133,2245,138,2383,16.268115942028984
58147,3728,198,3926,18.828282828282827
58162,2887,192,3079,15.036458333333334
58173,1811,157,1968,11.53503184713376
58185,2529,140,2669,18.064285714285717
58201,1105,60,1165,18.416666666666668
58202,2277,397,2674,5.73551637279597
58209,1809,107,1916,16.906542056074766
58212,2742,265,3007,10.347169811320756
58222,2683,224,2907,11.977678571428571
58224,1857,111,1968,16.72972972972973
58230,3486,226,3712,15.424778761061948
58248,2106,82,2188,25.682926829268293
58251,3832,232,4064,16.517241379310345
58255,1497,135,1632,11.088888888888889
58257,3068,72,3140,42.61111111111112
58261,3937,148,4085,26.60135135135135
58264,2236,148,2384,15.108108108108109
58265,1422,229,1651,6.209606986899563
58275,3781,215,3996,17.586046511627906
58287,1061,134,1195,7.917910447761194
58288,2140,174,2314,12.298850574712644
58309,2528,214,2742,11.813084112149532
58317,2322,226,2548,10.27433628318584
58326,2239,204,2443,10.97549019607843
58331,2767,161,2928,17.18633540372671
58337,3584,211,3795,16.98578199052133
58356,3662,225,3887,16.275555555555556
58357,1881,307,2188,6.127035830618892
58363,3213,292,3505,11.003424657534246
58366,2365,205,2570,11.53658536585366
58370,1144,174,1318,6.574712643678161
58376,3623,239,3862,15.158995815899582
58384,2811,150,2961,18.74
58388,3549,257,3806,13.80933852140078
58400,3018,88,3106,34.29545454545455
58425,970,168,1138,5.773809523809524
58429,2215,185,2400,11.972972972972974
58435,3335,186,3521,17.93010752688172
58447,2366,128,2494,18.484375
58452,2193,273,2466,8.032967032967033
58466,2848,144,2992,19.77777777777778
58479,3804,130,3934,29.26153846153846
58484,2005,253,2258,7.924901185770751
58486,3020,347,3367,8.703170028818445
58491,3245,343,3588,9.46064139941691
58504,2036,97,2133,20.989690721649485
58506,1046,329,1375,3.179331306990881
58508,1398,76,1474,18.394736842105264
58512,3692,99,3791,37.292929292929294
58533,195,2607,2802,0.0747986191024165
58537,2541,79,2620,32.16455696202532
58544,2229,178,2407,12.52247191011236
58547,3054,114,3168,26.789473684210527
58551,3196,232,3428,13.775862068965518
58558,3798,234,4032,16.23076923076923
58563,332,2296,2628,0.1445993031358885
58570,3813,63,3876,60.523809523809526
58572,3074,334,3408,9.203592814371255
58577,3272,183,3455,17.879781420765028
58578,970,142,1112,6.830985915492958
58583,2333,116,2449,20.11206896551724
58584,3490,249,3739,14.016064257028113
58596,2205,461,2666,4.783080260303688
58606,2292,227,2519,10.09691629955947
58631,260,149,409,1.74496644295302
58642,3712,233,3945,15.931330472103005
58657,1664,272,1936,6.117647058823529
58665,2530,325,2855,7.784615384615384
58672,3627,158,3785,22.955696202531644
58680,2617,88,2705,29.738636363636363
58682,1019,174,1193,5.85632183908046
58683,3757,212,3969,17.721698113207548
58687,1683,194,1877,8.675257731958762
58689,3880,131,4011,29.61832061068702
58692,2569,427,2996,6.016393442622951
58704,67,3537,3604,0.0189426067288662
58706,2426,137,2563,17.708029197080293
58709,2958,148,3106,19.986486486486488
58712,3970,115,4085,34.52173913043478
58722,3202,77,3279,41.58441558441559
58731,2223,130,2353,17.1
58754,2467,136,2603,18.139705882352946
58755,3540,203,3743,17.438423645320196
58767,2564,166,2730,15.44578313253012
58777,3035,168,3203,18.06547619047619
58785,3057,517,3574,5.912959381044487
58793,3764,124,3888,30.35483870967742
58794,3484,239,3723,14.577405857740583
58822,2846,208,3054,13.682692307692308
58827,2402,243,2645,9.88477366255144
58843,3388,156,3544,21.71794871794872
58868,2635,263,2898,10.019011406844106
58887,2371,132,2503,17.96212121212121
58893,1741,505,2246,3.4475247524752475
58895,73,3496,3569,0.0208810068649885
58898,3374,190,3564,17.757894736842104
58908,3089,223,3312,13.852017937219731
58912,3719,352,4071,10.565340909090908
58914,2818,138,2956,20.420289855072465
58916,3077,126,3203,24.42063492063492
58920,2882,111,2993,25.963963963963963
58921,1106,113,1219,9.787610619469026
58922,1348,86,1434,15.674418604651162
58930,2773,59,2832,47.0
58933,2772,234,3006,11.846153846153848
58940,3696,45,3741,82.13333333333334
58943,3169,90,3259,35.21111111111111
58945,1953,108,2061,18.08333333333333
58946,2174,96,2270,22.64583333333333
58947,945,71,1016,13.309859154929578
58957,3031,201,3232,15.07960199004975
58964,3569,216,3785,16.52314814814815
58967,3068,273,3341,11.238095238095235
58968,2088,285,2373,7.326315789473684
58969,3679,200,3879,18.395
58974,2631,193,2824,13.632124352331608
58980,1910,255,2165,7.490196078431373
58986,3043,260,3303,11.703846153846154
58989,913,273,1186,3.3443223443223444
58993,3686,271,3957,13.601476014760149
59003,2983,74,3057,40.310810810810814
59009,2348,178,2526,13.191011235955056
59010,2135,190,2325,11.236842105263158
59013,2649,358,3007,7.399441340782123
59019,2873,397,3270,7.236775818639798
59024,1949,170,2119,11.46470588235294
59039,1673,129,1802,12.968992248062015
59048,715,68,783,10.514705882352942
59049,1213,207,1420,5.859903381642512
59055,2564,126,2690,20.349206349206348
59062,1758,102,1860,17.235294117647058
59066,3399,119,3518,28.563025210084035
59076,258,868,1126,0.2972350230414746
59086,1239,44,1283,28.15909090909091
59090,3892,128,4020,30.40625
59093,3351,384,3735,8.7265625
59097,1429,159,1588,8.9874213836478
59100,2823,454,3277,6.21806167400881
59102,3271,357,3628,9.162464985994395
59108,1405,282,1687,4.9822695035461
59119,2704,97,2801,27.87628865979381
59121,3695,266,3961,13.890977443609025
59126,2361,114,2475,20.710526315789476
59129,1274,131,1405,9.725190839694656
59136,3026,136,3162,22.25
59144,2586,279,2865,9.268817204301076
59150,1663,164,1827,10.140243902439025
59151,3244,216,3460,15.01851851851852
59153,888,168,1056,5.285714285714286
59165,3016,97,3113,31.09278350515464
59173,3795,104,3899,36.49038461538461
59183,3271,499,3770,6.5551102204408815
59184,2718,308,3026,8.824675324675324
59185,3845,85,3930,45.23529411764706
59187,2747,203,2950,13.532019704433498
59198,1706,103,1809,16.563106796116504
59200,3223,276,3499,11.67753623188406
59206,3092,148,3240,20.89189189189189
59210,3848,154,4002,24.98701298701299
59221,2379,66,2445,36.04545454545455
59224,2938,165,3103,17.806060606060605
59225,3214,92,3306,34.93478260869565
59231,2816,314,3130,8.968152866242038
59238,2198,107,2305,20.542056074766357
59242,1635,139,1774,11.762589928057556
59248,1396,99,1495,14.1010101010101
59255,569,71,640,8.014084507042254
59259,1621,429,2050,3.7785547785547786
59266,1738,129,1867,13.472868217054264
59271,3719,197,3916,18.878172588832488
59279,1010,98,1108,10.306122448979592
59286,2435,1423,3858,1.7111735769501053
59298,2227,101,2328,22.04950495049505
59300,2198,417,2615,5.270983213429257
59326,3033,92,3125,32.96739130434783
59337,3583,193,3776,18.56476683937824
59340,771,244,1015,3.1598360655737703
59343,3140,54,3194,58.14814814814815
59349,1933,184,2117,10.505434782608695
59356,3886,167,4053,23.269461077844312
59368,2843,103,2946,27.601941747572816
59381,2379,243,2622,9.790123456790123
59383,3301,108,3409,30.564814814814813
59390,2287,110,2397,20.79090909090909
59394,1637,120,1757,13.641666666666667
59395,3478,151,3629,23.033112582781456
59401,1738,125,1863,13.904
59404,3699,98,3797,37.74489795918368
59413,3531,374,3905,9.441176470588236
59421,3915,29,3944,135.0
59434,3376,159,3535,21.23270440251572
59436,1972,75,2047,26.293333333333333
59442,3201,99,3300,32.333333333333336
59465,2026,143,2169,14.167832167832168
59466,3043,92,3135,33.07608695652174
59486,1471,125,1596,11.768
59488,3384,260,3644,13.015384615384615
59491,2988,117,3105,25.53846153846154
59493,1256,315,1571,3.9873015873015873
59494,2318,122,2440,19.0
59507,3803,130,3933,29.253846153846155
59508,3357,299,3656,11.22742474916388
59516,3282,47,3329,69.82978723404256
59536,1684,236,1920,7.135593220338983
59559,3704,250,3954,14.816
59575,3088,82,3170,37.65853658536585
59578,2348,124,2472,18.93548387096774
59582,2662,188,2850,14.159574468085106
59588,3120,116,3236,26.89655172413793
59597,3458,81,3539,42.69135802469136
59602,3506,184,3690,19.05434782608696
59605,1829,758,2587,2.4129287598944598
59612,3188,159,3347,20.050314465408807
59619,1172,492,1664,2.382113821138212
59620,2714,80,2794,33.925
59621,3605,270,3875,13.351851851851851
59626,3716,199,3915,18.673366834170853
59630,2106,291,2397,7.237113402061856
59636,3837,182,4019,21.082417582417584
59642,3277,316,3593,10.370253164556962
59648,2730,113,2843,24.15929203539823
59649,2780,126,2906,22.063492063492063
59657,1944,324,2268,6.0
59662,1011,22,1033,45.95454545454545
59669,3146,226,3372,13.920353982300885
59670,2442,135,2577,18.08888888888889
59673,2576,56,2632,46.0
59675,2051,207,2258,9.908212560386474
59680,3071,194,3265,15.829896907216495
59688,2712,359,3071,7.554317548746518
59691,2572,174,2746,14.781609195402298
59694,3218,149,3367,21.59731543624161
59702,1422,262,1684,5.427480916030534
59713,3701,215,3916,17.21395348837209
59735,3209,43,3252,74.62790697674419
59762,218,3645,3863,0.0598079561042524
59777,3118,293,3411,10.641638225255972
59781,3207,294,3501,10.908163265306122
59784,690,133,823,5.18796992481203
59810,1250,136,1386,9.191176470588236
59815,2555,100,2655,25.55
59820,3910,113,4023,34.60176991150443
59826,3520,201,3721,17.512437810945272
59843,2234,670,2904,3.334328358208955
59857,3691,159,3850,23.21383647798742
59860,1943,83,2026,23.40963855421687
59864,1021,91,1112,11.21978021978022
59871,3310,173,3483,19.13294797687861
59883,3047,113,3160,26.964601769911503
59890,2196,264,2460,8.318181818181818
59900,1724,166,1890,10.385542168674698
59910,1755,110,1865,15.954545454545457
59919,1895,108,2003,17.546296296296298
59933,3297,129,3426,25.55813953488372
59937,3786,203,3989,18.65024630541872
59941,1952,135,2087,14.45925925925926
59944,3627,158,3785,22.955696202531644
59951,2698,210,2908,12.847619047619048
59962,3963,126,4089,31.452380952380956
59963,798,94,892,8.48936170212766
59964,3146,107,3253,29.401869158878505
59966,3082,80,3162,38.525
59967,3738,216,3954,17.305555555555557
59999,1506,211,1717,7.137440758293839
60001,2355,233,2588,10.107296137339056
60007,2659,114,2773,23.32456140350877
60016,1571,225,1796,6.982222222222222
60017,1516,279,1795,5.433691756272402
60026,2681,90,2771,29.788888888888888
60030,2690,219,2909,12.28310502283105
60031,2190,87,2277,25.17241379310345
60034,3153,197,3350,16.00507614213198
60044,1687,172,1859,9.80813953488372
60049,1868,157,2025,11.898089171974522
60054,2031,176,2207,11.539772727272728
60060,3003,135,3138,22.244444444444444
60061,272,3795,4067,0.0716732542819499
60065,2496,168,2664,14.857142857142858
60067,2325,164,2489,14.176829268292684
60069,2324,156,2480,14.897435897435898
60089,3287,98,3385,33.54081632653061
60091,3602,136,3738,26.485294117647054
60095,2615,202,2817,12.945544554455443
60106,3604,239,3843,15.07949790794979
60109,2967,261,3228,11.367816091954024
60111,1712,130,1842,13.169230769230769
60125,2325,79,2404,29.43037974683544
60130,2652,346,2998,7.664739884393064
60131,3704,241,3945,15.369294605809127
60149,908,2997,3905,0.3029696363029696
60155,3373,183,3556,18.43169398907104
60163,2613,400,3013,6.5325
60174,2554,279,2833,9.154121863799284
60179,1914,370,2284,5.172972972972973
60183,3639,135,3774,26.95555555555556
60184,1867,102,1969,18.30392156862745
60187,2848,48,2896,59.333333333333336
60189,2018,138,2156,14.623188405797102
60192,2196,301,2497,7.295681063122924
60196,2812,282,3094,9.97163120567376
60204,1797,93,1890,19.32258064516129
60218,146,2661,2807,0.0548665915069522
60222,2360,219,2579,10.776255707762555
60225,3522,197,3719,17.878172588832488
60226,3812,107,3919,35.626168224299064
60228,3674,265,3939,13.864150943396226
60231,524,119,643,4.403361344537816
60238,2611,102,2713,25.598039215686278
60252,3191,783,3974,4.075351213282247
60256,286,253,539,1.1304347826086956
60262,30,2519,2549,0.0119094878920206
60265,2212,146,2358,15.150684931506849
60279,2420,78,2498,31.025641025641026
60295,3526,130,3656,27.123076923076923
60298,2347,146,2493,16.075342465753426
60306,2337,116,2453,20.14655172413793
60325,2508,130,2638,19.29230769230769
60327,1331,57,1388,23.350877192982452
60333,2533,71,2604,35.67605633802817
60334,2378,54,2432,44.03703703703704
60338,3541,150,3691,23.606666666666666
60349,3067,203,3270,15.108374384236454
60353,3331,114,3445,29.219298245614038
60359,3532,204,3736,17.313725490196077
60364,1031,173,1204,5.959537572254336
60367,2507,93,2600,26.956989247311828
60379,2292,46,2338,49.82608695652174
60385,3233,115,3348,28.11304347826087
60395,2636,182,2818,14.483516483516484
60400,692,208,900,3.326923076923077
60407,3175,383,3558,8.28981723237598
60429,3026,163,3189,18.56441717791411
60449,3836,193,4029,19.875647668393785
60462,3884,106,3990,36.64150943396226
60466,2053,291,2344,7.054982817869416
60471,3133,207,3340,15.135265700483092
60476,2434,95,2529,25.621052631578948
60479,3082,321,3403,9.601246105919005
60480,2446,131,2577,18.67175572519084
60497,3341,158,3499,21.14556962025317
60499,3631,135,3766,26.896296296296292
60502,3622,161,3783,22.496894409937887
60509,513,70,583,7.328571428571428
60512,3639,220,3859,16.54090909090909
60516,2069,558,2627,3.707885304659498
60520,3848,185,4033,20.8
60529,3527,187,3714,18.86096256684492
60531,1724,62,1786,27.806451612903224
60547,2906,888,3794,3.2725225225225225
60548,3605,141,3746,25.56737588652482
60555,2089,73,2162,28.616438356164384
60556,4000,82,4082,48.78048780487805
60558,1596,163,1759,9.791411042944786
60571,1366,153,1519,8.928104575163399
60577,2758,385,3143,7.163636363636364
60580,3470,145,3615,23.93103448275862
60581,2652,212,2864,12.50943396226415
60604,3506,211,3717,16.61611374407583
60608,3267,69,3336,47.34782608695652
60612,3170,243,3413,13.045267489711934
60615,3066,64,3130,47.90625
60616,2016,155,2171,13.006451612903223
60617,3859,147,4006,26.25170068027211
60624,3851,184,4035,20.92934782608696
60635,3032,96,3128,31.58333333333333
60647,2139,345,2484,6.2
60648,3673,139,3812,26.42446043165468
60672,3708,165,3873,22.472727272727276
60677,2424,69,2493,35.130434782608695
60702,2442,368,2810,6.635869565217392
60704,3054,215,3269,14.204651162790698
60707,2896,184,3080,15.73913043478261
60710,2298,143,2441,16.06993006993007
60714,2991,37,3028,80.83783783783784
60730,3005,127,3132,23.661417322834644
60736,1937,144,2081,13.45138888888889
60741,1235,284,1519,4.348591549295775
60756,1016,380,1396,2.673684210526316
60767,849,130,979,6.530769230769231
60775,1262,213,1475,5.924882629107981
60776,1787,162,1949,11.030864197530864
60783,2641,186,2827,14.198924731182796
60785,2949,285,3234,10.347368421052632
60786,2002,76,2078,26.34210526315789
60795,1550,95,1645,16.31578947368421
60811,2427,240,2667,10.1125
60817,2112,135,2247,15.644444444444444
60820,604,2737,3341,0.2206795761782974
60823,3090,264,3354,11.704545454545457
60851,3697,182,3879,20.31318681318681
60856,3157,55,3212,57.4
60858,2299,166,2465,13.849397590361448
60876,1544,150,1694,10.293333333333331
60884,3474,147,3621,23.632653061224488
60887,3901,68,3969,57.36764705882353
60888,3952,106,4058,37.283018867924525
60893,2395,140,2535,17.107142857142858
60915,3746,147,3893,25.482993197278912
60921,3929,116,4045,33.87068965517241
60930,2235,253,2488,8.83399209486166
60931,335,113,448,2.9646017699115044
60955,2993,140,3133,21.37857142857143
60960,2540,202,2742,12.574257425742577
60967,2448,153,2601,16.0
60978,3252,288,3540,11.291666666666666
61003,1354,154,1508,8.792207792207792
61005,3059,606,3665,5.047854785478548
61006,2601,156,2757,16.673076923076923
61007,2296,144,2440,15.944444444444445
61021,3851,223,4074,17.269058295964125
61046,3599,149,3748,24.154362416107386
61052,2794,262,3056,10.66412213740458
61062,3825,242,4067,15.805785123966942
61066,112,2890,3002,0.0387543252595155
61067,3963,111,4074,35.7027027027027
61068,1794,332,2126,5.403614457831325
61069,3777,154,3931,24.525974025974023
61077,2690,257,2947,10.46692607003891
61078,3759,255,4014,14.741176470588234
61086,737,198,935,3.7222222222222223
61095,3717,169,3886,21.99408284023669
61105,1045,185,1230,5.648648648648648
61106,2427,476,2903,5.098739495798319
61122,2215,436,2651,5.080275229357798
61127,2494,151,2645,16.516556291390728
61132,1885,133,2018,14.172932330827068
61135,2652,168,2820,15.785714285714286
61141,3219,209,3428,15.401913875598089
61146,3201,204,3405,15.691176470588236
61149,3568,90,3658,39.644444444444446
61152,2758,150,2908,18.386666666666667
61153,2254,265,2519,8.50566037735849
61167,3761,280,4041,13.432142857142855
61181,319,838,1157,0.3806682577565632
61182,3444,290,3734,11.875862068965516
61184,3235,124,3359,26.08870967741936
61203,3291,148,3439,22.236486486486488
61238,3604,363,3967,9.928374655647383
61243,3744,267,4011,14.02247191011236
61267,3704,122,3826,30.36065573770492
61270,2953,65,3018,45.43076923076923
61275,2977,96,3073,31.010416666666668
61285,2860,156,3016,18.33333333333333
61293,3010,210,3220,14.333333333333334
61316,3055,134,3189,22.79850746268657
61320,1111,37,1148,30.027027027027028
61321,777,196,973,3.9642857142857135
61322,2048,106,2154,19.32075471698113
61323,1664,192,1856,8.666666666666666
61327,297,920,1217,0.3228260869565217
61330,3622,206,3828,17.58252427184466
61340,3783,168,3951,22.517857142857142
61355,3551,78,3629,45.52564102564103
61356,2955,59,3014,50.08474576271186
61360,2274,588,2862,3.86734693877551
61361,2408,101,2509,23.84158415841584
61366,2374,130,2504,18.26153846153846
61377,555,3211,3766,0.1728433509810028
61378,3091,258,3349,11.98062015503876
61386,2837,199,3036,14.256281407035177
61387,1451,1900,3351,0.7636842105263157
61400,3354,50,3404,67.08
61408,1479,151,1630,9.794701986754967
61411,1956,130,2086,15.046153846153846
61413,3226,172,3398,18.75581395348837
61414,2436,311,2747,7.832797427652733
61428,3153,284,3437,11.102112676056338
61437,2438,102,2540,23.90196078431373
61442,2917,167,3084,17.46706586826347
61443,2140,178,2318,12.02247191011236
61446,3263,124,3387,26.31451612903226
61461,3562,157,3719,22.687898089171973
61490,1567,232,1799,6.754310344827586
61491,1197,211,1408,5.672985781990521
61500,1610,1793,3403,0.8979364194088121
61505,2880,181,3061,15.911602209944752
61519,677,107,784,6.327102803738318
61535,3679,239,3918,15.393305439330543
61536,2969,634,3603,4.682965299684542
61538,2956,118,3074,25.05084745762712
61541,3235,60,3295,53.91666666666666
61559,3251,170,3421,19.123529411764707
61569,1599,94,1693,17.01063829787234
61579,1906,122,2028,15.62295081967213
61586,2175,124,2299,17.54032258064516
61592,3357,105,3462,31.97142857142857
61594,2634,255,2889,10.329411764705885
61599,2198,225,2423,9.768888888888888
61605,2524,246,2770,10.260162601626016
61609,3726,178,3904,20.93258426966292
61613,3420,165,3585,20.727272727272727
61643,2761,125,2886,22.088
61644,3778,105,3883,35.98095238095238
61655,3053,155,3208,19.696774193548386
61657,3502,187,3689,18.727272727272727
61658,1647,104,1751,15.836538461538462
61666,2814,494,3308,5.696356275303644
61677,3906,109,4015,35.8348623853211
61692,3858,53,3911,72.79245283018868
61704,370,585,955,0.6324786324786325
61710,3492,178,3670,19.617977528089888
61719,3448,325,3773,10.60923076923077
61722,3450,145,3595,23.79310344827586
61729,3099,167,3266,18.55688622754491
61741,2607,267,2874,9.764044943820224
61752,1799,163,1962,11.03680981595092
61756,660,2459,3119,0.2684017893452623
61777,3739,194,3933,19.27319587628866
61778,2511,215,2726,11.67906976744186
61794,1182,233,1415,5.072961373390558
61798,3916,159,4075,24.628930817610065
61799,3084,58,3142,53.172413793103445
61802,870,218,1088,3.9908256880733934
61807,2644,136,2780,19.44117647058824
61811,2262,88,2350,25.704545454545453
61825,1671,144,1815,11.604166666666666
61841,3567,111,3678,32.13513513513514
61842,1688,169,1857,9.988165680473372
61846,3837,75,3912,51.16
61864,2246,99,2345,22.68686868686869
61895,2130,100,2230,21.3
61913,1575,161,1736,9.782608695652174
61914,24,3987,4011,0.0060195635816403
61918,2795,202,2997,13.836633663366335
61936,3157,122,3279,25.87704918032787
61947,1700,271,1971,6.273062730627307
61957,3625,322,3947,11.25776397515528
61958,1873,248,2121,7.55241935483871
61971,160,3560,3720,0.0449438202247191
62006,3792,145,3937,26.151724137931037
62014,2551,114,2665,22.37719298245614
62015,3787,39,3826,97.1025641025641
62025,3778,119,3897,31.747899159663863
62032,2726,180,2906,15.144444444444444
62036,2719,89,2808,30.55056179775281
62047,3207,754,3961,4.253315649867374
62055,2441,97,2538,25.164948453608247
62059,2577,202,2779,12.757425742574258
62060,3210,109,3319,29.44954128440367
62062,1901,170,2071,11.18235294117647
62071,3909,160,4069,24.43125
62077,2471,228,2699,10.837719298245617
62082,3824,100,3924,38.24
62088,2744,420,3164,6.533333333333333
62089,1911,266,2177,7.184210526315789
62092,1619,37,1656,43.75675675675676
62100,3773,87,3860,43.367816091954026
62108,3238,327,3565,9.902140672782874
62109,3596,144,3740,24.97222222222222
62116,1615,137,1752,11.788321167883211
62130,3551,211,3762,16.829383886255926
62137,1483,85,1568,17.44705882352941
62138,2577,212,2789,12.15566037735849
62146,3670,93,3763,39.46236559139785
62152,3544,528,4072,6.712121212121212
62160,2323,109,2432,21.31192660550459
62163,1907,111,2018,17.18018018018018
62172,1601,269,1870,5.951672862453532
62181,2015,276,2291,7.300724637681159
62182,2838,518,3356,5.478764478764479
62184,1573,323,1896,4.869969040247678
62189,1849,802,2651,2.3054862842892767
62192,2122,36,2158,58.94444444444444
62193,2452,130,2582,18.861538461538466
62200,1417,106,1523,13.367924528301886
62202,3325,176,3501,18.892045454545453
62204,3346,153,3499,21.869281045751634
62231,3192,72,3264,44.333333333333336
62237,3400,207,3607,16.42512077294686
62238,3716,245,3961,15.16734693877551
62253,3007,326,3333,9.223926380368098
62264,2199,100,2299,21.99
62271,1676,175,1851,9.577142857142857
62273,2267,160,2427,14.16875
62275,1515,224,1739,6.763392857142857
62301,2913,175,3088,16.645714285714284
62304,3008,175,3183,17.18857142857143
62305,2130,193,2323,11.036269430051814
62307,3604,196,3800,18.387755102040817
62310,2947,166,3113,17.753012048192772
62315,3628,216,3844,16.796296296296298
62320,1487,226,1713,6.579646017699115
62323,2959,267,3226,11.08239700374532
62327,1734,653,2387,2.655436447166922
62335,43,1722,1765,0.0249709639953542
62338,2291,198,2489,11.570707070707073
62342,2920,312,3232,9.35897435897436
62344,1045,173,1218,6.040462427745664
62354,3032,104,3136,29.153846153846157
62356,2629,131,2760,20.06870229007633
62362,3686,168,3854,21.94047619047619
62374,681,65,746,10.476923076923075
62377,1929,403,2332,4.786600496277916
62379,2119,140,2259,15.135714285714286
62382,3052,126,3178,24.22222222222222
62383,3850,97,3947,39.69072164948454
62392,3021,139,3160,21.73381294964029
62396,1107,252,1359,4.392857142857143
62404,1086,147,1233,7.387755102040816
62405,3417,130,3547,26.284615384615385
62406,2896,184,3080,15.73913043478261
62423,2497,98,2595,25.47959183673469
62427,2702,345,3047,7.831884057971014
62433,650,2356,3006,0.2758913412563667
62437,2885,117,3002,24.65811965811966
62444,3476,134,3610,25.94029850746269
62452,1908,111,2019,17.18918918918919
62469,2589,129,2718,20.069767441860463
62478,2904,150,3054,19.36
62494,1839,185,2024,9.94054054054054
62498,3416,271,3687,12.605166051660516
62502,1269,125,1394,10.152
62507,2956,140,3096,21.114285714285717
62518,2948,209,3157,14.105263157894736
62519,3586,188,3774,19.074468085106385
62536,1724,989,2713,1.743174924165824
62542,1609,109,1718,14.761467889908255
62551,3389,349,3738,9.710601719197708
62553,3204,63,3267,50.85714285714285
62565,3549,189,3738,18.77777777777778
62566,3576,89,3665,40.17977528089887
62567,3352,222,3574,15.0990990990991
62573,1820,179,1999,10.167597765363128
62587,1536,129,1665,11.906976744186046
62593,2853,57,2910,50.05263157894737
62607,3444,32,3476,107.625
62612,3584,133,3717,26.94736842105263
62621,1395,64,1459,21.796875
62622,2071,150,2221,13.806666666666668
62626,1822,130,1952,14.015384615384615
62629,2594,208,2802,12.471153846153848
62633,3149,88,3237,35.78409090909091
62634,2966,96,3062,30.89583333333333
62639,3800,58,3858,65.51724137931035
62644,18,907,925,0.0198456449834619
62674,3135,303,3438,10.346534653465346
62682,3832,201,4033,19.064676616915424
62683,3540,416,3956,8.509615384615385
62684,2263,114,2377,19.850877192982452
62712,2205,121,2326,18.223140495867767
62715,2178,202,2380,10.782178217821782
62724,1915,118,2033,16.228813559322035
62725,3834,69,3903,55.56521739130435
62730,2560,159,2719,16.10062893081761
62731,3533,72,3605,49.06944444444444
62736,3961,111,4072,35.68468468468468
62757,3511,110,3621,31.918181818181814
62760,3598,96,3694,37.47916666666666
62775,1810,360,2170,5.027777777777778
62781,490,84,574,5.833333333333333
62791,3189,201,3390,15.865671641791044
62799,3348,232,3580,14.43103448275862
62801,87,3377,3464,0.0257625111045306
62806,2108,78,2186,27.025641025641026
62815,2064,166,2230,12.433734939759036
62818,2540,292,2832,8.698630136986301
62820,379,2606,2985,0.1454336147352264
62824,3757,187,3944,20.09090909090909
62828,2310,65,2375,35.53846153846154
62832,3320,282,3602,11.77304964539007
62834,3251,218,3469,14.912844036697248
62846,3829,154,3983,24.863636363636363
62862,2750,270,3020,10.185185185185183
62871,2443,199,2642,12.27638190954774
62876,2208,281,2489,7.857651245551601
62910,1956,121,2077,16.165289256198346
62913,2803,195,2998,14.374358974358977
62920,3871,181,4052,21.386740331491712
62935,2175,59,2234,36.86440677966102
62949,1695,274,1969,6.186131386861314
62954,2553,108,2661,23.63888888888889
62961,3401,110,3511,30.918181818181814
62967,2053,118,2171,17.39830508474576
62982,2927,42,2969,69.69047619047619
62986,4011,50,4061,80.22
63000,1779,248,2027,7.173387096774194
63003,2632,99,2731,26.585858585858585
63004,3614,224,3838,16.133928571428573
63017,2080,71,2151,29.295774647887324
63019,3981,62,4043,64.20967741935483
63023,1269,143,1412,8.874125874125873
63027,2508,217,2725,11.557603686635945
63028,470,3198,3668,0.1469668542839274
63031,2747,268,3015,10.25
63037,1076,219,1295,4.9132420091324205
63050,1995,130,2125,15.346153846153848
63057,487,3268,3755,0.1490208078335373
63058,2617,94,2711,27.84042553191489
63061,2912,146,3058,19.945205479452056
63064,1907,233,2140,8.184549356223176
63077,1406,105,1511,13.39047619047619
63083,2221,232,2453,9.573275862068966
63093,3166,55,3221,57.56363636363636
63094,2995,49,3044,61.12244897959184
63100,1322,136,1458,9.720588235294118
63103,2340,247,2587,9.473684210526317
63123,3690,199,3889,18.5427135678392
63134,2646,70,2716,37.8
63139,1275,189,1464,6.746031746031746
63152,2133,535,2668,3.986915887850467
63154,3887,104,3991,37.375
63161,2048,126,2174,16.253968253968253
63174,1975,202,2177,9.777227722772276
63175,2611,129,2740,20.24031007751938
63179,1252,1263,2515,0.9912905779889152
63181,2989,222,3211,13.463963963963964
63182,2181,381,2562,5.724409448818897
63187,1790,188,1978,9.52127659574468
63188,2662,669,3331,3.9790732436472345
63195,3664,230,3894,15.930434782608696
63203,1697,308,2005,5.509740259740259
63243,3185,191,3376,16.67539267015707
63248,3906,186,4092,21.0
63253,3202,234,3436,13.683760683760685
63259,2700,111,2811,24.324324324324323
63260,3824,186,4010,20.55913978494624
63261,2884,143,3027,20.167832167832167
63273,2829,89,2918,31.786516853932586
63293,3501,165,3666,21.21818181818182
63316,2480,222,2702,11.17117117117117
63332,1935,344,2279,5.625
63344,2396,178,2574,13.460674157303371
63345,2659,141,2800,18.858156028368796
63350,3740,297,4037,12.592592592592592
63353,646,137,783,4.7153284671532845
63355,2960,257,3217,11.51750972762646
63368,3405,403,3808,8.449131513647643
63376,3391,182,3573,18.63186813186813
63392,2955,107,3062,27.61682242990654
63398,2030,175,2205,11.6
63409,2627,287,2914,9.153310104529616
63414,2636,30,2666,87.86666666666666
63420,3696,170,3866,21.74117647058824
63422,2550,75,2625,34.0
63432,3102,153,3255,20.274509803921568
63437,1579,240,1819,6.579166666666667
63440,3590,101,3691,35.54455445544554
63450,3895,168,4063,23.18452380952381
63451,3485,118,3603,29.533898305084747
63455,2402,165,2567,14.557575757575757
63459,3546,119,3665,29.798319327731093
63464,2462,86,2548,28.627906976744185
63465,639,89,728,7.179775280898877
63466,1708,308,2016,5.545454545454546
63473,2589,104,2693,24.89423076923077
63477,2957,153,3110,19.326797385620917
63480,2823,78,2901,36.19230769230769
63490,1653,193,1846,8.564766839378239
63496,2341,1753,4094,1.3354249857387337
63502,3294,104,3398,31.673076923076923
63510,2851,228,3079,12.50438596491228
63519,61,14,75,4.357142857142857
63527,2162,109,2271,19.834862385321102
63533,2727,486,3213,5.611111111111111
63546,1590,185,1775,8.594594594594595
63572,1609,177,1786,9.090395480225988
63576,3978,118,4096,33.71186440677966
63577,2313,155,2468,14.92258064516129
63580,3581,148,3729,24.195945945945947
63600,2325,356,2681,6.530898876404494
63619,2065,289,2354,7.145328719723183
63640,2990,125,3115,23.92
63648,1802,119,1921,15.142857142857142
63656,2426,224,2650,10.830357142857142
63670,3559,158,3717,22.525316455696203
63685,2992,98,3090,30.53061224489796
63690,3875,93,3968,41.66666666666666
63691,1592,168,1760,9.476190476190476
63698,2327,49,2376,47.48979591836735
63718,2132,95,2227,22.44210526315789
63719,331,80,411,4.1375
63723,2055,220,2275,9.340909090909092
63726,790,21,811,37.61904761904762
63727,3701,145,3846,25.52413793103448
63736,3038,88,3126,34.52272727272727
63737,1501,274,1775,5.478102189781022
63739,2296,129,2425,17.7984496124031
63741,1559,222,1781,7.0225225225225225
63758,1798,54,1852,33.2962962962963
63759,1213,251,1464,4.832669322709164
63766,3467,168,3635,20.636904761904763
63769,1048,2817,3865,0.372026979055733
63775,3287,165,3452,19.92121212121212
63791,2530,153,2683,16.535947712418302
63793,2899,23,2922,126.04347826086956
63794,2591,147,2738,17.625850340136054
63799,3286,169,3455,19.44378698224852
63803,1109,120,1229,9.241666666666667
63810,1845,190,2035,9.710526315789474
63813,3256,827,4083,3.9371221281741233
63818,2058,216,2274,9.52777777777778
63831,3306,105,3411,31.485714285714284
63832,1749,372,2121,4.701612903225806
63836,2875,118,2993,24.364406779661017
63858,3824,207,4031,18.47342995169082
63864,3670,126,3796,29.126984126984127
63879,3227,146,3373,22.1027397260274
63888,2520,210,2730,12.0
63900,1844,113,1957,16.31858407079646
63903,2688,156,2844,17.23076923076923
63904,2871,188,3059,15.27127659574468
63906,3515,279,3794,12.598566308243727
63910,3428,173,3601,19.815028901734102
63911,3733,184,3917,20.28804347826087
63920,3274,212,3486,15.443396226415096
63936,2828,129,2957,21.92248062015504
63942,3426,271,3697,12.642066420664207
63943,2399,184,2583,13.03804347826087
63951,3027,325,3352,9.313846153846152
63954,3129,199,3328,15.72361809045226
63959,2254,160,2414,14.0875
63967,3449,95,3544,36.305263157894736
63979,2042,85,2127,24.023529411764702
63983,1838,1482,3320,1.2402159244264508
63984,891,110,1001,8.1
63986,2551,80,2631,31.8875
63995,3878,128,4006,30.296875
64006,2024,195,2219,10.37948717948718
64021,2655,89,2744,29.831460674157302
64037,2780,146,2926,19.04109589041096
64042,2741,142,2883,19.30281690140845
64080,3875,107,3982,36.21495327102804
64085,2546,540,3086,4.714814814814815
64086,3437,177,3614,19.4180790960452
64087,1386,315,1701,4.4
64100,3570,304,3874,11.74342105263158
64121,2501,179,2680,13.972067039106143
64128,2721,50,2771,54.42
64134,1598,101,1699,15.821782178217822
64135,1003,180,1183,5.572222222222222
64139,3570,263,3833,13.574144486692015
64146,2975,188,3163,15.824468085106384
64147,936,260,1196,3.6
64157,3753,212,3965,17.702830188679247
64158,3013,151,3164,19.95364238410596
64159,1958,178,2136,11.0
64162,1092,156,1248,7.0
64173,3152,76,3228,41.47368421052632
64175,3531,120,3651,29.425
64176,2726,252,2978,10.817460317460318
64187,1383,167,1550,8.281437125748504
64190,1883,215,2098,8.758139534883721
64195,2216,55,2271,40.29090909090909
64206,2628,427,3055,6.154566744730679
64207,1933,112,2045,17.258928571428573
64222,3480,359,3839,9.69359331476323
64226,3803,216,4019,17.60648148148148
64232,1973,134,2107,14.723880597014926
64240,3880,166,4046,23.373493975903614
64244,1862,127,1989,14.661417322834646
64246,3215,292,3507,11.01027397260274
64247,3685,266,3951,13.853383458646617
64250,3458,124,3582,27.887096774193548
64256,2761,155,2916,17.81290322580645
64258,925,225,1150,4.111111111111111
64267,1536,87,1623,17.655172413793103
64270,2884,99,2983,29.13131313131313
64274,3289,217,3506,15.15668202764977
64280,3397,153,3550,22.202614379084967
64282,3901,109,4010,35.788990825688074
64312,3337,189,3526,17.656084656084655
64324,2059,185,2244,11.12972972972973
64338,2374,119,2493,19.949579831932773
64341,3379,256,3635,13.19921875
64357,2973,107,3080,27.785046728971963
64360,1851,243,2094,7.617283950617284
64363,2761,226,2987,12.216814159292037
64367,476,152,628,3.131578947368421
64368,2840,378,3218,7.5132275132275135
64370,1575,223,1798,7.062780269058296
64378,2645,231,2876,11.45021645021645
64380,2769,238,3007,11.634453781512605
64399,3031,177,3208,17.124293785310734
64401,2767,115,2882,24.06086956521739
64406,986,195,1181,5.056410256410256
64419,3498,467,3965,7.490364025695931
64423,2588,340,2928,7.611764705882352
64424,1,2106,2107,0.0004748338081671
64433,2096,87,2183,24.091954022988507
64438,1663,80,1743,20.7875
64439,1632,644,2276,2.5341614906832297
64441,2059,344,2403,5.9854651162790695
64449,2666,24,2690,111.08333333333331
64454,3908,110,4018,35.527272727272724
64458,3462,369,3831,9.382113821138212
64460,2750,347,3097,7.92507204610951
64461,3543,380,3923,9.323684210526316
64462,3667,271,3938,13.531365313653136
64471,3568,212,3780,16.830188679245282
64472,2176,287,2463,7.581881533101045
64476,3798,107,3905,35.495327102803735
64488,30,1598,1628,0.0187734668335419
64500,3238,275,3513,11.774545454545455
64509,3711,96,3807,38.65625
64515,786,165,951,4.763636363636364
64518,3450,193,3643,17.875647668393782
64519,3961,132,4093,30.00757575757576
64521,2645,184,2829,14.375
64525,3186,128,3314,24.890625
64527,3041,96,3137,31.67708333333333
64539,1292,111,1403,11.63963963963964
64546,1064,214,1278,4.97196261682243
64556,3737,105,3842,35.59047619047619
64571,1307,228,1535,5.732456140350878
64577,2654,271,2925,9.793357933579337
64578,2703,120,2823,22.525
64584,2647,124,2771,21.346774193548388
64589,2989,25,3014,119.56
64605,3165,269,3434,11.765799256505575
64611,3003,246,3249,12.207317073170731
64612,1603,155,1758,10.341935483870968
64614,2377,97,2474,24.50515463917526
64619,2426,78,2504,31.102564102564106
64621,3702,91,3793,40.68131868131868
64622,2696,196,2892,13.755102040816327
64623,1471,66,1537,22.28787878787879
64634,3367,163,3530,20.65644171779141
64636,3830,92,3922,41.630434782608695
64637,3937,103,4040,38.22330097087379
64654,1973,105,2078,18.79047619047619
64657,2904,159,3063,18.264150943396228
64658,2653,96,2749,27.635416666666668
64660,3650,184,3834,19.83695652173913
64665,2204,100,2304,22.04
64667,3154,36,3190,87.61111111111111
64676,806,1491,2297,0.5405767940979208
64689,1587,428,2015,3.707943925233645
64692,2107,160,2267,13.16875
64701,3107,38,3145,81.76315789473684
64710,2425,191,2616,12.696335078534032
64717,3839,150,3989,25.593333333333334
64719,3494,287,3781,12.174216027874564
64727,2665,241,2906,11.058091286307054
64729,3593,159,3752,22.59748427672956
64734,2207,269,2476,8.20446096654275
64736,2100,135,2235,15.555555555555555
64755,1045,62,1107,16.85483870967742
64759,2210,108,2318,20.46296296296296
64764,2288,227,2515,10.079295154185022
64765,3795,169,3964,22.45562130177515
64767,3756,169,3925,22.22485207100592
64775,3572,187,3759,19.101604278074863
64792,1213,101,1314,12.009900990099007
64798,2992,235,3227,12.731914893617022
64805,3119,371,3490,8.40700808625337
64812,3757,97,3854,38.7319587628866
64822,2944,177,3121,16.63276836158192
64827,1823,182,2005,10.016483516483516
64836,86,2438,2524,0.0352748154224774
64846,1606,251,1857,6.398406374501992
64858,3077,285,3362,10.796491228070176
64868,2298,171,2469,13.43859649122807
64885,3471,141,3612,24.617021276595743
64894,1253,236,1489,5.309322033898305
64899,3737,195,3932,19.164102564102564
64902,1708,235,1943,7.268085106382979
64914,2816,176,2992,16.0
64921,3891,205,4096,18.98048780487805
64922,3538,117,3655,30.23931623931624
64924,3734,124,3858,30.11290322580645
64925,1325,104,1429,12.740384615384617
64931,3935,82,4017,47.98780487804878
64932,938,106,1044,8.849056603773585
64937,1467,185,1652,7.92972972972973
64945,2906,274,3180,10.605839416058394
64950,1391,84,1475,16.55952380952381
64957,3421,140,3561,24.435714285714287
64958,3209,307,3516,10.452768729641694
64990,3015,178,3193,16.93820224719101
64996,2041,455,2496,4.485714285714286
65006,2184,125,2309,17.472
65019,2750,265,3015,10.37735849056604
65020,1739,590,2329,2.947457627118644
65021,2865,197,3062,14.543147208121828
65026,354,290,644,1.2206896551724138
65032,3377,180,3557,18.761111111111116
65043,3571,111,3682,32.171171171171174
65047,565,345,910,1.6376811594202898
65053,3332,185,3517,18.01081081081081
65055,1621,156,1777,10.39102564102564
65066,2928,647,3575,4.525502318392581
65075,3207,74,3281,43.33783783783784
65080,3029,291,3320,10.40893470790378
65087,1947,128,2075,15.2109375
65100,1361,208,1569,6.543269230769231
65104,3863,185,4048,20.88108108108108
65105,1257,98,1355,12.826530612244898
65110,3434,178,3612,19.292134831460675
65118,2468,122,2590,20.229508196721312
65119,1810,80,1890,22.625
65129,3863,212,4075,18.221698113207548
65140,3415,76,3491,44.93421052631579
65141,3434,202,3636,17.0
65145,2374,356,2730,6.668539325842697
65148,3535,120,3655,29.45833333333333
65156,3122,206,3328,15.155339805825244
65159,1075,104,1179,10.336538461538462
65163,2311,350,2661,6.602857142857143
65171,2317,205,2522,11.302439024390244
65172,2191,618,2809,3.545307443365696
65182,3682,268,3950,13.738805970149254
65184,3067,206,3273,14.888349514563108
65185,2975,109,3084,27.29357798165137
65197,1782,85,1867,20.96470588235294
65203,2673,178,2851,15.01685393258427
65208,1972,420,2392,4.695238095238095
65214,1938,78,2016,24.846153846153847
65215,1019,116,1135,8.78448275862069
65221,27,505,532,0.0534653465346534
65228,3875,176,4051,22.017045454545453
65234,3604,86,3690,41.906976744186046
65242,257,249,506,1.0321285140562249
65244,1855,74,1929,25.06756756756757
65254,1831,160,1991,11.44375
65270,3618,201,3819,18.0
65300,3659,102,3761,35.872549019607845
65302,1714,119,1833,14.403361344537815
65306,2429,370,2799,6.564864864864865
65309,2977,201,3178,14.81094527363184
65331,1244,116,1360,10.724137931034482
65338,3314,167,3481,19.84431137724551
65346,3495,197,3692,17.741116751269036
65360,692,145,837,4.772413793103448
65361,3060,159,3219,19.245283018867923
65363,672,2382,3054,0.2821158690176322
65388,1102,2739,3841,0.4023366192040891
65397,1707,233,1940,7.32618025751073
65406,1753,186,1939,9.424731182795698
65454,2694,127,2821,21.21259842519685
65455,2040,63,2103,32.38095238095238
65466,3405,142,3547,23.97887323943662
65471,1019,110,1129,9.263636363636364
65486,2386,54,2440,44.18518518518518
65493,3736,117,3853,31.93162393162393
65497,3032,159,3191,19.069182389937108
65502,2985,83,3068,35.963855421686745
65508,1611,110,1721,14.645454545454545
65515,2865,296,3161,9.679054054054054
65527,3784,219,4003,17.27853881278539
65531,3962,58,4020,68.3103448275862
65532,2786,101,2887,27.584158415841586
65534,2623,291,2914,9.013745704467354
65545,2049,49,2098,41.81632653061224
65551,2146,173,2319,12.404624277456648
65555,1367,307,1674,4.452768729641694
65568,3470,199,3669,17.43718592964824
65572,2936,361,3297,8.132963988919668
65577,279,3615,3894,0.0771784232365145
65599,3395,180,3575,18.86111111111111
65606,2381,494,2875,4.819838056680162
65616,3566,379,3945,9.4089709762533
65617,3148,234,3382,13.452991452991451
65619,2341,97,2438,24.1340206185567
65622,1498,166,1664,9.024096385542167
65623,3779,219,3998,17.255707762557076
65624,1705,1992,3697,0.8559236947791165
65634,1860,241,2101,7.717842323651452
65641,2712,91,2803,29.802197802197803
65651,2251,199,2450,11.311557788944723
65660,2751,204,2955,13.485294117647058
65662,1925,76,2001,25.32894736842105
65667,583,150,733,3.8866666666666663
65680,3306,107,3413,30.897196261682243
65685,2190,62,2252,35.32258064516129
65693,3766,203,3969,18.55172413793104
65694,3840,126,3966,30.476190476190474
65698,3791,153,3944,24.77777777777778
65704,1561,94,1655,16.606382978723403
65706,3233,176,3409,18.369318181818183
65707,3939,106,4045,37.16037735849056
65713,2582,239,2821,10.803347280334728
65718,3675,171,3846,21.49122807017544
65719,3501,99,3600,35.36363636363637
65720,2478,89,2567,27.84269662921348
65748,2504,541,3045,4.628465804066543
65756,2394,230,2624,10.408695652173911
65764,590,106,696,5.566037735849057
65767,3437,72,3509,47.73611111111112
65771,2271,182,2453,12.478021978021978
65779,3814,217,4031,17.57603686635945
65781,2339,154,2493,15.188311688311687
65796,3868,157,4025,24.63694267515924
65799,3816,92,3908,41.47826086956522
65811,2910,181,3091,16.07734806629834
65829,3305,203,3508,16.2807881773399
65836,3609,371,3980,9.7277628032345
65843,3782,182,3964,20.78021978021978
65845,2978,49,3027,60.775510204081634
65861,3058,100,3158,30.58
65863,1658,62,1720,26.741935483870968
65866,2771,369,3140,7.509485094850948
65868,2566,147,2713,17.45578231292517
65879,3095,399,3494,7.756892230576441
65893,2942,170,3112,17.305882352941175
65907,3615,351,3966,10.2991452991453
65913,2011,41,2052,49.04878048780488
65916,2639,235,2874,11.229787234042552
65920,3644,153,3797,23.81699346405229
65921,1770,233,2003,7.5965665236051505
65927,2473,160,2633,15.45625
65928,1765,164,1929,10.76219512195122
65931,3167,39,3206,81.2051282051282
65942,2272,22,2294,103.27272727272728
65943,1963,128,2091,15.3359375
65946,52,3147,3199,0.0165236733396885
65954,2109,198,2307,10.651515151515152
65959,2008,100,2108,20.08
65967,2882,308,3190,9.357142857142858
65973,1869,221,2090,8.457013574660634
65975,3388,113,3501,29.98230088495575
65979,3636,170,3806,21.38823529411765
65980,3713,219,3932,16.95433789954338
65985,2658,103,2761,25.805825242718445
66000,2418,174,2592,13.89655172413793
66016,2205,182,2387,12.115384615384617
66017,3030,260,3290,11.653846153846152
66043,1582,303,1885,5.221122112211221
66044,3170,506,3676,6.264822134387352
66058,440,1174,1614,0.3747870528109029
66065,2164,110,2274,19.672727272727272
66068,548,242,790,2.2644628099173554
66070,2519,149,2668,16.906040268456376
66074,2973,227,3200,13.09691629955947
66088,3257,234,3491,13.91880341880342
66089,1969,120,2089,16.408333333333335
66096,1416,193,1609,7.33678756476684
66097,1426,102,1528,13.980392156862743
66115,3277,171,3448,19.16374269005848
66122,59,1762,1821,0.0334846765039727
66135,2689,138,2827,19.48550724637681
66143,1892,183,2075,10.33879781420765
66148,3182,113,3295,28.15929203539823
66170,3481,231,3712,15.069264069264069
66184,3887,126,4013,30.849206349206348
66219,2497,121,2618,20.63636363636364
66224,1997,55,2052,36.30909090909091
66225,3489,298,3787,11.708053691275168
66232,2042,27,2069,75.62962962962963
66234,2599,138,2737,18.83333333333333
66236,1290,182,1472,7.087912087912088
66243,2231,134,2365,16.649253731343283
66256,2980,317,3297,9.4006309148265
66261,1565,50,1615,31.3
66268,613,2908,3521,0.2107977991746905
66279,3368,206,3574,16.349514563106798
66282,3031,666,3697,4.551051051051051
66283,1041,137,1178,7.598540145985401
66295,3335,248,3583,13.44758064516129
66296,1101,20,1121,55.05
66301,2812,365,3177,7.704109589041096
66304,2794,38,2832,73.52631578947368
66312,2120,123,2243,17.235772357723576
66317,3560,186,3746,19.13978494623656
66319,1384,157,1541,8.815286624203821
66327,1456,95,1551,15.326315789473684
66349,2911,356,3267,8.176966292134832
66356,2325,98,2423,23.72448979591837
66357,2739,343,3082,7.985422740524782
66359,1991,372,2363,5.352150537634409
66361,1824,1644,3468,1.1094890510948905
66362,2642,168,2810,15.726190476190476
66365,3264,183,3447,17.83606557377049
66373,3194,91,3285,35.0989010989011
66375,3640,141,3781,25.81560283687943
66399,1538,91,1629,16.9010989010989
66416,2749,109,2858,25.220183486238533
66433,1647,280,1927,5.882142857142857
66434,2360,215,2575,10.976744186046512
66438,3481,212,3693,16.419811320754718
66456,3686,139,3825,26.51798561151079
66465,2400,395,2795,6.075949367088608
66467,3815,126,3941,30.27777777777778
66468,3834,231,4065,16.5974025974026
66470,2932,128,3060,22.90625
66485,2110,86,2196,24.53488372093023
66490,3439,104,3543,33.06730769230769
66497,2876,36,2912,79.88888888888889
66512,1929,173,2102,11.15028901734104
66513,1082,158,1240,6.848101265822785
66518,94,3279,3373,0.0286672766087221
66530,2584,129,2713,20.031007751937985
66543,2895,379,3274,7.638522427440633
66552,3384,139,3523,24.3453237410072
66553,2253,112,2365,20.116071428571427
66554,1315,154,1469,8.53896103896104
66562,3648,126,3774,28.952380952380956
66570,2827,141,2968,20.04964539007092
66580,1789,269,2058,6.650557620817844
66587,3427,231,3658,14.835497835497836
66591,1195,96,1291,12.447916666666666
66601,3466,140,3606,24.757142857142856
66609,3730,148,3878,25.2027027027027
66612,2435,91,2526,26.75824175824176
66615,2149,94,2243,22.861702127659573
66625,2517,234,2751,10.756410256410255
66643,899,2376,3275,0.3783670033670033
66649,3765,99,3864,38.03030303030303
66652,2856,387,3243,7.37984496124031
66669,3811,138,3949,27.615942028985508
66681,2179,340,2519,6.408823529411765
66686,3838,153,3991,25.08496732026144
66689,384,346,730,1.1098265895953756
66695,1891,209,2100,9.047846889952153
66707,2939,386,3325,7.6139896373057
66708,2670,303,2973,8.811881188118813
66709,910,167,1077,5.449101796407185
66714,3698,289,3987,12.795847750865052
66717,1783,95,1878,18.768421052631577
66725,3616,316,3932,11.443037974683543
66733,3248,127,3375,25.5748031496063
66740,3710,237,3947,15.654008438818565
66741,3505,56,3561,62.58928571428572
66745,2653,93,2746,28.526881720430108
66752,3376,180,3556,18.75555555555556
66753,2584,764,3348,3.3821989528795813
66759,3850,121,3971,31.818181818181817
66766,3285,161,3446,20.403726708074533
66775,3675,130,3805,28.26923076923077
66789,3324,346,3670,9.606936416184972
66808,2334,146,2480,15.986301369863014
66820,2399,159,2558,15.08805031446541
66824,2708,148,2856,18.2972972972973
66833,2752,131,2883,21.00763358778626
66836,1230,810,2040,1.5185185185185186
66845,3174,115,3289,27.6
66848,3670,193,3863,19.015544041450777
66858,3593,276,3869,13.018115942028986
66864,2763,162,2925,17.055555555555557
66869,2659,105,2764,25.323809523809523
66871,599,68,667,8.808823529411764
66876,2488,292,2780,8.520547945205479
66893,3261,100,3361,32.61
66899,2340,113,2453,20.707964601769916
66904,3203,102,3305,31.40196078431373
66910,1484,97,1581,15.29896907216495
66919,3156,193,3349,16.352331606217618
66925,3039,142,3181,21.401408450704224
66932,1493,140,1633,10.664285714285716
66934,2692,99,2791,27.19191919191919
66943,3829,183,4012,20.92349726775956
66947,3141,375,3516,8.376
66958,3248,252,3500,12.88888888888889
66973,2524,181,2705,13.94475138121547
66975,2373,205,2578,11.57560975609756
66978,3559,168,3727,21.18452380952381
66990,3129,65,3194,48.13846153846154
66991,1669,131,1800,12.740458015267176
66997,3593,185,3778,19.42162162162162
67000,928,90,1018,10.311111111111112
67001,3874,195,4069,19.866666666666667
67008,2495,252,2747,9.90079365079365
67013,2464,181,2645,13.613259668508288
67015,3371,133,3504,25.345864661654137
67036,3780,97,3877,38.96907216494845
67037,2143,294,2437,7.289115646258503
67056,3765,67,3832,56.19402985074627
67068,2835,114,2949,24.86842105263158
67073,2379,199,2578,11.954773869346734
67074,3646,285,3931,12.79298245614035
67085,2473,205,2678,12.06341463414634
67086,1217,145,1362,8.393103448275863
67108,3575,215,3790,16.627906976744185
67109,3265,284,3549,11.496478873239436
67112,1355,128,1483,10.5859375
67120,2080,48,2128,43.333333333333336
67129,2998,108,3106,27.75925925925926
67133,3284,64,3348,51.3125
67136,2478,275,2753,9.010909090909092
67137,3712,294,4006,12.625850340136054
67138,3383,180,3563,18.794444444444444
67139,3712,282,3994,13.163120567375886
67140,2947,106,3053,27.80188679245283
67142,3001,77,3078,38.97402597402598
67162,1805,106,1911,17.028301886792452
67180,3371,334,3705,10.092814371257486
67217,2362,128,2490,18.453125
67220,3437,254,3691,13.531496062992126
67228,3229,83,3312,38.90361445783133
67240,814,168,982,4.845238095238095
67255,3630,180,3810,20.166666666666668
67259,1222,186,1408,6.56989247311828
67265,2582,276,2858,9.355072463768115
67273,3581,219,3800,16.35159817351598
67311,3404,48,3452,70.91666666666667
67325,2068,387,2455,5.343669250645995
67345,2889,112,3001,25.794642857142858
67357,2814,188,3002,14.96808510638298
67362,1283,2806,4089,0.4572344975053456
67371,2701,296,2997,9.125
67377,3149,86,3235,36.61627906976744
67380,3472,164,3636,21.170731707317078
67397,3510,169,3679,20.76923076923077
67417,741,116,857,6.387931034482759
67425,3870,191,4061,20.26178010471204
67432,3656,86,3742,42.51162790697674
67433,3478,336,3814,10.351190476190476
67437,3307,214,3521,15.453271028037385
67439,3409,527,3936,6.468690702087287
67461,3467,134,3601,25.87313432835821
67477,2050,189,2239,10.846560846560848
67479,1880,59,1939,31.864406779661017
67486,3373,198,3571,17.035353535353536
67497,3125,200,3325,15.625
67503,3744,81,3825,46.22222222222222
67504,3631,214,3845,16.96728971962617
67509,2351,117,2468,20.094017094017094
67519,2913,176,3089,16.551136363636363
67522,1043,67,1110,15.567164179104475
67528,3756,124,3880,30.29032258064516
67541,2607,238,2845,10.953781512605042
67542,2606,111,2717,23.47747747747748
67551,3494,182,3676,19.1978021978022
67552,3511,178,3689,19.7247191011236
67557,3478,144,3622,24.15277777777778
67558,2084,193,2277,10.797927461139896
67563,3819,260,4079,14.68846153846154
67571,2879,228,3107,12.62719298245614
67573,3182,160,3342,19.8875
67575,1837,102,1939,18.00980392156863
67580,470,2019,2489,0.2327885091629519
67584,2827,270,3097,10.47037037037037
67588,2309,100,2409,23.09
67591,3678,77,3755,47.76623376623377
67610,1878,138,2016,13.608695652173912
67613,2547,129,2676,19.74418604651163
67623,3492,199,3691,17.547738693467338
67624,3004,69,3073,43.53623188405797
67626,2047,160,2207,12.79375
67627,3414,158,3572,21.60759493670886
67630,2648,143,2791,18.51748251748252
67633,3227,175,3402,18.44
67637,1770,166,1936,10.662650602409638
67645,2554,153,2707,16.69281045751634
67648,3418,131,3549,26.091603053435115
67652,1959,146,2105,13.417808219178085
67658,1846,665,2511,2.77593984962406
67661,1345,157,1502,8.566878980891719
67665,2604,166,2770,15.686746987951809
67668,3539,233,3772,15.188841201716738
67679,3517,58,3575,60.63793103448276
67683,3109,44,3153,70.6590909090909
67688,1581,56,1637,28.232142857142858
67689,3394,176,3570,19.28409090909091
67693,2874,175,3049,16.422857142857143
67697,2200,213,2413,10.328638497652582
67706,3679,120,3799,30.65833333333333
67727,43,3370,3413,0.0127596439169139
67731,2845,162,3007,17.561728395061728
67732,2059,66,2125,31.196969696969692
67735,1816,130,1946,13.96923076923077
67738,2753,140,2893,19.664285714285715
67759,1715,350,2065,4.9
67769,283,3584,3867,0.0789620535714285
67770,3492,233,3725,14.987124463519311
67773,3076,244,3320,12.60655737704918
67774,2810,78,2888,36.02564102564103
67783,2407,261,2668,9.22222222222222
67787,3732,154,3886,24.233766233766232
67794,2561,205,2766,12.492682926829268
67796,2972,240,3212,12.383333333333333
67802,2112,116,2228,18.20689655172414
67812,1827,237,2064,7.708860759493671
67817,2302,171,2473,13.461988304093568
67818,2812,203,3015,13.852216748768472
67824,3871,119,3990,32.529411764705884
67829,3615,357,3972,10.126050420168069
67847,2316,117,2433,19.7948717948718
67849,2397,261,2658,9.183908045977011
67868,3434,84,3518,40.88095238095238
67869,3281,284,3565,11.55281690140845
67885,1521,139,1660,10.942446043165468
67886,2268,138,2406,16.434782608695652
67888,1624,136,1760,11.941176470588236
67916,3611,98,3709,36.8469387755102
67919,3806,249,4055,15.285140562248996
67924,3302,202,3504,16.346534653465348
67927,3616,186,3802,19.440860215053764
67930,3432,242,3674,14.181818181818182
67936,2639,157,2796,16.808917197452228
67944,3178,119,3297,26.705882352941178
67945,1605,305,1910,5.262295081967213
67947,2239,767,3006,2.919165580182529
67948,2185,62,2247,35.24193548387097
67949,1912,539,2451,3.547309833024119
67960,3793,108,3901,35.120370370370374
67981,3181,194,3375,16.396907216494846
68005,2799,152,2951,18.414473684210527
68006,3912,86,3998,45.48837209302326
68007,3865,38,3903,101.71052631578948
68017,3222,142,3364,22.690140845070424
68024,2937,121,3058,24.272727272727277
68027,1659,310,1969,5.351612903225806
68029,3343,106,3449,31.5377358490566
68039,3652,263,3915,13.88593155893536
68043,2465,103,2568,23.932038834951456
68047,2724,164,2888,16.609756097560975
68050,3170,224,3394,14.151785714285714
68057,1953,81,2034,24.11111111111111
68064,2687,229,2916,11.733624454148472
68068,1520,84,1604,18.09523809523809
68072,3986,75,4061,53.14666666666667
68078,827,159,986,5.20125786163522
68079,3538,37,3575,95.62162162162164
68089,3604,485,4089,7.430927835051547
68099,2573,203,2776,12.67487684729064
68100,573,2347,2920,0.2441414571793779
68105,3206,212,3418,15.12264150943396
68115,1687,211,1898,7.995260663507109
68120,3773,256,4029,14.73828125
68129,2434,172,2606,14.151162790697674
68133,3372,95,3467,35.49473684210526
68134,2497,255,2752,9.7921568627451
68137,3963,108,4071,36.69444444444444
68158,2457,248,2705,9.90725806451613
68159,2270,237,2507,9.57805907172996
68178,2131,185,2316,11.51891891891892
68192,2213,23,2236,96.21739130434784
68199,1674,288,1962,5.8125
68202,3649,326,3975,11.193251533742332
68211,3024,164,3188,18.4390243902439
68217,3534,85,3619,41.576470588235296
68219,1348,217,1565,6.211981566820277
68220,2511,112,2623,22.419642857142858
68227,160,3292,3452,0.048602673147023
68228,1040,2588,3628,0.401854714064915
68232,2351,115,2466,20.443478260869565
68234,3530,126,3656,28.015873015873016
68236,3950,136,4086,29.044117647058822
68239,3679,208,3887,17.6875
68242,2370,161,2531,14.720496894409935
68243,1096,392,1488,2.795918367346939
68249,864,103,967,8.388349514563107
68261,3219,101,3320,31.871287128712872
68263,1681,172,1853,9.773255813953488
68271,2869,765,3634,3.750326797385621
68275,2791,202,2993,13.816831683168315
68280,3620,209,3829,17.320574162679424
68285,3123,359,3482,8.699164345403899
68287,3818,209,4027,18.267942583732054
68289,898,140,1038,6.414285714285715
68305,2180,122,2302,17.868852459016395
68307,2171,123,2294,17.650406504065042
68308,3139,197,3336,15.934010152284264
68312,3383,242,3625,13.979338842975206
68319,3541,196,3737,18.066326530612244
68321,1608,60,1668,26.8
68327,3623,439,4062,8.252847380410023
68329,1633,287,1920,5.689895470383275
68335,2756,151,2907,18.251655629139076
68340,3186,226,3412,14.097345132743364
68366,1717,243,1960,7.065843621399177
68369,3685,206,3891,17.888349514563107
68370,2880,227,3107,12.687224669603523
68375,1240,2473,3713,0.5014152850788516
68383,2795,435,3230,6.425287356321839
68392,1833,234,2067,7.833333333333333
68409,3494,138,3632,25.318840579710145
68410,3418,163,3581,20.969325153374232
68411,3188,65,3253,49.04615384615385
68415,3608,70,3678,51.54285714285714
68427,1043,94,1137,11.095744680851064
68429,3325,231,3556,14.393939393939394
68431,2340,188,2528,12.4468085106383
68440,466,2885,3351,0.161525129982669
68441,3311,178,3489,18.60112359550562
68445,3719,352,4071,10.565340909090908
68446,3292,347,3639,9.487031700288185
68448,2968,217,3185,13.67741935483871
68452,2798,171,2969,16.362573099415204
68461,3500,101,3601,34.65346534653465
68464,3095,238,3333,13.004201680672267
68468,1496,180,1676,8.311111111111112
68470,3580,104,3684,34.42307692307692
68471,3169,220,3389,14.404545454545454
68475,2349,311,2660,7.553054662379421
68491,3752,89,3841,42.15730337078652
68495,1880,159,2039,11.823899371069182
68498,2075,194,2269,10.695876288659791
68512,3185,127,3312,25.078740157480315
68516,1785,130,1915,13.73076923076923
68517,3372,165,3537,20.43636363636364
68518,3130,274,3404,11.423357664233576
68521,3259,170,3429,19.17058823529412
68523,2015,176,2191,11.448863636363637
68526,3383,124,3507,27.282258064516128
68531,2366,98,2464,24.142857142857142
68532,1671,210,1881,7.957142857142857
68543,3415,103,3518,33.15533980582524
68548,1224,124,1348,9.870967741935484
68554,598,161,759,3.7142857142857135
68557,1387,157,1544,8.834394904458598
68558,2178,319,2497,6.827586206896552
68566,3750,297,4047,12.626262626262626
68574,3496,74,3570,47.24324324324324
68581,3485,323,3808,10.789473684210526
68582,2888,102,2990,28.31372549019608
68583,3156,203,3359,15.54679802955665
68588,2622,52,2674,50.42307692307692
68592,3606,284,3890,12.69718309859155
68594,2101,76,2177,27.644736842105264
68597,1554,185,1739,8.4
68600,2014,351,2365,5.737891737891738
68605,3616,286,3902,12.643356643356643
68624,122,2532,2654,0.0481832543443917
68627,2904,200,3104,14.52
68631,3482,253,3735,13.762845849802371
68638,3888,202,4090,19.247524752475247
68645,3316,150,3466,22.106666666666666
68658,3229,90,3319,35.87777777777778
68663,2734,139,2873,19.66906474820144
68671,1717,134,1851,12.813432835820896
68674,2813,182,2995,15.456043956043956
68675,3160,175,3335,18.057142857142857
68692,1833,84,1917,21.821428571428573
68701,2489,173,2662,14.38728323699422
68716,2274,584,2858,3.893835616438356
68717,2123,201,2324,10.562189054726367
68723,2158,178,2336,12.123595505617978
68735,1760,147,1907,11.97278911564626
68748,3718,128,3846,29.046875
68760,3244,175,3419,18.537142857142857
68766,745,215,960,3.4651162790697674
68771,3327,228,3555,14.592105263157896
68775,3045,236,3281,12.902542372881356
68782,3496,136,3632,25.705882352941178
68790,3485,227,3712,15.352422907488986
68792,2500,180,2680,13.88888888888889
68802,2091,213,2304,9.816901408450704
68811,2836,200,3036,14.18
68814,2153,317,2470,6.791798107255521
68815,2836,171,3007,16.584795321637426
68817,2566,41,2607,62.58536585365854
68827,3005,182,3187,16.51098901098901
68830,3256,255,3511,12.768627450980391
68831,3897,170,4067,22.923529411764704
68836,2626,312,2938,8.416666666666666
68847,2358,88,2446,26.795454545454547
68849,2848,159,3007,17.91194968553459
68866,2044,132,2176,15.484848484848484
68877,2325,388,2713,5.992268041237113
68879,3963,78,4041,50.80769230769231
68880,1485,745,2230,1.9932885906040267
68881,3066,77,3143,39.81818181818182
68885,3600,91,3691,39.56043956043956
68895,2272,128,2400,17.75
68913,3448,429,3877,8.037296037296038
68918,2641,399,3040,6.619047619047619
68928,1909,115,2024,16.6
68929,2138,634,2772,3.3722397476340693
68936,3173,106,3279,29.933962264150946
68943,3638,83,3721,43.83132530120482
68946,2465,262,2727,9.408396946564883
68948,2883,79,2962,36.49367088607595
68958,2876,856,3732,3.3598130841121496
68970,1366,167,1533,8.179640718562874
68979,3907,148,4055,26.39864864864865
68989,3250,257,3507,12.64591439688716
69004,3229,201,3430,16.064676616915424
69008,780,133,913,5.864661654135339
69009,1792,37,1829,48.43243243243244
69011,34,2120,2154,0.0160377358490566
69017,2428,91,2519,26.68131868131868
69039,753,124,877,6.07258064516129
69047,3781,96,3877,39.38541666666666
69070,559,214,773,2.6121495327102804
69089,2642,504,3146,5.242063492063492
69093,2635,95,2730,27.73684210526316
69110,1126,221,1347,5.095022624434389
69115,1756,300,2056,5.8533333333333335
69119,3227,142,3369,22.725352112676056
69120,3704,166,3870,22.313253012048197
69122,3680,215,3895,17.11627906976744
69124,1421,150,1571,9.473333333333333
69129,2516,338,2854,7.443786982248521
69141,3291,134,3425,24.559701492537314
69158,3011,134,3145,22.470149253731343
69161,2907,430,3337,6.76046511627907
69164,3170,179,3349,17.70949720670391
69166,3702,136,3838,27.22058823529412
69169,3482,108,3590,32.24074074074074
69177,3607,102,3709,35.36274509803921
69178,3172,583,3755,5.440823327615781
69183,2755,104,2859,26.490384615384617
69185,38,2169,2207,0.0175195942830797
69203,1469,149,1618,9.859060402684564
69204,3305,473,3778,6.987315010570825
69208,2382,129,2511,18.46511627906977
69229,2737,313,3050,8.744408945686901
69251,2369,64,2433,37.015625
69252,2257,142,2399,15.894366197183098
69257,3164,136,3300,23.264705882352946
69265,3746,285,4031,13.143859649122806
69268,3598,108,3706,33.31481481481482
69274,3343,119,3462,28.09243697478992
69282,1352,222,1574,6.09009009009009
69285,3627,200,3827,18.135
69286,1983,220,2203,9.013636363636364
69303,3706,322,4028,11.509316770186336
69321,3700,187,3887,19.78609625668449
69350,2164,189,2353,11.44973544973545
69356,3534,266,3800,13.285714285714286
69359,2443,64,2507,38.171875
69371,2020,1124,3144,1.797153024911032
69389,3064,800,3864,3.83
69394,2528,62,2590,40.774193548387096
69398,3807,259,4066,14.6988416988417
69411,2347,151,2498,15.543046357615896
69421,3567,217,3784,16.43778801843318
69425,3778,239,4017,15.807531380753138
69426,3160,74,3234,42.7027027027027
69434,3550,231,3781,15.367965367965368
69453,2663,116,2779,22.95689655172414
69461,2268,113,2381,20.07079646017699
69479,29,3891,3920,0.0074530968902595
69500,250,1624,1874,0.1539408866995074
69502,959,525,1484,1.8266666666666669
69503,3423,187,3610,18.3048128342246
69507,3128,331,3459,9.450151057401811
69516,2874,120,2994,23.95
69520,246,362,608,0.6795580110497238
69531,1889,125,2014,15.112
69539,1216,302,1518,4.026490066225166
69552,3774,257,4031,14.684824902723737
69553,3838,32,3870,119.9375
69555,2909,114,3023,25.517543859649123
69562,2551,212,2763,12.033018867924527
69565,2074,76,2150,27.289473684210527
69577,2501,127,2628,19.69291338582677
69593,3593,67,3660,53.62686567164179
69623,3702,159,3861,23.28301886792453
69646,2961,72,3033,41.125
69648,2531,164,2695,15.432926829268292
69689,2769,322,3091,8.599378881987578
69698,3363,95,3458,35.4
69700,509,84,593,6.059523809523809
69708,3995,45,4040,88.77777777777777
69714,3381,285,3666,11.863157894736842
69715,332,3575,3907,0.0928671328671328
69723,1535,564,2099,2.721631205673759
69731,3351,300,3651,11.17
69732,2706,163,2869,16.60122699386503
69736,3895,170,4065,22.91176470588235
69737,3330,138,3468,24.130434782608692
69740,3660,65,3725,56.30769230769231
69744,3356,161,3517,20.84472049689441
69747,1744,43,1787,40.55813953488372
69758,2756,104,2860,26.5
69762,2924,242,3166,12.082644628099173
69772,3072,178,3250,17.258426966292134
69776,1613,117,1730,13.786324786324789
69797,3210,406,3616,7.906403940886699
69805,1348,194,1542,6.948453608247423
69807,2933,193,3126,15.196891191709843
69810,2623,241,2864,10.883817427385893
69818,1789,263,2052,6.802281368821292
69825,2386,175,2561,13.634285714285712
69835,2738,162,2900,16.901234567901234
69849,1555,207,1762,7.51207729468599
69852,1996,250,2246,7.984
69855,2349,1159,3508,2.0267471958584986
69859,1616,123,1739,13.138211382113822
69872,3652,155,3807,23.561290322580646
69875,3537,181,3718,19.5414364640884
69876,3611,358,3969,10.08659217877095
69882,1933,98,2031,19.72448979591837
69896,3349,179,3528,18.70949720670391
69897,2913,111,3024,26.24324324324324
69900,2953,99,3052,29.828282828282827
69901,2965,168,3133,17.648809523809526
69910,870,103,973,8.446601941747574
69912,2183,135,2318,16.17037037037037
69916,3223,310,3533,10.396774193548389
69924,3522,156,3678,22.57692307692308
69931,2951,227,3178,13.0
69940,2405,262,2667,9.1793893129771
69943,2769,312,3081,8.875
69945,611,114,725,5.359649122807017
69950,1266,40,1306,31.65
69954,3078,78,3156,39.46153846153846
69968,1951,105,2056,18.580952380952382
69970,3263,100,3363,32.63
69974,2200,148,2348,14.864864864864863
69976,1583,154,1737,10.27922077922078
69980,73,3436,3509,0.0212456344586728
69999,1932,313,2245,6.172523961661342
70018,778,2710,3488,0.2870848708487085
70032,2271,386,2657,5.883419689119171
70037,1266,237,1503,5.341772151898734
70041,110,1684,1794,0.0653206650831353
70053,3697,157,3854,23.547770700636946
70057,2805,235,3040,11.936170212765957
70059,2669,147,2816,18.156462585034014
70065,3390,165,3555,20.545454545454547
70100,3500,313,3813,11.182108626198085
70117,3615,310,3925,11.661290322580646
70135,1571,127,1698,12.37007874015748
70138,3245,161,3406,20.15527950310559
70143,3653,347,4000,10.527377521613833
70144,2433,118,2551,20.61864406779661
70164,3612,129,3741,28.0
70173,3756,122,3878,30.78688524590164
70177,1219,130,1349,9.376923076923076
70180,3873,144,4017,26.89583333333333
70182,2081,168,2249,12.386904761904765
70185,2156,70,2226,30.8
70206,894,104,998,8.596153846153847
70222,2658,369,3027,7.203252032520325
70223,2850,159,3009,17.92452830188679
70227,85,3503,3588,0.0242649157864687
70239,3339,307,3646,10.876221498371336
70242,3283,205,3488,16.014634146341464
70253,3018,221,3239,13.656108597285067
70260,2926,323,3249,9.058823529411764
70261,2822,121,2943,23.322314049586776
70280,1637,101,1738,16.207920792079207
70282,1732,72,1804,24.05555555555556
70285,2015,195,2210,10.333333333333334
70288,1703,268,1971,6.354477611940299
70293,1233,132,1365,9.340909090909092
70309,1880,330,2210,5.696969696969697
70311,3197,121,3318,26.421487603305785
70320,3179,236,3415,13.470338983050848
70329,1492,81,1573,18.419753086419757
70333,2725,193,2918,14.11917098445596
70335,3545,77,3622,46.03896103896104
70346,3576,225,3801,15.893333333333333
70351,2779,259,3038,10.72972972972973
70355,952,156,1108,6.102564102564102
70364,1687,266,1953,6.342105263157895
70366,2408,111,2519,21.69369369369369
70368,1912,140,2052,13.657142857142857
70371,3494,66,3560,52.93939393939394
70372,3638,161,3799,22.596273291925467
70376,1961,134,2095,14.634328358208956
70379,3703,283,3986,13.084805653710248
70383,2919,123,3042,23.73170731707317
70384,3605,183,3788,19.69945355191257
70387,1297,67,1364,19.35820895522388
70407,3269,101,3370,32.366336633663366
70428,2748,180,2928,15.266666666666667
70430,1546,536,2082,2.8843283582089554
70440,1044,1179,2223,0.8854961832061069
70441,3411,84,3495,40.60714285714285
70442,2207,127,2334,17.37795275590551
70448,3771,214,3985,17.621495327102803
70449,3279,160,3439,20.49375
70450,2053,72,2125,28.51388888888889
70451,1979,43,2022,46.02325581395349
70462,3769,166,3935,22.704819277108435
70471,3424,161,3585,21.267080745341616
70474,2337,297,2634,7.868686868686868
70477,2274,222,2496,10.243243243243244
70481,2034,110,2144,18.49090909090909
70487,3669,128,3797,28.6640625
70492,3543,80,3623,44.2875
70496,3655,121,3776,30.206611570247933
70498,3301,70,3371,47.15714285714286
70501,951,1059,2010,0.8980169971671388
70502,2177,171,2348,12.730994152046785
70503,1721,81,1802,21.246913580246915
70508,2662,149,2811,17.86577181208054
70509,2103,289,2392,7.27681660899654
70528,3717,283,4000,13.134275618374556
70529,3862,90,3952,42.91111111111111
70548,3079,153,3232,20.124183006535947
70549,2128,78,2206,27.28205128205128
70561,2469,159,2628,15.528301886792454
70562,3166,163,3329,19.42331288343558
70567,824,222,1046,3.711711711711712
70572,969,151,1120,6.417218543046357
70580,3921,107,4028,36.64485981308411
70582,2125,126,2251,16.865079365079364
70613,2374,228,2602,10.412280701754383
70616,2103,174,2277,12.086206896551724
70629,3751,193,3944,19.435233160621763
70658,3027,298,3325,10.157718120805368
70659,3056,91,3147,33.582417582417584
70679,2409,258,2667,9.33720930232558
70698,1628,207,1835,7.8647342995169085
70702,3908,85,3993,45.976470588235294
70704,1141,96,1237,11.885416666666666
70710,2443,203,2646,12.03448275862069
70718,3689,145,3834,25.44137931034483
70729,3615,152,3767,23.782894736842103
70734,912,365,1277,2.4986301369863013
70742,3216,218,3434,14.752293577981652
70745,3642,117,3759,31.128205128205128
70750,2330,130,2460,17.923076923076923
70754,2548,248,2796,10.274193548387096
70758,3154,265,3419,11.90188679245283
70760,2876,36,2912,79.88888888888889
70765,3850,230,4080,16.73913043478261
70785,3286,179,3465,18.35754189944134
70788,654,125,779,5.232
70795,3330,50,3380,66.6
70803,3464,264,3728,13.12121212121212
70817,1568,293,1861,5.351535836177474
70818,2693,177,2870,15.214689265536723
70837,2857,153,3010,18.67320261437909
70840,1422,195,1617,7.292307692307692
70849,1806,235,2041,7.685106382978724
70852,2119,121,2240,17.512396694214875
70856,2640,194,2834,13.608247422680412
70861,3495,330,3825,10.590909090909092
70862,3017,247,3264,12.214574898785424
70877,3142,223,3365,14.089686098654708
70879,27,1597,1624,0.0169067000626174
70880,3579,83,3662,43.12048192771084
70881,3062,176,3238,17.397727272727273
70895,3306,187,3493,17.67914438502674
70899,1731,229,1960,7.558951965065503
70906,1235,360,1595,3.430555555555556
70910,2447,116,2563,21.094827586206897
70912,1112,199,1311,5.587939698492463
70921,1464,153,1617,9.568627450980392
70923,3871,72,3943,53.763888888888886
70933,3147,399,3546,7.887218045112782
70935,3376,152,3528,22.210526315789476
70943,2100,147,2247,14.285714285714286
70951,2687,148,2835,18.155405405405407
70955,1388,248,1636,5.596774193548387
70973,2479,443,2922,5.595936794582393
70974,2748,141,2889,19.48936170212766
70976,3467,331,3798,10.474320241691842
70977,2783,163,2946,17.073619631901842
70978,814,2303,3117,0.3534520191055145
70981,3664,341,4005,10.744868035190615
70983,3657,114,3771,32.078947368421055
70990,2651,207,2858,12.806763285024154
70998,3004,386,3390,7.782383419689119
71006,2174,140,2314,15.528571428571428
71008,608,145,753,4.193103448275863
71009,1212,159,1371,7.622641509433962
71015,1662,264,1926,6.295454545454546
71019,3048,169,3217,18.035502958579883
71032,3324,97,3421,34.2680412371134
71035,2183,155,2338,14.083870967741936
71036,1480,60,1540,24.666666666666668
71060,2354,371,2725,6.345013477088949
71064,2388,174,2562,13.724137931034482
71078,3173,188,3361,16.877659574468087
71079,2767,186,2953,14.876344086021506
71097,3079,116,3195,26.54310344827586
71100,2325,130,2455,17.884615384615383
71104,2882,119,3001,24.218487394957982
71116,1175,98,1273,11.989795918367347
71117,158,2765,2923,0.0571428571428571
71119,3294,271,3565,12.154981549815496
71123,1478,81,1559,18.246913580246915
71138,1862,201,2063,9.2636815920398
71143,3857,190,4047,20.3
71147,3575,242,3817,14.772727272727272
71152,2393,117,2510,20.45299145299145
71154,2106,206,2312,10.223300970873789
71172,2450,164,2614,14.939024390243905
71175,3588,61,3649,58.81967213114754
71183,1939,234,2173,8.286324786324787
71184,3859,235,4094,16.42127659574468
71191,109,3360,3469,0.0324404761904761
71203,3151,143,3294,22.034965034965037
71204,3130,178,3308,17.584269662921347
71210,2308,103,2411,22.40776699029126
71213,1955,212,2167,9.221698113207546
71225,3290,171,3461,19.239766081871345
71229,1328,172,1500,7.72093023255814
71236,197,3122,3319,0.0631005765534913
71254,1625,85,1710,19.11764705882353
71257,2067,231,2298,8.948051948051948
71260,2099,318,2417,6.60062893081761
71282,2278,205,2483,11.11219512195122
71312,82,2269,2351,0.0361392684001762
71313,3753,119,3872,31.537815126050425
71318,2018,74,2092,27.27027027027027
71319,3749,246,3995,15.239837398373984
71322,3795,164,3959,23.140243902439025
71327,2482,109,2591,22.770642201834864
71332,2487,121,2608,20.553719008264466
71347,3781,213,3994,17.751173708920188
71357,2519,175,2694,14.394285714285717
71366,2923,60,2983,48.71666666666667
71372,3719,142,3861,26.190140845070424
71377,1823,612,2435,2.9787581699346406
71383,2472,107,2579,23.10280373831776
71391,3337,64,3401,52.140625
71399,2927,134,3061,21.84328358208955
71405,959,87,1046,11.022988505747126
71414,3316,112,3428,29.607142857142858
71420,2780,102,2882,27.254901960784316
71422,3148,192,3340,16.395833333333332
71425,1910,99,2009,19.29292929292929
71430,2717,96,2813,28.30208333333333
71438,3508,116,3624,30.24137931034483
71442,1676,287,1963,5.839721254355401
71444,419,3409,3828,0.1229099442651804
71446,2969,167,3136,17.778443113772454
71451,2000,111,2111,18.01801801801802
71453,3598,159,3757,22.628930817610065
71454,2807,167,2974,16.808383233532933
71459,148,1397,1545,0.1059413027916964
71460,3640,112,3752,32.5
71466,3510,174,3684,20.17241379310345
71467,2046,61,2107,33.540983606557376
71469,2548,137,2685,18.598540145985403
71470,3556,452,4008,7.867256637168142
71477,2408,379,2787,6.353562005277045
71478,2799,104,2903,26.91346153846154
71487,3256,193,3449,16.870466321243523
71493,3502,219,3721,15.990867579908675
71504,2237,416,2653,5.377403846153846
71518,1852,343,2195,5.399416909620991
71534,1769,450,2219,3.931111111111111
71540,3192,70,3262,45.6
71542,3653,166,3819,22.00602409638554
71546,2296,44,2340,52.18181818181818
71549,3786,193,3979,19.616580310880828
71562,1821,132,1953,13.795454545454543
71618,2194,200,2394,10.97
71627,3679,144,3823,25.54861111111111
71636,2889,101,2990,28.603960396039604
71652,3716,120,3836,30.966666666666665
71672,3253,170,3423,19.13529411764706
71676,2920,98,3018,29.79591836734694
71677,2937,61,2998,48.14754098360656
71691,3746,152,3898,24.644736842105264
71700,3481,335,3816,10.391044776119402
71710,3828,86,3914,44.51162790697674
71713,1677,931,2608,1.8012889366272824
71714,2577,283,2860,9.10600706713781
71723,3683,228,3911,16.153508771929825
71725,3709,184,3893,20.157608695652176
71726,2519,987,3506,2.552178318135765
71727,3525,181,3706,19.47513812154696
71728,3637,150,3787,24.246666666666663
71730,3618,40,3658,90.45
71734,3522,108,3630,32.611111111111114
71740,1904,248,2152,7.67741935483871
71770,3699,164,3863,22.554878048780488
71778,1462,373,1835,3.919571045576408
71779,3958,52,4010,76.11538461538461
71782,2395,212,2607,11.297169811320757
71789,3301,173,3474,19.08092485549133
71791,1934,104,2038,18.596153846153847
71801,3546,125,3671,28.368
71814,3223,202,3425,15.955445544554456
71816,3857,90,3947,42.855555555555554
71818,2195,115,2310,19.08695652173913
71826,1875,43,1918,43.604651162790695
71829,1543,103,1646,14.980582524271844
71835,60,4015,4075,0.0149439601494396
71849,1007,63,1070,15.984126984126984
71853,2421,100,2521,24.21
71858,1215,135,1350,9.0
71868,2588,101,2689,25.623762376237625
71880,287,1447,1734,0.1983413959917069
71884,2159,162,2321,13.32716049382716
71900,2066,113,2179,18.283185840707965
71902,1538,69,1607,22.28985507246377
71924,2776,164,2940,16.926829268292682
71938,2191,165,2356,13.27878787878788
71942,2291,67,2358,34.19402985074627
71968,2424,163,2587,14.87116564417178
71983,1458,162,1620,9.0
71987,967,133,1100,7.2706766917293235
71988,2850,218,3068,13.073394495412844
72000,815,194,1009,4.201030927835052
72007,3135,151,3286,20.76158940397351
72009,2194,309,2503,7.100323624595469
72015,1803,159,1962,11.339622641509434
72016,2353,250,2603,9.412
72023,2998,146,3144,20.534246575342465
72028,3171,144,3315,22.02083333333333
72040,2259,383,2642,5.898172323759791
72043,47,2733,2780,0.0171972191730698
72046,2971,351,3322,8.464387464387464
72053,3601,240,3841,15.004166666666666
72054,3250,211,3461,15.402843601895734
72056,3064,166,3230,18.457831325301203
72065,3805,211,4016,18.03317535545024
72075,2961,451,3412,6.565410199556541
72089,3662,103,3765,35.55339805825243
72090,288,3368,3656,0.0855106888361045
72094,3769,130,3899,28.99230769230769
72098,3850,159,4009,24.21383647798742
72100,2320,44,2364,52.72727272727273
72121,3758,153,3911,24.562091503267972
72123,3540,215,3755,16.46511627906977
72125,135,2817,2952,0.047923322683706
72127,3917,175,4092,22.382857142857144
72133,3062,254,3316,12.05511811023622
72144,3490,88,3578,39.65909090909091
72148,3105,82,3187,37.86585365853659
72155,2428,73,2501,33.26027397260274
72156,3210,141,3351,22.76595744680851
72163,3120,739,3859,4.2219215155615695
72166,2510,138,2648,18.18840579710145
72169,3653,282,3935,12.95390070921986
72171,3984,64,4048,62.25
72172,3019,478,3497,6.315899581589958
72173,295,3618,3913,0.0815367606412382
72185,3654,56,3710,65.25
72187,2730,47,2777,58.08510638297872
72195,2914,318,3232,9.163522012578616
72198,3883,177,4060,21.937853107344637
72204,3373,58,3431,58.1551724137931
72215,3899,59,3958,66.08474576271186
72220,2958,166,3124,17.819277108433734
72234,1451,116,1567,12.508620689655173
72239,3138,141,3279,22.25531914893617
72242,1601,51,1652,31.392156862745097
72246,2448,67,2515,36.53731343283582
72257,2074,134,2208,15.477611940298509
72258,2661,125,2786,21.288
72266,4024,50,4074,80.48
72272,3141,91,3232,34.51648351648352
72275,688,109,797,6.311926605504588
72277,3792,101,3893,37.54455445544554
72288,3373,238,3611,14.172268907563025
72300,2611,114,2725,22.903508771929825
72306,2873,256,3129,11.22265625
72311,1144,171,1315,6.690058479532164
72318,958,190,1148,5.042105263157895
72320,1632,195,1827,8.36923076923077
72328,3768,97,3865,38.845360824742265
72331,2331,209,2540,11.15311004784689
72335,3340,313,3653,10.670926517571884
72339,2791,202,2993,13.816831683168315
72340,1660,139,1799,11.942446043165468
72351,3690,376,4066,9.813829787234043
72354,1039,122,1161,8.51639344262295
72356,3501,147,3648,23.816326530612244
72359,2293,174,2467,13.17816091954023
72365,1285,81,1366,15.864197530864198
72366,2461,189,2650,13.02116402116402
72369,2283,167,2450,13.67065868263473
72377,2857,234,3091,12.209401709401709
72383,737,123,860,5.991869918699187
72389,2598,83,2681,31.301204819277107
72394,2799,47,2846,59.5531914893617
72396,1423,371,1794,3.835579514824798
72399,3780,134,3914,28.2089552238806
72402,2140,187,2327,11.44385026737968
72406,3007,215,3222,13.986046511627906
72408,3699,148,3847,24.99324324324324
72411,2857,106,2963,26.952830188679247
72415,3267,250,3517,13.068
72418,1744,118,1862,14.779661016949152
72421,2278,275,2553,8.283636363636363
72458,2782,27,2809,103.03703703703704
72470,3148,192,3340,16.395833333333332
72471,1627,281,1908,5.790035587188612
72479,90,2394,2484,0.037593984962406
72488,3028,288,3316,10.51388888888889
72498,3519,183,3702,19.229508196721312
72499,1202,78,1280,15.41025641025641
72506,2487,82,2569,30.32926829268293
72512,2084,68,2152,30.647058823529413
72516,2904,61,2965,47.60655737704918
72524,1228,126,1354,9.746031746031743
72526,2935,102,3037,28.774509803921568
72529,2428,127,2555,19.118110236220478
72533,3675,88,3763,41.76136363636363
72537,3113,236,3349,13.190677966101696
72539,3066,189,3255,16.22222222222222
72541,3540,338,3878,10.47337278106509
72556,2850,216,3066,13.194444444444445
72558,3484,99,3583,35.19191919191919
72567,1087,46,1133,23.630434782608692
72579,3306,154,3460,21.467532467532468
72585,3782,123,3905,30.747967479674795
72588,2597,229,2826,11.34061135371179
72600,2754,176,2930,15.647727272727272
72616,3207,269,3476,11.92193308550186
72619,3922,64,3986,61.28125
72627,2907,165,3072,17.618181818181817
72640,1372,126,1498,10.88888888888889
72645,3472,202,3674,17.18811881188119
72652,3583,255,3838,14.050980392156864
72653,2710,334,3044,8.113772455089821
72660,3922,120,4042,32.68333333333333
72666,3517,260,3777,13.526923076923078
72675,966,161,1127,6.0
72680,2361,160,2521,14.75625
72694,1724,66,1790,26.12121212121212
72708,3667,249,3916,14.726907630522089
72710,3276,168,3444,19.5
72711,2447,174,2621,14.063218390804598
72727,620,131,751,4.732824427480916
72728,3773,188,3961,20.06914893617021
72733,939,107,1046,8.77570093457944
72743,1202,72,1274,16.694444444444443
72748,3422,118,3540,29.0
72763,3723,106,3829,35.12264150943396
72768,3489,123,3612,28.365853658536587
72770,3200,152,3352,21.05263157894737
72778,3428,187,3615,18.33155080213904
72783,2020,143,2163,14.125874125874128
72791,3096,129,3225,24.0
72797,2915,76,2991,38.35526315789474
72801,2798,173,2971,16.173410404624278
72806,3249,455,3704,7.140659340659341
72811,673,2780,3453,0.2420863309352518
72817,2973,74,3047,40.17567567567568
72820,2679,272,2951,9.849264705882351
72826,3368,201,3569,16.756218905472636
72829,1532,117,1649,13.094017094017094
72848,2685,148,2833,18.14189189189189
72849,2950,231,3181,12.770562770562773
72862,324,3490,3814,0.092836676217765
72864,3348,132,3480,25.363636363636363
72875,1456,190,1646,7.663157894736842
72884,3443,212,3655,16.24056603773585
72885,1377,461,1838,2.986984815618221
72894,2211,161,2372,13.732919254658386
72901,1,3716,3717,0.0002691065662002
72904,2850,160,3010,17.8125
72917,2489,235,2724,10.591489361702129
72924,3491,256,3747,13.63671875
72938,1447,87,1534,16.632183908045977
72957,3523,82,3605,42.96341463414634
72959,3055,52,3107,58.75
72962,2743,166,2909,16.52409638554217
72965,1925,224,2149,8.59375
72967,3884,69,3953,56.289855072463766
72978,3473,74,3547,46.93243243243244
72982,2567,209,2776,12.282296650717702
72989,3010,256,3266,11.7578125
72992,764,278,1042,2.7482014388489207
73000,2362,211,2573,11.19431279620853
73006,349,3162,3511,0.1103731815306767
73012,2663,128,2791,20.8046875
73027,2902,177,3079,16.3954802259887
73035,3394,231,3625,14.692640692640692
73039,516,150,666,3.44
73042,2635,338,2973,7.795857988165681
73044,3539,205,3744,17.26341463414634
73045,605,209,814,2.8947368421052637
73056,3149,76,3225,41.43421052631579
73073,638,2805,3443,0.2274509803921568
73076,3547,217,3764,16.34562211981567
73082,3786,223,4009,16.977578475336323
73085,1408,207,1615,6.801932367149759
73088,1081,44,1125,24.568181818181817
73113,3671,278,3949,13.20503597122302
73123,1382,172,1554,8.034883720930232
73130,3415,184,3599,18.55978260869565
73144,3112,190,3302,16.378947368421052
73145,2449,314,2763,7.79936305732484
73162,2208,185,2393,11.935135135135136
73163,3153,104,3257,30.317307692307693
73164,3831,149,3980,25.711409395973156
73166,1069,93,1162,11.494623655913978
73173,1907,142,2049,13.429577464788732
73174,847,86,933,9.848837209302326
73182,3593,47,3640,76.44680851063829
73193,2965,307,3272,9.657980456026058
73195,3007,268,3275,11.220149253731345
73206,1226,279,1505,4.39426523297491
73209,3038,151,3189,20.119205298013245
73222,2274,211,2485,10.777251184834125
73227,3530,180,3710,19.61111111111111
73231,3617,110,3727,32.88181818181818
73247,1600,121,1721,13.223140495867767
73251,1,3999,4000,0.0002500625156289
73262,3827,86,3913,44.5
73267,2098,52,2150,40.34615384615385
73274,2683,101,2784,26.564356435643564
73277,1253,250,1503,5.012
73280,2170,905,3075,2.3977900552486187
73284,2764,157,2921,17.605095541401273
73287,717,192,909,3.734375
73291,2478,62,2540,39.96774193548387
73301,3558,224,3782,15.883928571428571
73303,3750,127,3877,29.52755905511811
73305,1555,79,1634,19.68354430379747
73310,3340,36,3376,92.77777777777776
73324,3806,153,3959,24.875816993464053
73343,1281,225,1506,5.693333333333333
73363,3190,142,3332,22.464788732394368
73366,2262,53,2315,42.67924528301887
73368,2799,272,3071,10.290441176470589
73378,1828,120,1948,15.233333333333333
73381,3476,107,3583,32.48598130841121
73384,3695,50,3745,73.9
73405,3609,265,3874,13.618867924528304
73410,2251,35,2286,64.31428571428572
73431,3753,130,3883,28.869230769230768
73436,1482,147,1629,10.081632653061224
73444,2433,177,2610,13.745762711864408
73445,1952,348,2300,5.609195402298851
73450,3584,73,3657,49.0958904109589
73454,2795,176,2971,15.880681818181818
73461,1682,259,1941,6.494208494208494
73467,936,165,1101,5.672727272727273
73473,2531,35,2566,72.31428571428572
73495,2658,100,2758,26.58
73505,3320,109,3429,30.45871559633028
73508,2770,131,2901,21.14503816793893
73560,3466,130,3596,26.661538461538463
73566,2979,233,3212,12.785407725321887
73570,2165,195,2360,11.102564102564102
73571,2656,105,2761,25.29523809523809
73575,2485,137,2622,18.138686131386866
73589,2848,262,3110,10.870229007633588
73591,1935,130,2065,14.884615384615383
73592,1729,146,1875,11.842465753424657
73598,3108,128,3236,24.28125
73599,1617,104,1721,15.548076923076923
73609,2496,176,2672,14.181818181818182
73613,1927,189,2116,10.195767195767196
73621,1953,226,2179,8.641592920353983
73632,1773,100,1873,17.73
73633,226,3766,3992,0.0600106213489113
73668,3800,273,4073,13.91941391941392
73669,3794,120,3914,31.616666666666667
73671,2820,229,3049,12.314410480349345
73673,2800,91,2891,30.76923076923077
73684,2602,169,2771,15.396449704142013
73685,3011,33,3044,91.24242424242424
73697,1599,342,1941,4.675438596491228
73701,2974,322,3296,9.236024844720497
73715,2194,531,2725,4.131826741996234
73717,3328,225,3553,14.79111111111111
73720,1840,266,2106,6.917293233082707
73724,3344,101,3445,33.10891089108911
73726,3500,96,3596,36.458333333333336
73727,3777,74,3851,51.04054054054054
73728,3885,171,4056,22.719298245614038
73730,532,110,642,4.836363636363636
73732,2864,131,2995,21.862595419847327
73748,2372,482,2854,4.921161825726141
73757,3126,303,3429,10.316831683168315
73766,966,174,1140,5.551724137931035
73771,2980,114,3094,26.140350877192983
73782,3665,246,3911,14.898373983739836
73789,3775,201,3976,18.781094527363184
73792,3167,274,3441,11.558394160583942
73797,3507,117,3624,29.97435897435897
73810,2472,539,3011,4.586270871985158
73816,3769,182,3951,20.708791208791208
73817,3725,331,4056,11.253776435045316
73829,1747,158,1905,11.056962025316457
73831,3505,267,3772,13.127340823970036
73835,2811,244,3055,11.520491803278688
73840,2256,684,2940,3.298245614035088
73847,1528,159,1687,9.61006289308176
73850,730,66,796,11.06060606060606
73851,2542,107,2649,23.757009345794398
73852,3240,282,3522,11.48936170212766
73861,2346,287,2633,8.174216027874564
73867,2314,250,2564,9.256
73875,521,2007,2528,0.2595914299950174
73896,3072,124,3196,24.774193548387096
73908,473,382,855,1.2382198952879582
73909,2212,243,2455,9.102880658436217
73928,1834,70,1904,26.2
73932,3645,158,3803,23.06962025316456
73934,3539,90,3629,39.32222222222222
73946,1668,119,1787,14.016806722689076
73957,2747,241,2988,11.398340248962656
73970,2129,197,2326,10.807106598984772
73971,1836,116,1952,15.827586206896552
73975,2186,186,2372,11.75268817204301
73985,1883,165,2048,11.412121212121212
73991,3496,167,3663,20.934131736526947
73997,3137,225,3362,13.942222222222222
74004,1848,88,1936,21.0
74009,2033,133,2166,15.285714285714286
74015,3261,237,3498,13.759493670886076
74017,685,223,908,3.071748878923767
74022,2292,330,2622,6.945454545454545
74035,2590,299,2889,8.66220735785953
74036,828,116,944,7.137931034482759
74042,1685,152,1837,11.085526315789474
74046,1691,256,1947,6.60546875
74054,2352,176,2528,13.363636363636363
74088,2364,262,2626,9.02290076335878
74094,3608,309,3917,11.676375404530743
74104,2475,620,3095,3.991935483870968
74108,584,228,812,2.56140350877193
74120,2944,754,3698,3.9045092838196287
74121,2285,323,2608,7.074303405572755
74124,1904,88,1992,21.63636363636364
74125,448,101,549,4.435643564356436
74138,3295,189,3484,17.433862433862434
74144,2828,45,2873,62.84444444444444
74155,78,4010,4088,0.0194513715710723
74157,1043,55,1098,18.963636363636365
74158,3070,247,3317,12.429149797570853
74160,1196,147,1343,8.136054421768707
74163,3741,146,3887,25.62328767123288
74166,3043,143,3186,21.27972027972028
74174,1288,173,1461,7.445086705202312
74175,3564,316,3880,11.278481012658228
74201,2967,41,3008,72.36585365853658
74203,3181,122,3303,26.07377049180328
74205,734,103,837,7.12621359223301
74213,3278,228,3506,14.37719298245614
74217,2327,102,2429,22.81372549019608
74225,2613,113,2726,23.12389380530973
74228,1818,44,1862,41.31818181818182
74240,2576,231,2807,11.151515151515152
74245,2747,198,2945,13.873737373737374
74250,2140,750,2890,2.853333333333333
74259,2048,44,2092,46.54545454545455
74264,2975,236,3211,12.60593220338983
74266,2307,138,2445,16.717391304347824
74270,3427,210,3637,16.31904761904762
74277,1891,111,2002,17.036036036036037
74286,3159,101,3260,31.27722772277228
74287,2768,159,2927,17.40880503144654
74289,3755,198,3953,18.964646464646464
74294,3535,169,3704,20.91715976331361
74299,3774,148,3922,25.5
74300,2878,266,3144,10.819548872180452
74312,2861,221,3082,12.945701357466064
74313,1346,233,1579,5.776824034334764
74320,3574,175,3749,20.422857142857143
74335,2306,49,2355,47.06122448979592
74337,2891,146,3037,19.801369863013697
74340,2248,259,2507,8.67953667953668
74343,2711,54,2765,50.2037037037037
74348,2352,140,2492,16.8
74349,3865,109,3974,35.45871559633027
74363,2894,778,3672,3.719794344473008
74364,1174,379,1553,3.097625329815304
74368,3615,131,3746,27.595419847328245
74381,2712,99,2811,27.393939393939394
74382,3154,191,3345,16.513089005235603
74384,1060,2559,3619,0.4142243063696756
74404,3792,150,3942,25.28
74411,3525,42,3567,83.92857142857143
74417,3048,338,3386,9.017751479289942
74423,2660,163,2823,16.319018404907975
74427,2607,186,2793,14.016129032258064
74434,3466,81,3547,42.79012345679013
74435,1292,186,1478,6.946236559139785
74438,3450,316,3766,10.917721518987342
74439,2491,269,2760,9.260223048327138
74447,3767,84,3851,44.845238095238095
74454,1409,310,1719,4.54516129032258
74462,3769,148,3917,25.466216216216218
74465,646,115,761,5.6173913043478265
74471,2953,205,3158,14.404878048780487
74472,818,238,1056,3.436974789915966
74477,3653,217,3870,16.83410138248848
74487,2109,154,2263,13.694805194805197
74490,3332,192,3524,17.354166666666668
74493,2249,134,2383,16.78358208955224
74494,3015,83,3098,36.32530120481928
74499,2376,119,2495,19.96638655462185
74500,1914,87,2001,22.0
74505,3871,91,3962,42.53846153846154
74516,3465,255,3720,13.588235294117649
74522,3436,232,3668,14.810344827586206
74527,1271,135,1406,9.414814814814816
74532,3221,296,3517,10.881756756756756
74534,1157,137,1294,8.445255474452555
74544,3544,112,3656,31.642857142857142
74545,1975,144,2119,13.71527777777778
74552,3277,137,3414,23.91970802919708
74556,1909,205,2114,9.31219512195122
74559,3115,163,3278,19.11042944785276
74565,2519,121,2640,20.818181818181817
74570,3806,194,4000,19.61855670103093
74572,4033,51,4084,79.07843137254902
74579,1409,162,1571,8.697530864197532
74582,3024,332,3356,9.10843373493976
74583,2466,138,2604,17.869565217391305
74588,3405,143,3548,23.81118881118881
74589,3740,117,3857,31.96581196581197
74592,3488,288,3776,12.11111111111111
74594,593,532,1125,1.1146616541353382
74596,3338,177,3515,18.858757062146893
74599,3355,171,3526,19.619883040935672
74619,3338,66,3404,50.57575757575758
74621,3591,146,3737,24.595890410958905
74633,3593,90,3683,39.922222222222224
74638,3032,96,3128,31.58333333333333
74640,2267,199,2466,11.391959798994977
74643,3392,78,3470,43.48717948717949
74648,3493,180,3673,19.405555555555555
74681,2561,163,2724,15.71165644171779
74682,876,92,968,9.521739130434783
74694,3129,44,3173,71.11363636363636
74709,3705,163,3868,22.73006134969325
74713,3045,81,3126,37.5925925925926
74717,1828,196,2024,9.326530612244898
74726,2506,134,2640,18.70149253731343
74731,2193,114,2307,19.23684210526316
74732,2670,197,2867,13.553299492385786
74735,2625,217,2842,12.096774193548388
74736,2583,100,2683,25.83
74750,3592,146,3738,24.6027397260274
74752,3171,176,3347,18.017045454545453
74754,2126,93,2219,22.86021505376344
74765,1799,247,2046,7.283400809716599
74775,2731,179,2910,15.256983240223464
74777,2035,231,2266,8.80952380952381
74782,3927,113,4040,34.75221238938053
74786,3979,109,4088,36.5045871559633
74805,3023,174,3197,17.373563218390803
74816,3897,132,4029,29.522727272727277
74826,3473,347,3820,10.00864553314121
74833,2595,720,3315,3.6041666666666665
74843,2621,177,2798,14.807909604519772
74856,3102,573,3675,5.413612565445026
74859,124,3551,3675,0.0349197409180512
74875,2120,332,2452,6.385542168674699
74881,1564,84,1648,18.61904761904762
74893,2080,213,2293,9.765258215962442
74895,1591,165,1756,9.642424242424244
74897,3018,211,3229,14.303317535545023
74905,2498,73,2571,34.21917808219178
74907,3128,169,3297,18.50887573964497
74925,3159,159,3318,19.867924528301888
74929,2884,171,3055,16.86549707602339
74939,3566,233,3799,15.304721030042918
74946,2710,244,2954,11.10655737704918
74949,2950,102,3052,28.92156862745098
74951,1573,113,1686,13.920353982300885
74958,1845,168,2013,10.982142857142858
74959,2967,91,3058,32.604395604395606
74964,125,2814,2939,0.0444207533759772
74966,1706,221,1927,7.719457013574661
74972,3561,250,3811,14.244
74977,2553,165,2718,15.472727272727273
74978,2205,276,2481,7.989130434782608
74992,3725,44,3769,84.6590909090909
74994,3149,473,3622,6.657505285412262
74996,3449,300,3749,11.496666666666666
75004,2399,372,2771,6.448924731182796
75009,3491,108,3599,32.32407407407408
75015,2090,1033,3123,2.0232333010648595
75018,3645,107,3752,34.06542056074766
75019,3280,111,3391,29.54954954954955
75042,1544,1609,3153,0.9596022374145432
75044,3333,156,3489,21.365384615384617
75057,571,2712,3283,0.2105457227138643
75066,3389,212,3601,15.985849056603774
75070,2487,112,2599,22.205357142857142
75072,1608,42,1650,38.285714285714285
75092,1748,49,1797,35.673469387755105
75100,2356,149,2505,15.812080536912752
75101,1637,129,1766,12.689922480620154
75102,2204,163,2367,13.521472392638035
75118,831,45,876,18.466666666666665
75121,3608,223,3831,16.179372197309416
75124,3605,215,3820,16.767441860465116
75127,3347,379,3726,8.831134564643799
75142,2756,122,2878,22.59016393442623
75163,2973,186,3159,15.983870967741936
75169,3286,149,3435,22.053691275167782
75179,3483,231,3714,15.07792207792208
75180,2471,335,2806,7.376119402985075
75184,3012,70,3082,43.02857142857143
75185,1650,195,1845,8.461538461538462
75205,3379,126,3505,26.81746031746032
75207,2453,100,2553,24.53
75209,2573,134,2707,19.20149253731343
75212,2320,138,2458,16.81159420289855
75218,3538,342,3880,10.34502923976608
75223,3543,278,3821,12.744604316546765
75233,1511,172,1683,8.784883720930232
75240,3531,246,3777,14.353658536585366
75243,1749,318,2067,5.5
75252,2113,229,2342,9.22707423580786
75265,3751,208,3959,18.033653846153847
75267,3642,211,3853,17.260663507109005
75268,297,3107,3404,0.0955906018667525
75295,2903,123,3026,23.601626016260163
75299,3487,65,3552,53.64615384615384
75313,3661,202,3863,18.123762376237625
75316,3144,124,3268,25.35483870967742
75318,3101,118,3219,26.279661016949152
75390,2317,263,2580,8.809885931558936
75392,3093,73,3166,42.36986301369863
75404,1389,55,1444,25.25454545454545
75416,2699,77,2776,35.05194805194805
75425,1758,46,1804,38.21739130434783
75429,2186,133,2319,16.43609022556391
75436,2864,259,3123,11.057915057915055
75441,3206,130,3336,24.661538461538463
75451,3092,110,3202,28.10909090909091
75453,2941,278,3219,10.579136690647482
75461,1584,126,1710,12.571428571428571
75468,3605,138,3743,26.1231884057971
75472,2399,79,2478,30.367088607594937
75474,3159,108,3267,29.25
75496,1802,171,1973,10.538011695906432
75497,2541,330,2871,7.7
75500,11,1572,1583,0.0069974554707379
75502,1823,141,1964,12.929078014184396
75505,3488,151,3639,23.09933774834437
75519,3880,129,4009,30.07751937984496
75521,3325,134,3459,24.81343283582089
75522,3172,162,3334,19.580246913580247
75537,2239,248,2487,9.028225806451612
75538,1444,70,1514,20.62857142857143
75540,1896,117,2013,16.205128205128204
75541,3288,79,3367,41.62025316455696
75563,2740,196,2936,13.979591836734691
75573,2509,179,2688,14.016759776536311
75575,3093,213,3306,14.52112676056338
75576,34,3747,3781,0.0090739258073125
75578,2899,739,3638,3.922868741542625
75595,2429,103,2532,23.58252427184466
75600,3649,138,3787,26.44202898550725
75604,3347,171,3518,19.57309941520468
75610,3669,120,3789,30.575
75621,2466,245,2711,10.06530612244898
75637,713,78,791,9.14102564102564
75640,2696,89,2785,30.292134831460675
75648,3105,144,3249,21.5625
75651,3875,121,3996,32.02479338842975
75668,1030,2930,3960,0.3515358361774744
75674,2255,116,2371,19.439655172413797
75680,3081,216,3297,14.26388888888889
75693,3807,189,3996,20.142857142857142
75701,3048,150,3198,20.32
75704,821,27,848,30.40740740740741
75707,2760,57,2817,48.42105263157895
75727,1257,196,1453,6.413265306122449
75730,2380,906,3286,2.6269315673289184
75734,3125,654,3779,4.7782874617737
75739,3716,85,3801,43.71764705882353
75745,2827,112,2939,25.241071428571427
75758,2040,109,2149,18.71559633027523
75769,2489,78,2567,31.91025641025641
75770,3219,260,3479,12.38076923076923
75771,3886,185,4071,21.005405405405405
75773,3819,186,4005,20.532258064516128
75782,3335,168,3503,19.851190476190474
75789,3878,185,4063,20.96216216216216
75795,1906,75,1981,25.41333333333333
75798,1169,231,1400,5.0606060606060606
75800,2735,174,2909,15.718390804597702
75805,1221,140,1361,8.721428571428572
75808,3510,128,3638,27.421875
75812,3932,156,4088,25.205128205128204
75826,2871,257,3128,11.171206225680931
75828,3395,128,3523,26.5234375
75833,2312,129,2441,17.92248062015504
75845,3983,113,4096,35.24778761061947
75846,2896,186,3082,15.56989247311828
75856,2705,103,2808,26.262135922330096
75860,1602,97,1699,16.515463917525775
75864,1600,230,1830,6.956521739130435
75886,2435,187,2622,13.02139037433155
75895,3618,234,3852,15.461538461538462
75900,2688,399,3087,6.7368421052631575
75907,1254,738,1992,1.6991869918699187
75912,2843,222,3065,12.806306306306306
75931,3894,154,4048,25.285714285714285
75940,3561,230,3791,15.482608695652171
75943,3641,268,3909,13.585820895522389
75950,3025,126,3151,24.00793650793651
75951,3550,301,3851,11.794019933554818
75960,3814,220,4034,17.336363636363636
75961,2820,273,3093,10.32967032967033
75963,1803,421,2224,4.282660332541568
75965,3935,90,4025,43.72222222222222
75966,1783,68,1851,26.22058823529412
75968,3566,344,3910,10.366279069767442
75976,3141,74,3215,42.44594594594594
75980,2440,58,2498,42.06896551724138
75981,2028,279,2307,7.268817204301075
75994,3155,105,3260,30.047619047619047
76008,2412,112,2524,21.535714285714285
76010,2760,203,2963,13.596059113300493
76018,1014,108,1122,9.38888888888889
76022,2159,236,2395,9.148305084745765
76025,2343,159,2502,14.735849056603774
76037,2455,69,2524,35.57971014492754
76047,279,152,431,1.8355263157894737
76050,1673,2224,3897,0.752248201438849
76051,3742,287,4029,13.038327526132404
76057,3679,268,3947,13.727611940298509
76061,3537,167,3704,21.17964071856288
76065,3319,126,3445,26.34126984126984
76081,2799,64,2863,43.734375
76084,2026,179,2205,11.318435754189943
76104,3731,195,3926,19.133333333333333
76110,3221,118,3339,27.29661016949153
76116,3616,164,3780,22.04878048780488
76121,2245,207,2452,10.845410628019325
76142,2267,340,2607,6.66764705882353
76144,3381,190,3571,17.794736842105262
76153,3630,198,3828,18.33333333333333
76156,2224,198,2422,11.232323232323232
76179,1616,117,1733,13.811965811965813
76191,3568,235,3803,15.182978723404256
76202,2450,287,2737,8.536585365853659
76210,3887,84,3971,46.273809523809526
76212,1,2197,2198,0.0004551661356395
76213,3764,163,3927,23.0920245398773
76220,1848,418,2266,4.421052631578948
76222,3407,303,3710,11.244224422442244
76238,39,3140,3179,0.012420382165605
76240,3496,158,3654,22.126582278481013
76282,3668,141,3809,26.01418439716312
76284,2044,127,2171,16.094488188976378
76291,3166,114,3280,27.771929824561404
76299,1898,535,2433,3.547663551401869
76301,1839,198,2037,9.287878787878787
76309,2705,82,2787,32.98780487804878
76317,3898,170,4068,22.929411764705883
76319,3117,345,3462,9.034782608695652
76335,3812,114,3926,33.43859649122807
76336,2675,115,2790,23.26086956521739
76338,2506,34,2540,73.70588235294117
76344,3143,87,3230,36.12643678160919
76352,3468,281,3749,12.341637010676155
76362,2173,112,2285,19.401785714285715
76367,411,53,464,7.754716981132075
76370,1793,175,1968,10.245714285714286
76371,355,3417,3772,0.1038923031899326
76384,1496,186,1682,8.043010752688172
76387,2203,113,2316,19.495575221238937
76390,2761,181,2942,15.25414364640884
76394,3850,121,3971,31.818181818181817
76416,2517,190,2707,13.24736842105263
76417,2204,228,2432,9.666666666666666
76418,3250,170,3420,19.11764705882353
76424,1064,168,1232,6.333333333333333
76432,2614,107,2721,24.429906542056077
76449,815,64,879,12.734375
76451,2201,63,2264,34.93650793650794
76459,2174,182,2356,11.945054945054943
76461,2816,169,2985,16.662721893491124
76463,1,3850,3851,0.0002597402597402
76464,3756,229,3985,16.40174672489083
76467,3547,236,3783,15.029661016949152
76471,3884,89,3973,43.640449438202246
76473,2820,245,3065,11.510204081632653
76483,1773,120,1893,14.775
76494,3322,163,3485,20.380368098159508
76499,3206,179,3385,17.910614525139664
76500,1195,70,1265,17.071428571428573
76501,1840,158,1998,11.645569620253164
76503,3913,87,4000,44.97701149425287
76506,3957,100,4057,39.57
76511,3833,121,3954,31.677685950413224
76513,2755,40,2795,68.875
76515,2400,221,2621,10.85972850678733
76516,3807,113,3920,33.690265486725664
76536,2388,229,2617,10.427947598253276
76539,497,655,1152,0.7587786259541984
76541,3852,140,3992,27.51428571428572
76545,3204,240,3444,13.35
76549,1763,199,1962,8.859296482412061
76557,2732,97,2829,28.164948453608247
76561,3417,161,3578,21.22360248447205
76572,3450,377,3827,9.151193633952255
76573,3643,451,4094,8.077605321507761
76587,1352,111,1463,12.18018018018018
76601,2793,161,2954,17.347826086956523
76606,3019,105,3124,28.752380952380957
76610,3556,410,3966,8.673170731707318
76625,2331,77,2408,30.272727272727277
76630,2329,726,3055,3.2079889807162534
76636,1512,84,1596,18.0
76659,3296,121,3417,27.239669421487605
76661,2528,65,2593,38.89230769230769
76663,1262,120,1382,10.516666666666667
76691,580,2327,2907,0.2492479587451654
76698,1942,87,2029,22.32183908045977
76702,2868,184,3052,15.58695652173913
76714,3264,241,3505,13.54356846473029
76715,416,1855,2271,0.2242587601078167
76722,2557,137,2694,18.66423357664233
76740,3392,213,3605,15.924882629107982
76741,1974,178,2152,11.089887640449438
76745,2144,311,2455,6.893890675241158
76751,2488,203,2691,12.25615763546798
76753,1226,140,1366,8.757142857142858
76758,2403,88,2491,27.306818181818183
76772,2191,295,2486,7.427118644067795
76780,1502,101,1603,14.871287128712872
76785,3128,192,3320,16.291666666666668
76796,3306,112,3418,29.517857142857142
76802,3769,93,3862,40.5268817204301
76803,2387,431,2818,5.538283062645012
76809,747,199,946,3.7537688442211055
76812,1280,54,1334,23.703703703703702
76825,3089,445,3534,6.941573033707865
76827,1417,137,1554,10.343065693430656
76828,2100,71,2171,29.5774647887324
76833,2456,297,2753,8.26936026936027
76836,2259,143,2402,15.797202797202797
76847,1498,215,1713,6.967441860465116
76848,3677,212,3889,17.34433962264151
76860,3597,80,3677,44.9625
76869,3409,45,3454,75.75555555555556
76875,2441,119,2560,20.51260504201681
76878,2829,204,3033,13.867647058823527
76880,65,2104,2169,0.030893536121673
76888,2840,631,3471,4.500792393026941
76890,2296,69,2365,33.27536231884058
76899,3356,97,3453,34.597938144329895
76902,2814,255,3069,11.03529411764706
76903,3227,172,3399,18.761627906976745
76910,3777,143,3920,26.412587412587413
76929,3751,192,3943,19.53645833333333
76932,2611,184,2795,14.190217391304348
76945,2609,153,2762,17.052287581699346
76948,1348,95,1443,14.189473684210526
76960,972,184,1156,5.282608695652174
76976,493,3208,3701,0.1536783042394015
76993,3690,204,3894,18.08823529411765
77000,3329,375,3704,8.877333333333333
77001,3112,206,3318,15.106796116504857
77004,2128,80,2208,26.6
77014,3548,151,3699,23.49668874172185
77017,1482,131,1613,11.312977099236642
77020,3334,312,3646,10.685897435897436
77027,2448,88,2536,27.818181818181817
77045,3087,610,3697,5.060655737704918
77054,965,123,1088,7.845528455284553
77056,3814,152,3966,25.09210526315789
77059,3417,88,3505,38.82954545454545
77062,3104,108,3212,28.74074074074074
77071,2889,88,2977,32.82954545454545
77072,3762,167,3929,22.526946107784436
77083,3406,92,3498,37.02173913043478
77100,3679,128,3807,28.7421875
77103,3474,159,3633,21.849056603773583
77105,3195,187,3382,17.085561497326204
77117,3131,245,3376,12.779591836734694
77122,3565,99,3664,36.01010101010101
77123,3283,159,3442,20.647798742138363
77152,2320,182,2502,12.747252747252746
77156,2655,53,2708,50.09433962264151
77158,3053,190,3243,16.068421052631578
77160,2200,180,2380,12.22222222222222
77169,2956,379,3335,7.799472295514512
77176,2227,190,2417,11.721052631578948
77180,1464,196,1660,7.469387755102041
77182,3285,98,3383,33.52040816326531
77184,3604,322,3926,11.192546583850932
77188,1441,174,1615,8.281609195402298
77196,3410,163,3573,20.920245398773005
77199,2278,157,2435,14.509554140127388
77200,2767,91,2858,30.406593406593405
77204,3282,215,3497,15.265116279069767
77211,2317,115,2432,20.14782608695652
77217,2835,247,3082,11.477732793522268
77219,2253,118,2371,19.09322033898305
77223,2149,155,2304,13.86451612903226
77230,3900,137,4037,28.46715328467153
77235,540,1367,1907,0.3950256035113387
77237,3643,181,3824,20.12707182320442
77257,1649,125,1774,13.192
77263,364,1828,2192,0.199124726477024
77264,353,2362,2715,0.1494496189669771
77280,752,217,969,3.4654377880184333
77285,3717,90,3807,41.3
77289,801,92,893,8.706521739130435
77299,3882,180,4062,21.566666666666663
77309,2649,131,2780,20.221374045801525
77312,3732,118,3850,31.6271186440678
77328,1294,142,1436,9.112676056338028
77331,3850,117,3967,32.9059829059829
77336,2433,103,2536,23.62135922330097
77339,1,1444,1445,0.0006925207756232
77341,3565,120,3685,29.70833333333333
77355,3561,87,3648,40.93103448275862
77357,1353,79,1432,17.126582278481013
77372,1913,141,2054,13.567375886524824
77374,2489,235,2724,10.591489361702129
77380,3515,240,3755,14.645833333333334
77388,3479,204,3683,17.05392156862745
77413,3650,243,3893,15.020576131687244
77417,833,117,950,7.119658119658119
77420,1552,255,1807,6.086274509803921
77425,1416,347,1763,4.0806916426512965
77440,3576,150,3726,23.84
77452,2664,204,2868,13.058823529411764
77458,1598,112,1710,14.267857142857142
77462,3282,106,3388,30.9622641509434
77469,3796,203,3999,18.69950738916256
77475,2755,222,2977,12.40990990990991
77476,1220,273,1493,4.468864468864469
77478,3439,201,3640,17.109452736318406
77482,1837,116,1953,15.836206896551724
77499,2964,47,3011,63.06382978723404
77506,3803,112,3915,33.955357142857146
77512,2489,136,2625,18.301470588235293
77514,161,3615,3776,0.044536652835408
77522,3140,176,3316,17.84090909090909
77540,3398,153,3551,22.209150326797385
77560,3120,326,3446,9.570552147239264
77572,3940,35,3975,112.57142857142856
77582,559,1415,1974,0.3950530035335689
77603,2992,279,3271,10.724014336917564
77637,1712,235,1947,7.285106382978723
77640,2319,69,2388,33.608695652173914
77665,3296,137,3433,24.05839416058394
77667,2063,263,2326,7.844106463878327
77670,1625,60,1685,27.08333333333333
77675,2828,101,2929,28.0
77676,2937,141,3078,20.829787234042552
77679,3870,173,4043,22.36994219653179
77686,3895,172,4067,22.6453488372093
77690,1491,201,1692,7.417910447761194
77691,1858,74,1932,25.10810810810811
77696,1262,96,1358,13.145833333333334
77698,3343,245,3588,13.644897959183671
77705,1697,152,1849,11.164473684210526
77708,2908,111,3019,26.1981981981982
77714,2554,82,2636,31.146341463414632
77728,1827,68,1895,26.86764705882353
77731,2685,61,2746,44.01639344262295
77735,1152,241,1393,4.780082987551867
77741,2024,37,2061,54.7027027027027
77743,2874,236,3110,12.177966101694915
77744,3275,152,3427,21.54605263157895
77745,2489,244,2733,10.200819672131148
77758,3885,157,4042,24.745222929936304
77774,2994,164,3158,18.25609756097561
77778,3816,121,3937,31.537190082644628
77804,2975,53,3028,56.13207547169812
77811,2249,92,2341,24.445652173913043
77813,1781,295,2076,6.03728813559322
77814,1864,170,2034,10.96470588235294
77825,1134,2473,3607,0.4585523655479175
77828,2588,296,2884,8.743243243243244
77834,3785,184,3969,20.570652173913043
77837,2008,180,2188,11.155555555555557
77840,3212,178,3390,18.04494382022472
77842,2494,211,2705,11.81990521327014
77863,3364,698,4062,4.819484240687679
77864,2090,139,2229,15.035971223021583
77874,3879,103,3982,37.66019417475728
77878,3504,147,3651,23.836734693877556
77892,813,1832,2645,0.4437772925764192
77902,1958,95,2053,20.610526315789475
77909,3042,191,3233,15.926701570680628
77917,3918,162,4080,24.185185185185187
77924,3338,243,3581,13.736625514403292
77928,3530,230,3760,15.347826086956522
77938,3673,162,3835,22.67283950617284
77941,3869,132,4001,29.310606060606062
77945,2835,353,3188,8.031161473087819
77960,24,3017,3041,0.0079549221080543
77961,3229,94,3323,34.35106382978724
77964,3356,71,3427,47.267605633802816
77965,1704,41,1745,41.5609756097561
77968,3019,300,3319,10.063333333333333
77972,2947,284,3231,10.376760563380282
77976,3803,133,3936,28.59398496240601
77988,3744,265,4009,14.128301886792451
77994,3685,164,3849,22.46951219512195
77997,3702,175,3877,21.154285714285717
78000,2986,138,3124,21.63768115942029
78009,2515,104,2619,24.182692307692307
78015,3787,76,3863,49.828947368421055
78017,3762,187,3949,20.11764705882353
78020,1180,124,1304,9.516129032258064
78021,3648,177,3825,20.610169491525426
78023,3675,115,3790,31.956521739130437
78025,3282,105,3387,31.257142857142856
78030,3877,126,4003,30.76984126984127
78034,3819,68,3887,56.16176470588236
78039,2883,224,3107,12.870535714285714
78048,3228,238,3466,13.563025210084032
78052,917,181,1098,5.066298342541437
78056,3476,208,3684,16.71153846153846
78092,2363,43,2406,54.95348837209303
78107,3349,89,3438,37.62921348314607
78129,3345,145,3490,23.06896551724138
78139,3442,290,3732,11.86896551724138
78160,3112,167,3279,18.63473053892216
78163,2946,232,3178,12.698275862068966
78179,1253,189,1442,6.62962962962963
78181,3523,172,3695,20.482558139534884
78187,1825,220,2045,8.295454545454545
78188,2187,219,2406,9.986301369863014
78194,3647,362,4009,10.074585635359115
78209,3809,169,3978,22.53846153846154
78212,2753,316,3069,8.712025316455696
78221,3354,228,3582,14.710526315789474
78230,1692,298,1990,5.677852348993288
78249,1869,388,2257,4.81701030927835
78251,2591,247,2838,10.48987854251012
78268,2936,139,3075,21.12230215827338
78269,2131,177,2308,12.03954802259887
78280,1815,141,1956,12.872340425531917
78281,3714,317,4031,11.71608832807571
78284,68,3646,3714,0.0186505759736697
78289,2627,234,2861,11.226495726495726
78290,1868,159,2027,11.748427672955977
78304,3444,414,3858,8.318840579710145
78306,1698,238,1936,7.1344537815126055
78314,1460,171,1631,8.538011695906432
78325,2575,203,2778,12.68472906403941
78328,3029,177,3206,17.112994350282484
78333,3342,123,3465,27.170731707317078
78335,1393,202,1595,6.896039603960396
78338,3058,154,3212,19.857142857142858
78343,3495,139,3634,25.14388489208633
78345,2795,166,2961,16.837349397590362
78366,3676,123,3799,29.88617886178862
78370,1844,154,1998,11.974025974025974
78371,3134,284,3418,11.035211267605634
78374,3396,273,3669,12.43956043956044
78388,2045,83,2128,24.63855421686747
78391,3311,146,3457,22.67808219178082
78406,2650,426,3076,6.220657276995305
78422,1394,103,1497,13.533980582524272
78424,1974,119,2093,16.58823529411765
78444,2747,234,2981,11.739316239316238
78445,1261,285,1546,4.424561403508772
78446,895,74,969,12.094594594594597
78447,2353,97,2450,24.25773195876289
78448,2012,189,2201,10.645502645502646
78455,2767,196,2963,14.11734693877551
78456,2141,1884,4025,1.1364118895966029
78461,2874,140,3014,20.52857142857143
78481,3920,110,4030,35.63636363636363
78504,1070,131,1201,8.16793893129771
78508,2018,289,2307,6.982698961937716
78511,3255,264,3519,12.329545454545457
78520,2570,334,2904,7.6946107784431135
78528,856,95,951,9.010526315789471
78538,2871,146,3017,19.664383561643834
78542,3807,125,3932,30.456
78543,3044,150,3194,20.293333333333333
78553,2509,138,2647,18.181159420289852
78558,2595,93,2688,27.90322580645161
78591,1989,101,2090,19.69306930693069
78596,2050,77,2127,26.623376623376625
78606,3068,155,3223,19.793548387096774
78607,1,2124,2125,0.0004708097928436
78614,2543,108,2651,23.546296296296298
78623,2719,124,2843,21.927419354838708
78626,2562,125,2687,20.496
78628,3775,199,3974,18.96984924623116
78629,3186,87,3273,36.62068965517241
78631,2547,295,2842,8.633898305084745
78653,1990,294,2284,6.7687074829931975
78658,3633,191,3824,19.020942408376964
78660,2357,98,2455,24.051020408163264
78666,3369,93,3462,36.2258064516129
78669,3419,234,3653,14.61111111111111
78671,2968,114,3082,26.035087719298247
78686,417,2644,3061,0.157715582450832
78691,2228,161,2389,13.838509316770187
78705,2892,166,3058,17.42168674698795
78718,3506,192,3698,18.260416666666668
78721,2736,137,2873,19.970802919708028
78723,2650,261,2911,10.153256704980842
78724,2355,232,2587,10.150862068965518
78736,3782,59,3841,64.10169491525424
78747,3617,161,3778,22.46583850931677
78749,3721,108,3829,34.4537037037037
78758,3547,270,3817,13.137037037037038
78759,3946,139,4085,28.388489208633093
78762,3393,273,3666,12.428571428571429
78769,2648,100,2748,26.48
78783,3837,127,3964,30.21259842519685
78784,3600,256,3856,14.0625
78794,697,35,732,19.914285714285715
78801,3206,370,3576,8.664864864864866
78803,3424,151,3575,22.67549668874172
78810,2409,212,2621,11.36320754716981
78812,1438,133,1571,10.81203007518797
78830,2950,205,3155,14.390243902439025
78835,3516,420,3936,8.371428571428572
78855,1949,140,2089,13.92142857142857
78866,3496,276,3772,12.666666666666666
78871,3038,66,3104,46.03030303030303
78876,2658,298,2956,8.919463087248323
78881,3498,190,3688,18.410526315789475
78887,2887,89,2976,32.438202247191015
78899,3654,205,3859,17.82439024390244
78922,3912,133,4045,29.413533834586467
78926,1933,47,1980,41.12765957446808
78930,3090,152,3242,20.32894736842105
78932,1487,242,1729,6.144628099173554
78946,3482,250,3732,13.928
78952,2562,118,2680,21.71186440677966
78954,1905,157,2062,12.13375796178344
78975,999,453,1452,2.205298013245033
78983,2020,74,2094,27.2972972972973
78991,1224,105,1329,11.657142857142857
78995,2303,94,2397,24.5
79003,3283,430,3713,7.634883720930232
79010,3562,307,3869,11.602605863192183
79023,1697,136,1833,12.477941176470589
79027,1685,67,1752,25.149253731343283
79032,2499,42,2541,59.5
79037,2815,96,2911,29.322916666666668
79042,3355,148,3503,22.66891891891892
79043,3303,251,3554,13.159362549800797
79051,1247,1297,2544,0.961449498843485
79066,3955,62,4017,63.79032258064516
79068,2286,207,2493,11.043478260869565
79070,3057,145,3202,21.082758620689656
79136,1639,137,1776,11.963503649635037
79138,2657,72,2729,36.90277777777778
79146,3337,106,3443,31.4811320754717
79156,2288,102,2390,22.431372549019606
79160,3237,131,3368,24.709923664122137
79170,2208,147,2355,15.020408163265309
79171,3789,121,3910,31.31404958677686
79190,3233,278,3511,11.629496402877695
79198,2912,147,3059,19.80952380952381
79211,2193,181,2374,12.116022099447514
79220,139,3469,3608,0.0400691842029403
79233,3445,309,3754,11.148867313915858
79253,1967,162,2129,12.141975308641976
79259,2121,86,2207,24.662790697674417
79262,3293,119,3412,27.672268907563023
79263,1569,129,1698,12.16279069767442
79265,3613,226,3839,15.986725663716816
79280,3143,292,3435,10.763698630136986
79292,2422,133,2555,18.210526315789476
79293,2169,252,2421,8.607142857142858
79294,1985,162,2147,12.253086419753089
79314,40,2266,2306,0.0176522506619594
79319,2950,363,3313,8.1267217630854
79331,3397,59,3456,57.57627118644068
79339,2028,115,2143,17.63478260869565
79342,3848,111,3959,34.666666666666664
79346,62,10,72,6.2
79356,2262,120,2382,18.85
79357,2921,264,3185,11.06439393939394
79362,3711,165,3876,22.49090909090909
79364,3490,106,3596,32.924528301886795
79400,3857,130,3987,29.66923076923077
79404,1851,407,2258,4.547911547911548
79408,1441,150,1591,9.606666666666667
79418,490,1072,1562,0.457089552238806
79430,2682,465,3147,5.767741935483871
79437,3795,123,3918,30.853658536585368
79438,1979,140,2119,14.135714285714286
79442,3831,122,3953,31.401639344262296
79444,135,2930,3065,0.046075085324232
79461,1568,182,1750,8.615384615384615
79466,3801,200,4001,19.005
79474,1639,198,1837,8.277777777777779
79476,3630,141,3771,25.74468085106383
79505,3489,371,3860,9.404312668463612
79513,1320,154,1474,8.571428571428571
79519,3341,176,3517,18.982954545454547
79525,2582,430,3012,6.004651162790697
79528,112,90,202,1.2444444444444445
79538,1320,228,1548,5.789473684210527
79545,2275,109,2384,20.871559633027523
79547,1750,50,1800,35.0
79549,3149,169,3318,18.633136094674555
79551,1666,118,1784,14.11864406779661
79563,1868,133,2001,14.045112781954888
79564,3161,81,3242,39.02469135802469
79578,2778,135,2913,20.57777777777778
79582,1131,108,1239,10.47222222222222
79583,2465,146,2611,16.883561643835616
79594,2987,168,3155,17.779761904761905
79599,1645,135,1780,12.185185185185183
79602,2054,255,2309,8.054901960784314
79607,2585,129,2714,20.03875968992248
79615,2845,100,2945,28.45
79619,1258,252,1510,4.992063492063492
79638,824,184,1008,4.478260869565218
79639,3300,206,3506,16.019417475728154
79645,1503,108,1611,13.916666666666666
79647,2786,119,2905,23.41176470588235
79660,1838,330,2168,5.569696969696969
79676,1821,216,2037,8.430555555555555
79682,2011,118,2129,17.04237288135593
79684,1,1070,1071,0.0009345794392523
79694,2842,136,2978,20.897058823529413
79697,2816,415,3231,6.785542168674699
79704,2684,120,2804,22.366666666666667
79707,2105,183,2288,11.502732240437158
79743,2155,147,2302,14.65986394557823
79746,2924,175,3099,16.708571428571428
79747,522,2691,3213,0.1939799331103679
79762,3163,165,3328,19.169696969696968
79765,2601,195,2796,13.33846153846154
79773,1933,66,1999,29.28787878787879
79783,1555,125,1680,12.44
79785,2861,358,3219,7.9916201117318435
79806,1470,113,1583,13.008849557522124
79813,2489,202,2691,12.321782178217822
79821,2881,290,3171,9.934482758620687
79830,2752,169,2921,16.284023668639055
79868,2503,54,2557,46.351851851851855
79869,844,223,1067,3.7847533632286994
79875,3710,254,3964,14.606299212598426
79880,2968,278,3246,10.676258992805757
79884,2986,311,3297,9.60128617363344
79888,1815,208,2023,8.725961538461538
79889,1391,159,1550,8.748427672955975
79905,351,3284,3635,0.1068818514007308
79911,1882,248,2130,7.588709677419355
79921,2832,17,2849,166.58823529411765
79924,2013,407,2420,4.945945945945946
79934,2933,75,3008,39.10666666666667
79935,2011,127,2138,15.83464566929134
79936,2278,344,2622,6.622093023255814
79942,2634,122,2756,21.59016393442623
79943,3370,154,3524,21.883116883116884
79945,3928,136,4064,28.88235294117647
79948,3516,94,3610,37.40425531914894
79966,369,1466,1835,0.2517053206002728
79969,3071,233,3304,13.180257510729614
79971,3676,356,4032,10.325842696629213
79982,876,115,991,7.617391304347826
79988,2659,283,2942,9.395759717314489
79991,1858,50,1908,37.16
79994,2775,307,3082,9.039087947882736
80001,3192,280,3472,11.4
80003,2533,85,2618,29.8
80005,1804,269,2073,6.70631970260223
80012,247,2687,2934,0.0919240788983997
80016,2828,126,2954,22.444444444444443
80017,43,1721,1764,0.0249854735618826
80035,2008,114,2122,17.614035087719298
80038,3076,92,3168,33.43478260869565
80044,3763,174,3937,21.6264367816092
80046,2033,93,2126,21.86021505376344
80052,2934,131,3065,22.396946564885496
80053,2067,223,2290,9.269058295964124
80070,1343,109,1452,12.321100917431192
80085,2418,124,2542,19.5
80086,2854,156,3010,18.2948717948718
80096,3333,199,3532,16.748743718592966
80110,1498,62,1560,24.161290322580644
80117,1373,47,1420,29.21276595744681
80137,2833,187,3020,15.149732620320856
80145,1476,249,1725,5.927710843373494
80164,3297,110,3407,29.972727272727276
80178,1730,105,1835,16.476190476190474
80184,2607,115,2722,22.669565217391305
80203,2240,303,2543,7.392739273927392
80214,1944,114,2058,17.05263157894737
80223,3591,163,3754,22.030674846625768
80226,2219,226,2445,9.81858407079646
80253,3786,271,4057,13.970479704797048
80260,2752,374,3126,7.358288770053476
80272,3081,389,3470,7.920308483290489
80280,1615,210,1825,7.690476190476191
80288,2859,388,3247,7.368556701030927
80303,3549,256,3805,13.86328125
80311,3158,696,3854,4.537356321839081
80335,2376,87,2463,27.310344827586206
80359,2374,120,2494,19.78333333333333
80373,1736,184,1920,9.434782608695652
80386,3623,266,3889,13.6203007518797
80393,1595,111,1706,14.36936936936937
80394,3319,615,3934,5.396747967479675
80395,3867,123,3990,31.4390243902439
80404,43,2766,2809,0.0155459146782357
80411,1387,144,1531,9.631944444444445
80423,2466,373,2839,6.611260053619303
80431,1624,154,1778,10.545454545454543
80453,2936,159,3095,18.465408805031448
80476,1547,74,1621,20.905405405405407
80479,3672,148,3820,24.81081081081081
80483,2905,124,3029,23.427419354838708
80485,2988,241,3229,12.398340248962656
80501,3467,566,4033,6.125441696113074
80503,2380,117,2497,20.34188034188034
80518,813,202,1015,4.024752475247524
80521,3877,138,4015,28.094202898550726
80524,1885,132,2017,14.280303030303031
80525,3880,181,4061,21.43646408839779
80526,2065,97,2162,21.288659793814432
80535,2745,107,2852,25.65420560747664
80537,2080,140,2220,14.857142857142858
80540,3580,318,3898,11.257861635220126
80541,3208,55,3263,58.32727272727273
80551,850,2951,3801,0.2880379532361911
80553,2865,357,3222,8.025210084033613
80555,3327,246,3573,13.524390243902438
80579,2888,44,2932,65.63636363636364
80589,2235,273,2508,8.186813186813186
80592,1541,120,1661,12.841666666666669
80608,1010,74,1084,13.64864864864865
80619,1761,139,1900,12.66906474820144
80623,2785,210,2995,13.261904761904765
80625,1277,182,1459,7.016483516483516
80640,2197,39,2236,56.333333333333336
80641,3920,161,4081,24.347826086956523
80649,3897,139,4036,28.035971223021583
80660,2816,234,3050,12.034188034188034
80667,3521,266,3787,13.236842105263158
80681,3093,166,3259,18.632530120481928
80683,2204,149,2353,14.791946308724832
80685,3980,74,4054,53.78378378378378
80691,2111,69,2180,30.594202898550726
80702,2613,131,2744,19.946564885496183
80704,3774,296,4070,12.75
80706,2429,86,2515,28.24418604651163
80709,3602,189,3791,19.058201058201057
80714,1865,91,1956,20.494505494505493
80715,3048,650,3698,4.689230769230769
80726,2206,481,2687,4.586278586278587
80729,3425,459,3884,7.461873638344227
80733,2354,99,2453,23.77777777777778
80745,973,229,1202,4.248908296943231
80747,1555,58,1613,26.810344827586206
80748,3153,89,3242,35.42696629213483
80750,2906,140,3046,20.757142857142856
80758,103,2760,2863,0.0373188405797101
80768,1872,76,1948,24.63157894736842
80796,3417,113,3530,30.238938053097343
80797,1963,142,2105,13.82394366197183
80807,1173,144,1317,8.145833333333334
80811,3711,102,3813,36.38235294117647
80819,2535,233,2768,10.879828326180258
80820,3846,123,3969,31.26829268292683
80821,1572,252,1824,6.238095238095238
80822,2457,171,2628,14.36842105263158
80828,3897,90,3987,43.3
80829,3099,143,3242,21.67132867132867
80842,2995,212,3207,14.12735849056604
80844,2964,110,3074,26.945454545454545
80847,2961,177,3138,16.728813559322035
80857,3225,60,3285,53.75
80858,2816,121,2937,23.272727272727277
80865,3907,58,3965,67.36206896551724
80870,2818,331,3149,8.513595166163142
80887,1688,96,1784,17.583333333333332
80893,916,61,977,15.01639344262295
80894,833,53,886,15.716981132075473
80897,3805,179,3984,21.256983240223462
80899,1449,199,1648,7.28140703517588
80900,3124,140,3264,22.314285714285717
80902,2024,138,2162,14.666666666666666
80903,3228,208,3436,15.51923076923077
80910,3894,122,4016,31.918032786885245
80911,1836,123,1959,14.926829268292684
80922,1890,146,2036,12.945205479452056
80928,59,2971,3030,0.0198586334567485
80929,3246,198,3444,16.393939393939394
80932,3792,104,3896,36.46153846153846
80933,3710,152,3862,24.407894736842103
80938,2924,133,3057,21.98496240601504
80945,3082,136,3218,22.66176470588235
80950,3290,55,3345,59.81818181818182
80951,2107,1127,3234,1.8695652173913044
80967,3160,229,3389,13.799126637554584
80972,1033,351,1384,2.943019943019943
80979,3269,48,3317,68.10416666666667
80985,1862,154,2016,12.090909090909092
80989,3524,305,3829,11.554098360655738
80990,2061,84,2145,24.535714285714285
80993,3880,129,4009,30.07751937984496
81015,1139,66,1205,17.257575757575758
81018,3312,176,3488,18.818181818181817
81019,1516,150,1666,10.106666666666667
81020,910,190,1100,4.789473684210527
81023,3389,81,3470,41.83950617283951
81026,3913,125,4038,31.304
81052,3382,195,3577,17.343589743589742
81055,2513,365,2878,6.884931506849315
81057,2823,70,2893,40.32857142857143
81116,2885,118,3003,24.44915254237288
81123,3866,174,4040,22.2183908045977
81128,2788,174,2962,16.022988505747126
81130,3478,141,3619,24.666666666666668
81154,2318,222,2540,10.44144144144144
81157,2509,245,2754,10.240816326530611
81160,27,3550,3577,0.0076056338028169
81167,3243,407,3650,7.968058968058968
81169,2381,291,2672,8.18213058419244
81195,2474,155,2629,15.961290322580645
81201,1380,324,1704,4.25925925925926
81203,2697,165,2862,16.345454545454544
81204,2706,368,3074,7.353260869565218
81206,3312,172,3484,19.25581395348837
81214,3641,135,3776,26.97037037037037
81219,3689,243,3932,15.181069958847736
81227,1569,175,1744,8.965714285714286
81240,2882,115,2997,25.06086956521739
81242,1963,194,2157,10.118556701030927
81245,3416,73,3489,46.7945205479452
81263,1389,77,1466,18.03896103896104
81274,2123,245,2368,8.66530612244898
81286,126,3729,3855,0.0337892196299275
81310,3323,180,3503,18.461111111111112
81312,3745,168,3913,22.291666666666668
81318,3310,135,3445,24.51851851851852
81326,2900,87,2987,33.333333333333336
81330,2090,145,2235,14.413793103448276
81336,1342,79,1421,16.9873417721519
81338,2475,344,2819,7.194767441860465
81348,2336,146,2482,16.0
81349,689,318,1007,2.1666666666666665
81350,2410,169,2579,14.2603550295858
81351,2934,86,3020,34.116279069767444
81354,3096,61,3157,50.75409836065574
81385,1538,107,1645,14.373831775700934
81387,2109,171,2280,12.333333333333334
81398,2836,105,2941,27.00952380952381
81413,3160,231,3391,13.67965367965368
81424,3471,252,3723,13.773809523809524
81427,3451,129,3580,26.751937984496124
81431,2258,152,2410,14.855263157894736
81446,2069,96,2165,21.55208333333333
81447,2721,185,2906,14.708108108108108
81467,2772,170,2942,16.305882352941175
81477,3449,268,3717,12.869402985074627
81480,2419,164,2583,14.75
81481,2491,313,2804,7.958466453674121
81488,521,3116,3637,0.167201540436457
81504,521,1060,1581,0.4915094339622641
81508,1463,291,1754,5.027491408934708
81510,3245,200,3445,16.225
81518,1658,120,1778,13.816666666666666
81528,2695,89,2784,30.280898876404493
81537,2694,110,2804,24.49090909090909
81542,3835,148,3983,25.91216216216216
81544,3784,267,4051,14.172284644194756
81545,3492,224,3716,15.589285714285714
81546,1746,243,1989,7.185185185185185
81570,1958,74,2032,26.45945945945946
81573,1433,439,1872,3.264236902050114
81575,1419,84,1503,16.892857142857142
81584,2850,322,3172,8.850931677018634
81587,3873,151,4024,25.64900662251656
81588,3365,222,3587,15.157657657657658
81591,1395,112,1507,12.455357142857142
81599,2250,215,2465,10.465116279069768
81606,1772,176,1948,10.068181818181818
81608,2406,83,2489,28.98795180722892
81629,1119,1681,2800,0.6656751933372992
81643,710,1500,2210,0.4733333333333333
81649,3591,491,4082,7.313645621181263
81650,3725,82,3807,45.426829268292686
81655,2133,80,2213,26.6625
81663,3403,100,3503,34.03
81672,2713,198,2911,13.702020202020202
81677,3092,378,3470,8.17989417989418
81687,2566,194,2760,13.22680412371134
81704,2704,213,2917,12.694835680751174
81706,3658,153,3811,23.908496732026144
81718,1906,86,1992,22.162790697674417
81721,3303,71,3374,46.52112676056338
81723,170,3727,3897,0.0456130936409981
81740,821,88,909,9.329545454545457
81748,3447,183,3630,18.83606557377049
81749,1107,140,1247,7.9071428571428575
81751,2654,217,2871,12.23041474654378
81757,3482,99,3581,35.17171717171717
81761,2295,130,2425,17.653846153846153
81772,1784,198,1982,9.01010101010101
81801,1497,67,1564,22.34328358208955
81804,3610,148,3758,24.39189189189189
81810,3444,73,3517,47.17808219178082
81811,3660,158,3818,23.16455696202532
81817,1918,310,2228,6.187096774193549
81828,3589,150,3739,23.926666666666662
81832,3091,414,3505,7.466183574879227
81837,3014,183,3197,16.469945355191257
81852,2187,92,2279,23.77173913043478
81853,555,2802,3357,0.1980728051391863
81855,3366,121,3487,27.818181818181817
81856,2537,267,2804,9.50187265917603
81858,1442,72,1514,20.02777777777778
81861,2214,159,2373,13.924528301886792
81875,2512,350,2862,7.177142857142857
81879,3032,214,3246,14.16822429906542
81886,3509,360,3869,9.747222222222222
81887,2870,1055,3925,2.720379146919431
81888,3845,128,3973,30.0390625
81889,3541,251,3792,14.10756972111554
81890,3302,289,3591,11.42560553633218
81895,3873,113,3986,34.27433628318584
81906,694,258,952,2.689922480620155
81907,3410,405,3815,8.419753086419753
81915,1475,187,1662,7.887700534759358
81962,1144,129,1273,8.868217054263566
81966,767,351,1118,2.185185185185185
81969,3700,93,3793,39.784946236559136
81970,2671,205,2876,13.029268292682929
81975,2931,158,3089,18.550632911392405
81978,3684,108,3792,34.111111111111114
81980,1291,295,1586,4.376271186440678
81983,3909,63,3972,62.04761904761905
81989,2891,76,2967,38.03947368421053
82005,2173,195,2368,11.143589743589745
82007,3527,301,3828,11.717607973421927
82021,1,2544,2545,0.0003930817610062
82036,1376,211,1587,6.521327014218009
82037,3204,122,3326,26.262295081967213
82038,984,110,1094,8.945454545454545
82039,364,2879,3243,0.1264327891629038
82041,1828,182,2010,10.043956043956044
82056,3438,246,3684,13.975609756097562
82063,2311,110,2421,21.009090909090908
82070,3532,104,3636,33.96153846153846
82086,3412,322,3734,10.596273291925463
82119,812,122,934,6.655737704918033
82122,2546,156,2702,16.32051282051282
82128,3570,147,3717,24.285714285714285
82133,1774,66,1840,26.87878787878788
82134,1099,229,1328,4.799126637554585
82150,3854,220,4074,17.51818181818182
82163,3842,207,4049,18.56038647342995
82168,3074,121,3195,25.40495867768595
82169,3647,103,3750,35.407766990291265
82171,2668,367,3035,7.269754768392371
82178,3391,41,3432,82.70731707317073
82179,3139,268,3407,11.712686567164178
82182,2819,166,2985,16.981927710843372
82184,2148,95,2243,22.610526315789475
82195,2096,280,2376,7.485714285714286
82200,2030,128,2158,15.859375
82202,2648,216,2864,12.25925925925926
82205,3088,118,3206,26.16949152542373
82215,3883,69,3952,56.27536231884058
82222,2559,164,2723,15.603658536585366
82227,2161,260,2421,8.311538461538461
82229,1365,109,1474,12.522935779816514
82232,3083,215,3298,14.33953488372093
82248,2985,194,3179,15.38659793814433
82268,2334,241,2575,9.684647302904564
82269,2416,99,2515,24.404040404040405
82274,3629,129,3758,28.131782945736436
82281,2556,144,2700,17.75
82285,2720,184,2904,14.782608695652174
82286,2940,83,3023,35.42168674698795
82290,2067,128,2195,16.1484375
82295,3275,132,3407,24.810606060606062
82297,3641,222,3863,16.4009009009009
82301,2768,208,2976,13.307692307692308
82311,892,1102,1994,0.809437386569873
82323,2438,148,2586,16.472972972972972
82346,3219,136,3355,23.669117647058822
82351,3517,151,3668,23.29139072847682
82352,2170,199,2369,10.904522613065328
82363,3884,124,4008,31.32258064516129
82366,3931,150,4081,26.206666666666667
82373,2739,98,2837,27.948979591836736
82381,2159,151,2310,14.298013245033111
82382,3012,188,3200,16.02127659574468
82385,1598,154,1752,10.376623376623376
82389,2770,142,2912,19.507042253521128
82392,2507,232,2739,10.80603448275862
82393,3495,60,3555,58.25
82394,2667,112,2779,23.8125
82400,3221,108,3329,29.824074074074076
82402,3168,312,3480,10.153846153846152
82408,640,156,796,4.102564102564102
82410,3545,180,3725,19.694444444444443
82416,1822,104,1926,17.51923076923077
82445,2441,119,2560,20.51260504201681
82452,3556,242,3798,14.694214876033058
82461,3258,343,3601,9.49854227405248
82468,3190,195,3385,16.358974358974358
82471,2321,220,2541,10.55
82486,2943,190,3133,15.489473684210529
82515,2204,199,2403,11.075376884422113
82518,2258,203,2461,11.123152709359609
82520,1242,85,1327,14.611764705882353
82530,3297,123,3420,26.804878048780488
82536,953,78,1031,12.217948717948715
82565,1906,220,2126,8.663636363636364
82570,3354,382,3736,8.780104712041885
82573,2241,185,2426,12.113513513513514
82580,1581,96,1677,16.46875
82605,3563,272,3835,13.099264705882351
82607,3035,164,3199,18.50609756097561
82610,2633,232,2865,11.349137931034482
82611,1855,178,2033,10.42134831460674
82613,3804,205,4009,18.55609756097561
82627,2818,133,2951,21.18796992481203
82634,1302,143,1445,9.104895104895103
82635,3491,333,3824,10.483483483483484
82636,3683,172,3855,21.412790697674417
82652,3857,202,4059,19.094059405940595
82656,1704,668,2372,2.5508982035928143
82669,1530,437,1967,3.501144164759725
82677,1907,99,2006,19.262626262626263
82691,2019,117,2136,17.256410256410255
82695,611,75,686,8.146666666666667
82698,3441,370,3811,9.3
82701,2483,162,2645,15.32716049382716
82708,1239,171,1410,7.245614035087719
82709,3951,108,4059,36.583333333333336
82725,544,95,639,5.726315789473684
82729,3000,148,3148,20.27027027027027
82749,3356,157,3513,21.37579617834395
82759,3192,148,3340,21.56756756756757
82777,1927,140,2067,13.764285714285714
82798,1803,400,2203,4.5075
82800,2347,175,2522,13.411428571428573
82805,1700,131,1831,12.97709923664122
82836,2989,148,3137,20.195945945945947
82842,1774,433,2207,4.096997690531178
82848,1176,109,1285,10.788990825688073
82849,1658,158,1816,10.49367088607595
82865,507,2451,2958,0.2068543451652386
82873,3905,149,4054,26.20805369127517
82879,3479,137,3616,25.39416058394161
82890,2519,314,2833,8.022292993630574
82895,2748,82,2830,33.51219512195122
82901,3207,103,3310,31.135922330097088
82904,3261,235,3496,13.87659574468085
82907,1757,115,1872,15.278260869565218
82908,861,2864,3725,0.3006284916201117
82919,2555,161,2716,15.869565217391305
82921,3713,140,3853,26.52142857142857
82941,2534,81,2615,31.28395061728395
82943,3687,175,3862,21.068571428571428
82948,3302,103,3405,32.05825242718446
82950,1435,196,1631,7.321428571428571
82956,2980,84,3064,35.476190476190474
82961,2015,214,2229,9.41588785046729
82974,3809,95,3904,40.09473684210526
82978,3743,279,4022,13.415770609318995
82981,3411,269,3680,12.680297397769516
82984,1957,213,2170,9.187793427230046
82990,3270,312,3582,10.48076923076923
82991,3466,215,3681,16.12093023255814
82992,3986,73,4059,54.602739726027394
82996,2829,324,3153,8.731481481481481
82997,3222,88,3310,36.61363636363637
83013,2586,219,2805,11.808219178082192
83015,2256,185,2441,12.194594594594594
83018,3810,198,4008,19.24242424242424
83022,1751,130,1881,13.46923076923077
83025,3897,137,4034,28.445255474452555
83028,2190,74,2264,29.594594594594597
83029,1450,106,1556,13.679245283018869
83046,221,2833,3054,0.0780091775503
83057,2097,141,2238,14.872340425531917
83061,962,338,1300,2.8461538461538463
83065,3706,16,3722,231.625
83066,2875,241,3116,11.929460580912863
83077,3088,251,3339,12.302788844621514
83088,3131,118,3249,26.533898305084747
83097,3573,186,3759,19.20967741935484
83104,3451,208,3659,16.591346153846153
83116,1338,142,1480,9.422535211267606
83121,2680,169,2849,15.857988165680473
83131,909,162,1071,5.611111111111111
83141,3703,181,3884,20.4585635359116
83154,3736,199,3935,18.77386934673367
83167,3311,172,3483,19.25
83168,3556,124,3680,28.677419354838708
83174,1560,157,1717,9.936305732484076
83183,3091,94,3185,32.88297872340426
83185,2775,273,3048,10.164835164835164
83192,1470,330,1800,4.454545454545454
83193,1494,1964,3458,0.7606924643584522
83202,2835,256,3091,11.07421875
83204,923,162,1085,5.697530864197531
83209,2094,105,2199,19.942857142857143
83215,2988,133,3121,22.466165413533837
83220,3697,184,3881,20.092391304347824
83227,3104,107,3211,29.009345794392523
83235,1720,190,1910,9.052631578947368
83245,2721,118,2839,23.059322033898304
83255,2957,94,3051,31.45744680851064
83266,3430,218,3648,15.73394495412844
83268,2833,179,3012,15.8268156424581
83269,927,314,1241,2.952229299363057
83276,2364,108,2472,21.88888888888889
83282,3060,89,3149,34.38202247191011
83292,298,3688,3986,0.0808026030368763
83293,3695,169,3864,21.86390532544379
83294,3683,70,3753,52.614285714285714
83304,2165,153,2318,14.15032679738562
83308,1721,282,2003,6.102836879432624
83311,2205,201,2406,10.970149253731345
83312,1041,2802,3843,0.3715203426124197
83327,718,188,906,3.8191489361702127
83330,2268,57,2325,39.78947368421053
83331,492,385,877,1.277922077922078
83335,3316,321,3637,10.330218068535826
83336,410,762,1172,0.5380577427821522
83347,2688,132,2820,20.363636363636363
83350,3252,101,3353,32.198019801980195
83372,2358,111,2469,21.24324324324324
83380,3417,171,3588,19.98245614035088
83387,2736,118,2854,23.1864406779661
83395,1839,297,2136,6.191919191919192
83414,1564,87,1651,17.977011494252874
83428,3086,194,3280,15.90721649484536
83430,1843,234,2077,7.876068376068376
83448,2875,153,3028,18.79084967320261
83453,2744,190,2934,14.442105263157895
83462,3336,50,3386,66.72
83465,3376,159,3535,21.23270440251572
83495,3672,156,3828,23.53846153846154
83496,3289,184,3473,17.875
83498,1622,82,1704,19.78048780487805
83505,2450,84,2534,29.166666666666668
83507,3432,217,3649,15.815668202764977
83511,3809,249,4058,15.29718875502008
83516,1009,93,1102,10.849462365591398
83526,2139,163,2302,13.122699386503069
83528,3801,157,3958,24.21019108280255
83532,3776,207,3983,18.24154589371981
83535,1771,58,1829,30.53448275862069
83549,441,3313,3754,0.133111983096891
83551,2758,197,2955,14.0
83552,340,1932,2272,0.175983436853002
83555,3698,198,3896,18.67676767676768
83558,2594,99,2693,26.2020202020202
83568,2072,207,2279,10.009661835748792
83569,2844,290,3134,9.806896551724138
83581,941,145,1086,6.489655172413793
83593,3682,126,3808,29.22222222222222
83601,2810,214,3024,13.130841121495328
83605,1668,74,1742,22.54054054054054
83607,980,485,1465,2.020618556701031
83609,3887,180,4067,21.594444444444445
83614,3506,53,3559,66.15094339622641
83621,3178,191,3369,16.638743455497384
83631,3573,207,3780,17.26086956521739
83640,3314,301,3615,11.009966777408636
83644,3807,142,3949,26.809859154929576
83694,3364,226,3590,14.88495575221239
83695,1194,100,1294,11.94
83710,1540,133,1673,11.578947368421051
83712,3548,201,3749,17.65174129353234
83719,2647,271,2918,9.767527675276751
83721,2399,231,2630,10.385281385281385
83728,3612,150,3762,24.08
83729,1219,77,1296,15.831168831168831
83737,3785,262,4047,14.446564885496183
83743,2183,11,2194,198.45454545454547
83745,1950,198,2148,9.848484848484848
83751,1369,164,1533,8.347560975609756
83757,2888,156,3044,18.512820512820515
83759,2407,89,2496,27.04494382022472
83766,3761,327,4088,11.501529051987768
83783,3504,313,3817,11.194888178913738
83794,2938,87,3025,33.770114942528735
83795,3792,216,4008,17.555555555555557
83808,2153,18,2171,119.61111111111111
83812,3748,140,3888,26.77142857142857
83817,2696,134,2830,20.119402985074625
83820,3257,149,3406,21.859060402684563
83826,3898,122,4020,31.950819672131143
83830,3802,239,4041,15.907949790794978
83849,3820,112,3932,34.107142857142854
83860,3786,143,3929,26.47552447552448
83873,2653,194,2847,13.675257731958762
83889,3607,103,3710,35.019417475728154
83891,2856,174,3030,16.413793103448278
83898,1653,145,1798,11.4
83901,3181,175,3356,18.177142857142854
83902,3095,83,3178,37.28915662650602
83903,3713,268,3981,13.8544776119403
83906,2013,68,2081,29.602941176470587
83909,709,140,849,5.064285714285714
83914,2446,198,2644,12.353535353535351
83924,2206,90,2296,24.511111111111116
83929,2930,390,3320,7.512820512820513
83931,970,241,1211,4.024896265560166
83950,3356,100,3456,33.56
83967,2245,167,2412,13.44311377245509
83974,2929,197,3126,14.868020304568528
83976,1332,102,1434,13.058823529411764
83978,2353,197,2550,11.944162436548224
83985,1620,267,1887,6.067415730337078
83990,2675,258,2933,10.368217054263566
83999,3782,181,3963,20.895027624309392
84000,3208,292,3500,10.986301369863014
84003,2174,71,2245,30.61971830985916
84015,2639,197,2836,13.395939086294415
84016,3528,108,3636,32.666666666666664
84019,3487,210,3697,16.604761904761904
84043,1225,176,1401,6.9602272727272725
84045,3291,264,3555,12.465909090909092
84049,1977,173,2150,11.427745664739884
84052,3393,305,3698,11.124590163934426
84058,1415,84,1499,16.845238095238095
84059,794,330,1124,2.4060606060606062
84069,1253,73,1326,17.164383561643834
84070,3707,162,3869,22.882716049382715
84078,873,266,1139,3.281954887218045
84087,3178,29,3207,109.58620689655172
84088,3604,70,3674,51.48571428571429
84106,3172,149,3321,21.288590604026847
84108,2340,270,2610,8.666666666666666
84118,2271,217,2488,10.465437788018432
84125,2192,245,2437,8.946938775510205
84127,3003,287,3290,10.46341463414634
84132,2720,227,2947,11.982378854625551
84139,1759,138,1897,12.746376811594205
84146,3487,238,3725,14.65126050420168
84148,2031,73,2104,27.82191780821918
84152,2388,84,2472,28.428571428571427
84153,1541,321,1862,4.8006230529595015
84160,358,2759,3117,0.1297571583907212
84164,3826,219,4045,17.470319634703195
84165,2702,258,2960,10.472868217054264
84170,2081,211,2292,9.862559241706162
84171,2304,275,2579,8.378181818181819
84180,1790,104,1894,17.21153846153846
84186,2871,275,3146,10.44
84195,3851,200,4051,19.255
84196,3533,197,3730,17.934010152284262
84201,3719,82,3801,45.35365853658536
84202,1723,28,1751,61.535714285714285
84217,2621,272,2893,9.636029411764708
84240,45,2554,2599,0.0176194205168363
84249,2798,271,3069,10.324723247232471
84252,3879,205,4084,18.921951219512195
84265,1929,109,2038,17.69724770642202
84270,1860,215,2075,8.651162790697674
84277,2898,70,2968,41.4
84280,3852,180,4032,21.4
84281,1322,2681,4003,0.4930995897053338
84282,2680,168,2848,15.952380952380953
84311,1626,141,1767,11.53191489361702
84332,668,216,884,3.092592592592593
84336,2271,85,2356,26.71764705882353
84342,3662,69,3731,53.072463768115945
84369,2801,95,2896,29.48421052631579
84370,2250,354,2604,6.3559322033898304
84377,903,227,1130,3.9779735682819375
84381,2524,385,2909,6.555844155844156
84382,3143,275,3418,11.42909090909091
84384,3666,138,3804,26.565217391304348
84397,3131,288,3419,10.87152777777778
84404,271,3056,3327,0.0886780104712041
84415,3594,374,3968,9.609625668449198
84430,1082,180,1262,6.011111111111111
84431,3370,45,3415,74.88888888888889
84433,561,1649,2210,0.3402061855670103
84434,105,3100,3205,0.0338709677419354
84436,3798,290,4088,13.096551724137932
84442,1505,57,1562,26.403508771929825
84483,2185,143,2328,15.27972027972028
84486,2836,157,2993,18.063694267515924
84488,3683,170,3853,21.66470588235294
84499,3660,114,3774,32.10526315789474
84501,3421,218,3639,15.692660550458717
84506,1830,117,1947,15.64102564102564
84507,1311,73,1384,17.958904109589042
84514,1496,321,1817,4.660436137071651
84518,3750,111,3861,33.78378378378378
84519,3631,204,3835,17.79901960784314
84538,3098,119,3217,26.03361344537815
84540,3308,274,3582,12.072992700729928
84542,2722,108,2830,25.203703703703702
84543,1910,158,2068,12.08860759493671
84544,3610,261,3871,13.831417624521071
84556,3623,89,3712,40.70786516853933
84561,1055,173,1228,6.098265895953757
84566,1891,84,1975,22.511904761904763
84567,3161,173,3334,18.271676300578036
84568,3712,300,4012,12.373333333333331
84574,3686,273,3959,13.501831501831502
84576,2078,72,2150,28.86111111111111
84588,862,53,915,16.264150943396228
84606,2411,112,2523,21.526785714285715
84618,1866,120,1986,15.55
84627,3804,75,3879,50.72
84628,3313,374,3687,8.858288770053475
84630,1597,529,2126,3.01890359168242
84633,3259,124,3383,26.282258064516128
84643,3393,168,3561,20.196428571428573
84649,2188,431,2619,5.076566125290023
84650,2036,102,2138,19.96078431372549
84657,2564,181,2745,14.165745856353592
84686,2404,227,2631,10.590308370044053
84689,3249,157,3406,20.694267515923567
84692,3475,137,3612,25.364963503649637
84694,910,2018,2928,0.4509415262636274
84698,3732,166,3898,22.48192771084337
84704,1954,154,2108,12.688311688311687
84706,2195,214,2409,10.257009345794392
84720,1460,328,1788,4.451219512195122
84721,2553,120,2673,21.275
84722,3430,352,3782,9.744318181818182
84726,2616,186,2802,14.064516129032258
84745,1109,117,1226,9.47863247863248
84746,54,3212,3266,0.0168119551681195
84767,2717,71,2788,38.267605633802816
84768,2915,112,3027,26.026785714285715
84769,3628,204,3832,17.784313725490197
84771,1727,310,2037,5.570967741935484
84780,3788,199,3987,19.035175879396984
84786,1315,143,1458,9.195804195804197
84791,2029,710,2739,2.8577464788732394
84809,3493,302,3795,11.566225165562914
84812,3457,176,3633,19.642045454545453
84815,1615,95,1710,17.0
84820,3520,141,3661,24.9645390070922
84822,2213,85,2298,26.03529411764706
84826,3276,64,3340,51.1875
84827,1838,133,1971,13.819548872180452
84830,3628,147,3775,24.68027210884354
84835,2637,59,2696,44.69491525423729
84837,1868,292,2160,6.397260273972603
84839,2649,198,2847,13.37878787878788
84852,2226,212,2438,10.5
84865,2941,80,3021,36.7625
84875,2202,137,2339,16.072992700729927
84897,3628,371,3999,9.778975741239892
84903,2966,146,3112,20.315068493150687
84909,1062,135,1197,7.866666666666666
84914,2292,328,2620,6.987804878048781
84925,2144,230,2374,9.321739130434782
84932,3900,170,4070,22.94117647058824
84945,2465,92,2557,26.793478260869566
84950,1698,321,2019,5.289719626168225
84951,2512,54,2566,46.51851851851852
84953,2627,123,2750,21.35772357723577
84975,3603,208,3811,17.322115384615383
84976,3779,142,3921,26.612676056338028
84983,187,3876,4063,0.0482456140350877
84984,2724,244,2968,11.163934426229508
84985,3526,131,3657,26.916030534351144
85012,1604,141,1745,11.375886524822697
85016,3300,378,3678,8.73015873015873
85018,2672,133,2805,20.090225563909776
85020,2585,126,2711,20.515873015873016
85048,18,1089,1107,0.0165289256198347
85049,3700,213,3913,17.370892018779344
85050,2447,172,2619,14.226744186046512
85056,971,199,1170,4.879396984924624
85064,2729,231,2960,11.813852813852812
85067,3850,33,3883,116.66666666666669
85079,2067,224,2291,9.227678571428571
85082,2759,186,2945,14.833333333333334
85083,2232,58,2290,38.48275862068966
85085,1955,149,2104,13.120805369127517
85087,1133,139,1272,8.151079136690647
85095,1744,241,1985,7.236514522821577
85100,3099,136,3235,22.78676470588235
85101,3517,192,3709,18.31770833333333
85113,2646,324,2970,8.166666666666666
85118,3324,183,3507,18.16393442622951
85119,1922,109,2031,17.63302752293578
85128,3474,108,3582,32.166666666666664
85142,2062,863,2925,2.3893395133256083
85148,3697,300,3997,12.323333333333334
85154,3501,84,3585,41.67857142857143
85155,324,3119,3443,0.1038794485411991
85157,2596,115,2711,22.57391304347826
85158,3804,193,3997,19.70984455958549
85160,2831,203,3034,13.945812807881774
85172,3354,70,3424,47.91428571428571
85173,3849,214,4063,17.985981308411215
85174,2935,232,3167,12.650862068965518
85177,2247,235,2482,9.561702127659574
85185,2051,186,2237,11.026881720430108
85190,2193,228,2421,9.61842105263158
85206,2265,334,2599,6.781437125748503
85217,2629,224,2853,11.736607142857142
85223,3908,119,4027,32.84033613445378
85232,750,225,975,3.333333333333333
85239,3488,190,3678,18.357894736842105
85242,2996,244,3240,12.278688524590164
85248,2518,344,2862,7.319767441860465
85250,1029,294,1323,3.5
85256,2517,208,2725,12.100961538461538
85268,3126,304,3430,10.282894736842104
85291,3039,258,3297,11.77906976744186
85307,1935,247,2182,7.834008097165992
85308,3819,117,3936,32.64102564102564
85338,3153,265,3418,11.89811320754717
85343,3417,310,3727,11.022580645161293
85348,1685,163,1848,10.337423312883436
85350,3846,131,3977,29.3587786259542
85354,3627,218,3845,16.637614678899084
85358,1917,338,2255,5.671597633136095
85360,2806,112,2918,25.053571428571427
85364,2059,153,2212,13.45751633986928
85376,2539,246,2785,10.321138211382111
85378,3764,125,3889,30.112
85379,2386,146,2532,16.34246575342466
85385,2387,206,2593,11.5873786407767
85391,2658,190,2848,13.989473684210529
85395,3105,252,3357,12.321428571428571
85406,1778,134,1912,13.26865671641791
85412,971,94,1065,10.329787234042554
85423,3345,183,3528,18.27868852459016
85425,1938,105,2043,18.457142857142856
85465,1622,157,1779,10.331210191082803
85483,1339,223,1562,6.004484304932736
85485,3087,112,3199,27.5625
85499,2512,220,2732,11.418181818181818
85502,2523,231,2754,10.92207792207792
85508,2460,176,2636,13.977272727272728
85512,1145,379,1524,3.021108179419525
85515,3584,396,3980,9.05050505050505
85518,2672,206,2878,12.970873786407768
85520,2341,275,2616,8.512727272727274
85526,3447,148,3595,23.29054054054054
85527,2187,250,2437,8.748
85538,3033,481,3514,6.3056133056133055
85542,2465,292,2757,8.441780821917808
85544,2999,88,3087,34.07954545454545
85546,2754,161,2915,17.1055900621118
85564,3610,145,3755,24.89655172413793
85576,3307,128,3435,25.8359375
85578,2386,142,2528,16.802816901408452
85581,1695,71,1766,23.87323943661972
85590,2881,156,3037,18.46794871794872
85595,2715,141,2856,19.25531914893617
85598,3593,408,4001,8.806372549019608
85602,3306,68,3374,48.61764705882353
85615,3520,211,3731,16.682464454976305
85626,2821,67,2888,42.1044776119403
85627,2787,151,2938,18.456953642384107
85642,3931,110,4041,35.736363636363635
85649,1322,154,1476,8.584415584415584
85652,3183,97,3280,32.81443298969072
85659,3325,300,3625,11.083333333333334
85676,3241,256,3497,12.66015625
85678,3908,68,3976,57.47058823529412
85693,2121,111,2232,19.10810810810811
85717,3807,175,3982,21.754285714285714
85743,3083,253,3336,12.185770750988144
85750,2308,158,2466,14.60759493670886
85751,1092,325,1417,3.36
85754,2933,332,3265,8.83433734939759
85760,2597,241,2838,10.775933609958509
85791,2535,215,2750,11.790697674418604
85796,2728,25,2753,109.12
85799,1076,1879,2955,0.572645023948909
85800,1185,204,1389,5.8088235294117645
85811,2778,123,2901,22.585365853658537
85812,3700,205,3905,18.04878048780488
85825,3831,189,4020,20.26984126984127
85835,2477,352,2829,7.036931818181818
85840,3720,53,3773,70.18867924528301
85847,3738,243,3981,15.382716049382717
85851,2799,167,2966,16.760479041916167
85852,2098,133,2231,15.774436090225564
85856,2978,91,3069,32.72527472527472
85870,3023,112,3135,26.991071428571427
85889,3594,88,3682,40.84090909090909
85890,3705,263,3968,14.087452471482887
85893,3598,52,3650,69.1923076923077
85909,2195,91,2286,24.12087912087912
85910,3505,111,3616,31.576576576576574
85912,2189,295,2484,7.420338983050847
85920,433,2221,2654,0.194957226474561
85927,2791,153,2944,18.24183006535948
85928,1599,312,1911,5.125
85944,2574,123,2697,20.92682926829268
85960,3136,305,3441,10.281967213114754
85963,2593,201,2794,12.900497512437813
85979,2451,109,2560,22.486238532110093
85987,3931,128,4059,30.7109375
85988,3193,128,3321,24.9453125
85989,1666,386,2052,4.316062176165803
85991,3913,177,4090,22.10734463276836
86007,239,3235,3474,0.0738794435857805
86010,2799,628,3427,4.457006369426751
86017,3529,145,3674,24.33793103448276
86022,2789,252,3041,11.067460317460318
86024,3195,144,3339,22.1875
86025,3316,99,3415,33.494949494949495
86038,4005,35,4040,114.42857142857144
86040,3100,201,3301,15.422885572139304
86057,2930,245,3175,11.959183673469388
86060,152,43,195,3.5348837209302326
86104,2154,172,2326,12.523255813953488
86111,1350,152,1502,8.881578947368421
86121,2117,158,2275,13.39873417721519
86127,2940,147,3087,20.0
86129,3314,199,3513,16.65326633165829
86138,77,3772,3849,0.0204135737009544
86141,2995,416,3411,7.199519230769231
86142,2236,186,2422,12.021505376344086
86153,1284,420,1704,3.057142857142857
86164,1668,144,1812,11.583333333333334
86165,1427,60,1487,23.78333333333333
86167,3379,60,3439,56.31666666666667
86169,3532,152,3684,23.23684210526316
86174,2663,95,2758,28.03157894736842
86177,3892,182,4074,21.384615384615383
86179,2773,55,2828,50.41818181818182
86193,1022,247,1269,4.137651821862348
86196,2953,104,3057,28.39423076923077
86198,1975,120,2095,16.458333333333332
86222,2684,50,2734,53.68
86223,841,195,1036,4.312820512820513
86224,3436,294,3730,11.687074829931973
86227,2081,344,2425,6.049418604651163
86234,2881,205,3086,14.053658536585363
86235,2101,176,2277,11.9375
86236,2959,207,3166,14.294685990338165
86237,2339,138,2477,16.94927536231884
86243,2162,83,2245,26.048192771084334
86244,3127,124,3251,25.217741935483872
86251,3637,351,3988,10.361823361823362
86252,2307,373,2680,6.184986595174263
86254,2940,308,3248,9.545454545454543
86271,3456,196,3652,17.632653061224488
86287,3583,281,3864,12.750889679715302
86290,3214,365,3579,8.805479452054794
86298,2040,125,2165,16.32
86302,2722,125,2847,21.776
86303,2627,169,2796,15.544378698224852
86307,3889,149,4038,26.1006711409396
86308,2527,69,2596,36.6231884057971
86323,3102,189,3291,16.41269841269841
86327,3487,265,3752,13.158490566037736
86329,1835,231,2066,7.943722943722943
86334,3382,211,3593,16.028436018957347
86345,2233,181,2414,12.337016574585636
86349,393,2746,3139,0.1431172614712308
86356,2689,293,2982,9.177474402730375
86358,2164,89,2253,24.314606741573037
86361,2518,52,2570,48.42307692307692
86369,3995,67,4062,59.62686567164179
86372,2860,134,2994,21.34328358208955
86378,3570,145,3715,24.620689655172413
86380,2660,267,2927,9.9625468164794
86383,2784,203,2987,13.714285714285714
86394,2152,72,2224,29.88888888888889
86397,3498,226,3724,15.47787610619469
86403,3112,152,3264,20.473684210526315
86406,2593,146,2739,17.76027397260274
86418,3766,150,3916,25.106666666666666
86419,3825,127,3952,30.118110236220478
86434,2278,73,2351,31.2054794520548
86439,3336,162,3498,20.59259259259259
86442,2584,160,2744,16.15
86458,2304,342,2646,6.7368421052631575
86459,2262,211,2473,10.72037914691943
86462,2747,120,2867,22.891666666666666
86481,1080,109,1189,9.908256880733944
86484,3740,231,3971,16.19047619047619
86494,1772,86,1858,20.6046511627907
86506,2076,128,2204,16.21875
86513,3300,334,3634,9.880239520958083
86516,1941,189,2130,10.26984126984127
86517,3722,99,3821,37.5959595959596
86523,2120,221,2341,9.592760180995477
86537,3183,249,3432,12.783132530120485
86541,2918,160,3078,18.2375
86542,53,3636,3689,0.0145764576457645
86550,3518,241,3759,14.597510373443985
86553,2817,134,2951,21.02238805970149
86557,2701,227,2928,11.898678414096915
86560,3110,230,3340,13.521739130434783
86568,782,157,939,4.980891719745223
86572,3404,126,3530,27.015873015873016
86573,3131,187,3318,16.74331550802139
86577,2604,80,2684,32.55
86590,2697,135,2832,19.977777777777774
86606,106,3191,3297,0.0332184268254465
86621,1536,274,1810,5.605839416058394
86623,3329,141,3470,23.609929078014183
86630,3938,111,4049,35.47747747747748
86636,3541,245,3786,14.453061224489796
86641,1962,252,2214,7.785714285714286
86645,3081,200,3281,15.405
86655,3455,372,3827,9.28763440860215
86657,2699,434,3133,6.21889400921659
86669,2122,150,2272,14.146666666666668
86672,2561,89,2650,28.775280898876403
86676,3605,230,3835,15.673913043478262
86681,2521,251,2772,10.04382470119522
86687,3009,171,3180,17.596491228070175
86700,3256,248,3504,13.129032258064516
86701,3591,151,3742,23.781456953642383
86706,3059,113,3172,27.07079646017699
86708,2670,121,2791,22.06611570247934
86711,1916,78,1994,24.56410256410257
86724,2456,205,2661,11.980487804878049
86736,1779,253,2032,7.031620553359684
86737,1413,235,1648,6.012765957446809
86747,1427,232,1659,6.150862068965517
86759,2819,256,3075,11.01171875
86766,559,2840,3399,0.1968309859154929
86774,2290,256,2546,8.9453125
86775,2516,210,2726,11.98095238095238
86783,2653,223,2876,11.896860986547086
86799,1815,118,1933,15.38135593220339
86805,2987,113,3100,26.43362831858407
86816,2409,108,2517,22.30555555555556
86827,2284,86,2370,26.55813953488372
86842,3638,211,3849,17.24170616113744
86863,3831,250,4081,15.324
86866,1644,188,1832,8.74468085106383
86872,937,132,1069,7.098484848484849
86884,3412,155,3567,22.01290322580645
86890,3808,68,3876,56.0
86892,3229,230,3459,14.039130434782608
86898,3819,174,3993,21.948275862068964
86901,3443,107,3550,32.177570093457945
86906,3663,126,3789,29.071428571428573
86921,2385,241,2626,9.896265560165975
86932,3430,131,3561,26.18320610687023
86937,3763,133,3896,28.293233082706767
86941,3963,114,4077,34.76315789473684
86943,1521,246,1767,6.182926829268292
86944,3855,153,4008,25.19607843137255
86950,2418,202,2620,11.970297029702971
86951,2974,497,3471,5.983903420523139
86962,2549,160,2709,15.93125
86974,3326,172,3498,19.337209302325583
86986,3298,113,3411,29.1858407079646
87001,1957,91,2048,21.505494505494507
87014,2369,111,2480,21.34234234234234
87028,2879,174,3053,16.54597701149425
87037,3178,123,3301,25.83739837398374
87043,3561,183,3744,19.459016393442624
87053,2300,191,2491,12.041884816753926
87080,3697,325,4022,11.375384615384617
87097,3339,204,3543,16.36764705882353
87099,3709,205,3914,18.09268292682927
87100,3883,98,3981,39.62244897959184
87106,2745,123,2868,22.317073170731707
87121,2030,151,2181,13.443708609271525
87122,2540,159,2699,15.974842767295597
87126,3252,147,3399,22.12244897959184
87130,2604,157,2761,16.585987261146496
87133,2499,406,2905,6.155172413793103
87141,2345,293,2638,8.003412969283277
87151,3868,108,3976,35.81481481481482
87153,2170,222,2392,9.774774774774777
87154,2153,28,2181,76.89285714285714
87161,3514,294,3808,11.952380952380953
87163,1914,193,2107,9.917098445595856
87170,3560,63,3623,56.507936507936506
87181,2184,132,2316,16.545454545454547
87185,2590,192,2782,13.489583333333334
87189,2166,150,2316,14.44
87195,3263,216,3479,15.10648148148148
87197,3527,89,3616,39.62921348314607
87212,3516,246,3762,14.292682926829269
87216,3132,244,3376,12.836065573770492
87224,2248,239,2487,9.405857740585772
87242,3669,162,3831,22.64814814814815
87245,944,51,995,18.50980392156863
87249,3796,102,3898,37.21568627450981
87252,2371,120,2491,19.758333333333333
87259,3271,128,3399,25.5546875
87266,4021,42,4063,95.73809523809524
87269,2730,140,2870,19.5
87277,1346,54,1400,24.925925925925927
87280,3327,87,3414,38.241379310344826
87292,3682,132,3814,27.893939393939394
87311,2399,266,2665,9.018796992481205
87313,1830,125,1955,14.64
87314,2492,99,2591,25.171717171717173
87315,3365,228,3593,14.758771929824562
87329,3523,121,3644,29.115702479338843
87333,1677,206,1883,8.140776699029127
87338,2178,139,2317,15.66906474820144
87342,1920,80,2000,24.0
87347,2486,132,2618,18.83333333333333
87352,3163,198,3361,15.974747474747474
87355,3433,102,3535,33.65686274509804
87356,3447,141,3588,24.4468085106383
87360,3322,219,3541,15.168949771689498
87368,2620,353,2973,7.422096317280453
87370,80,3795,3875,0.0210803689064558
87374,2563,310,2873,8.26774193548387
87395,3569,229,3798,15.585152838427948
87407,2890,186,3076,15.53763440860215
87409,1674,293,1967,5.713310580204778
87410,3765,116,3881,32.456896551724135
87431,3708,274,3982,13.532846715328468
87434,2280,180,2460,12.666666666666666
87438,1860,131,1991,14.198473282442748
87454,3109,126,3235,24.67460317460317
87456,3776,214,3990,17.64485981308411
87463,1633,78,1711,20.935897435897434
87465,3640,110,3750,33.09090909090909
87475,3440,142,3582,24.225352112676056
87484,3639,356,3995,10.22191011235955
87488,2113,205,2318,10.307317073170733
87507,3580,196,3776,18.26530612244898
87509,3864,207,4071,18.666666666666668
87524,2265,210,2475,10.785714285714286
87532,1827,156,1983,11.711538461538462
87540,1510,211,1721,7.156398104265403
87545,1926,128,2054,15.046875
87552,2323,245,2568,9.481632653061224
87556,44,1845,1889,0.0238482384823848
87574,2880,204,3084,14.117647058823527
87582,3870,134,4004,28.88059701492537
87619,2918,103,3021,28.33009708737864
87623,1978,81,2059,24.419753086419757
87632,1907,86,1993,22.17441860465116
87636,3619,116,3735,31.198275862068964
87664,3700,303,4003,12.211221122112212
87685,3424,347,3771,9.867435158501442
87688,2266,60,2326,37.766666666666666
87705,1,2589,2590,0.0003862495171881
87715,2999,313,3312,9.5814696485623
87716,1619,111,1730,14.585585585585584
87728,3768,249,4017,15.132530120481928
87730,2002,160,2162,12.5125
87731,2480,274,2754,9.05109489051095
87736,3615,456,4071,7.927631578947368
87747,3130,304,3434,10.296052631578949
87751,1104,185,1289,5.967567567567568
87753,3209,314,3523,10.219745222929935
87756,2751,83,2834,33.144578313253014
87759,3476,284,3760,12.23943661971831
87762,3278,125,3403,26.224
87774,2009,126,2135,15.944444444444445
87804,1217,205,1422,5.9365853658536585
87807,2505,356,2861,7.036516853932584
87810,2640,344,2984,7.674418604651163
87814,2827,163,2990,17.34355828220859
87816,2746,274,3020,10.021897810218976
87821,3625,256,3881,14.16015625
87825,3604,213,3817,16.920187793427232
87829,3135,321,3456,9.766355140186915
87843,2564,127,2691,20.18897637795276
87844,1887,186,2073,10.14516129032258
87845,3851,192,4043,20.057291666666668
87846,2975,103,3078,28.883495145631063
87853,3618,139,3757,26.028776978417262
87855,2413,64,2477,37.703125
87860,3002,167,3169,17.976047904191617
87871,3550,158,3708,22.468354430379748
87879,1669,110,1779,15.172727272727272
87884,2297,67,2364,34.28358208955224
87892,2720,436,3156,6.238532110091743
87897,1889,173,2062,10.919075144508671
87910,3000,55,3055,54.54545454545455
87916,1514,253,1767,5.984189723320158
87937,3094,183,3277,16.907103825136613
87945,2630,186,2816,14.13978494623656
87955,3776,190,3966,19.87368421052632
87958,3883,195,4078,19.912820512820517
87961,3915,169,4084,23.16568047337278
87978,3361,21,3382,160.04761904761904
87982,3417,284,3701,12.03169014084507
87996,1801,819,2620,2.199023199023199
87999,3764,49,3813,76.81632653061224
88004,2346,128,2474,18.328125
88009,2560,31,2591,82.58064516129032
88010,3026,140,3166,21.614285714285717
88017,2284,129,2413,17.705426356589147
88038,3515,249,3764,14.116465863453817
88039,3502,236,3738,14.83898305084746
88053,3542,68,3610,52.088235294117645
88056,2816,110,2926,25.6
88064,4003,92,4095,43.51086956521739
88076,3771,201,3972,18.761194029850746
88079,2267,42,2309,53.97619047619048
88086,3808,73,3881,52.16438356164384
88088,877,174,1051,5.040229885057471
88097,1990,119,2109,16.722689075630253
88111,3433,172,3605,19.959302325581397
88113,182,304,486,0.5986842105263158
88117,791,207,998,3.821256038647343
88125,3363,338,3701,9.949704142011834
88128,3734,155,3889,24.09032258064516
88153,1523,137,1660,11.116788321167885
88155,3459,578,4037,5.984429065743945
88159,2045,142,2187,14.401408450704226
88161,2287,42,2329,54.45238095238095
88167,2929,166,3095,17.64457831325301
88172,2225,82,2307,27.134146341463413
88176,2900,75,2975,38.66666666666666
88180,551,2832,3383,0.1945621468926553
88193,3354,114,3468,29.42105263157895
88204,3419,214,3633,15.976635514018692
88208,3719,246,3965,15.117886178861788
88223,3635,124,3759,29.31451612903226
88228,3612,158,3770,22.860759493670887
88229,3137,125,3262,25.096
88233,3390,189,3579,17.936507936507937
88239,1735,83,1818,20.903614457831324
88244,3009,209,3218,14.397129186602871
88247,1959,133,2092,14.729323308270676
88252,3439,154,3593,22.33116883116883
88253,2928,170,3098,17.223529411764705
88259,3875,111,3986,34.909909909909906
88276,2184,142,2326,15.380281690140846
88278,2848,63,2911,45.20634920634921
88281,593,2653,3246,0.2235205427817565
88284,1743,111,1854,15.702702702702704
88302,3539,46,3585,76.93478260869566
88311,3757,111,3868,33.846846846846844
88322,3374,135,3509,24.992592592592597
88338,2138,198,2336,10.797979797979798
88339,2093,105,2198,19.933333333333334
88353,2411,103,2514,23.40776699029126
88355,3889,195,4084,19.943589743589744
88363,1011,540,1551,1.8722222222222225
88370,1956,79,2035,24.75949367088608
88371,2722,53,2775,51.35849056603774
88377,3463,227,3690,15.255506607929515
88388,3495,362,3857,9.654696132596683
88390,3123,92,3215,33.94565217391305
88394,3641,245,3886,14.861224489795918
88396,2812,156,2968,18.025641025641026
88399,3525,139,3664,25.359712230215827
88400,2666,69,2735,38.63768115942029
88403,2591,207,2798,12.516908212560386
88410,3611,376,3987,9.60372340425532
88415,3039,59,3098,51.50847457627118
88416,1863,294,2157,6.336734693877551
88418,3578,269,3847,13.301115241635689
88441,1403,138,1541,10.166666666666666
88451,3678,191,3869,19.2565445026178
88456,3788,154,3942,24.5974025974026
88458,1863,175,2038,10.645714285714286
88461,3094,413,3507,7.491525423728813
88462,807,53,860,15.226415094339623
88475,2589,81,2670,31.96296296296296
88493,3782,216,3998,17.50925925925926
88494,1279,200,1479,6.395
88509,3637,63,3700,57.73015873015873
88517,2246,53,2299,42.37735849056604
88518,2258,264,2522,8.553030303030303
88520,3178,42,3220,75.66666666666667
88523,2773,328,3101,8.454268292682928
88525,3836,173,4009,22.17341040462428
88526,3853,140,3993,27.52142857142857
88531,3517,99,3616,35.525252525252526
88543,3667,317,3984,11.56782334384858
88545,3909,109,4018,35.86238532110092
88557,2751,231,2982,11.909090909090908
88584,3245,122,3367,26.598360655737704
88589,2834,100,2934,28.34
88592,3271,256,3527,12.77734375
88602,1875,89,1964,21.06741573033708
88604,1750,179,1929,9.776536312849162
88608,194,3063,3257,0.0633365981064316
88612,1513,29,1542,52.172413793103445
88614,2140,62,2202,34.516129032258064
88615,2758,215,2973,12.827906976744186
88617,1988,186,2174,10.688172043010752
88620,2217,249,2466,8.903614457831326
88637,2474,78,2552,31.71794871794872
88642,2564,257,2821,9.976653696498056
88646,1568,132,1700,11.87878787878788
88655,3213,289,3502,11.117647058823527
88673,2991,35,3026,85.45714285714286
88675,3227,122,3349,26.450819672131143
88676,3146,132,3278,23.83333333333333
88681,2479,200,2679,12.395
88682,2122,80,2202,26.525
88683,3536,131,3667,26.99236641221374
88686,3498,249,3747,14.048192771084338
88691,2737,138,2875,19.83333333333333
88708,2419,114,2533,21.219298245614038
88709,2858,150,3008,19.05333333333333
88717,1088,60,1148,18.133333333333333
88719,3307,60,3367,55.11666666666667
88723,2855,221,3076,12.918552036199095
88738,2038,114,2152,17.87719298245614
88739,3796,208,4004,18.25
88749,1344,68,1412,19.764705882352946
88763,2504,219,2723,11.4337899543379
88770,3390,62,3452,54.67741935483871
88775,1966,114,2080,17.24561403508772
88776,3135,94,3229,33.35106382978724
88794,3841,146,3987,26.30821917808219
88797,3424,177,3601,19.34463276836158
88814,1645,334,1979,4.925149700598802
88815,3339,99,3438,33.72727272727273
88816,1085,86,1171,12.616279069767442
88820,3361,248,3609,13.55241935483871
88821,2606,114,2720,22.859649122807017
88825,2276,114,2390,19.964912280701757
88828,1878,170,2048,11.047058823529412
88834,2135,215,2350,9.930232558139537
88842,2856,145,3001,19.69655172413793
88845,3697,151,3848,24.483443708609272
88847,2401,183,2584,13.120218579234972
88848,3792,297,4089,12.767676767676768
88861,3545,256,3801,13.84765625
88864,3575,256,3831,13.96484375
88869,3532,112,3644,31.535714285714285
88872,2686,404,3090,6.648514851485149
88884,2865,177,3042,16.1864406779661
88887,3832,104,3936,36.84615384615385
88888,3526,83,3609,42.48192771084337
88890,1795,260,2055,6.903846153846154
88893,1660,364,2024,4.56043956043956
88905,1542,330,1872,4.672727272727273
88909,3279,98,3377,33.45918367346939
88921,2189,212,2401,10.325471698113208
88924,2344,188,2532,12.46808510638298
88932,1948,130,2078,14.984615384615385
88933,2789,93,2882,29.98924731182796
88938,2173,177,2350,12.27683615819209
88945,3028,216,3244,14.01851851851852
88947,580,77,657,7.532467532467533
88953,1772,36,1808,49.22222222222222
88954,2555,203,2758,12.586206896551724
88957,3305,80,3385,41.3125
88964,499,2583,3082,0.1931862175764614
88965,2290,153,2443,14.967320261437909
88966,3875,150,4025,25.83333333333333
88969,3472,172,3644,20.186046511627907
88978,714,124,838,5.758064516129032
88981,3031,163,3194,18.59509202453988
88985,1931,65,1996,29.70769230769231
88994,2631,211,2842,12.469194312796208
89000,1916,93,2009,20.602150537634408
89001,3848,172,4020,22.37209302325581
89013,2917,155,3072,18.81935483870968
89014,3264,129,3393,25.302325581395348
89022,2661,79,2740,33.68354430379747
89024,1527,47,1574,32.48936170212766
89025,1,2225,2226,0.0004494382022471
89026,3913,170,4083,23.01764705882353
89027,2488,362,2850,6.87292817679558
89032,3757,54,3811,69.57407407407408
89039,2477,200,2677,12.385
89043,2383,258,2641,9.236434108527131
89046,1482,97,1579,15.278350515463918
89074,2812,210,3022,13.39047619047619
89089,1975,119,2094,16.596638655462186
89093,3841,174,4015,22.07471264367816
89095,1182,244,1426,4.844262295081967
89101,1493,2502,3995,0.596722621902478
89119,2109,129,2238,16.348837209302324
89120,2287,207,2494,11.048309178743962
89131,1996,251,2247,7.952191235059761
89174,3299,314,3613,10.506369426751592
89175,3462,270,3732,12.822222222222225
89181,449,2508,2957,0.1790271132376395
89204,3520,292,3812,12.054794520547944
89238,3386,174,3560,19.45977011494253
89246,3292,186,3478,17.698924731182796
89252,3823,206,4029,18.558252427184467
89253,3683,291,3974,12.65635738831615
89257,3442,145,3587,23.73793103448276
89272,1545,245,1790,6.306122448979592
89278,2943,37,2980,79.54054054054055
89281,62,3273,3335,0.0189428658722884
89296,475,2718,3193,0.1747608535688005
89326,3645,172,3817,21.19186046511628
89340,2042,87,2129,23.471264367816094
89341,3622,144,3766,25.15277777777778
89346,1377,76,1453,18.11842105263158
89351,2280,46,2326,49.56521739130435
89354,3676,162,3838,22.69135802469136
89357,3402,122,3524,27.885245901639344
89389,3562,76,3638,46.86842105263158
89428,406,116,522,3.5
89446,3422,126,3548,27.15873015873016
89447,1958,102,2060,19.19607843137255
89451,3582,126,3708,28.428571428571427
89452,136,3783,3919,0.0359503039915411
89454,1811,117,1928,15.47863247863248
89459,1719,238,1957,7.222689075630252
89469,1925,213,2138,9.03755868544601
89476,909,149,1058,6.100671140939597
89485,3708,95,3803,39.03157894736842
89492,3839,87,3926,44.12643678160919
89501,1037,194,1231,5.345360824742268
89505,1992,83,2075,24.0
89510,3023,400,3423,7.5575
89516,3102,417,3519,7.438848920863309
89517,2732,68,2800,40.1764705882353
89522,2105,156,2261,13.493589743589745
89523,2945,232,3177,12.69396551724138
89529,1981,172,2153,11.517441860465116
89530,2266,164,2430,13.817073170731708
89535,2677,179,2856,14.955307262569832
89537,1942,98,2040,19.816326530612244
89541,3229,103,3332,31.3495145631068
89552,3224,273,3497,11.80952380952381
89563,1594,681,2275,2.340675477239354
89584,3224,316,3540,10.20253164556962
89587,2573,122,2695,21.09016393442623
89589,3859,93,3952,41.494623655913976
89590,2841,119,2960,23.873949579831933
89594,3894,134,4028,29.059701492537314
89604,3420,245,3665,13.959183673469388
89615,3790,222,4012,17.07207207207207
89617,3167,41,3208,77.2439024390244
89621,1449,115,1564,12.6
89623,2691,357,3048,7.53781512605042
89662,637,2966,3603,0.2147673634524612
89664,2593,41,2634,63.24390243902439
89671,2954,127,3081,23.25984251968504
89689,328,145,473,2.262068965517241
89697,70,3798,3868,0.0184307530279094
89700,2297,279,2576,8.232974910394265
89719,703,385,1088,1.825974025974026
89720,4031,58,4089,69.5
89723,2734,608,3342,4.496710526315789
89724,3538,531,4069,6.662900188323917
89735,2033,409,2442,4.970660146699267
89741,3540,262,3802,13.511450381679388
89747,2583,113,2696,22.858407079646017
89757,2136,90,2226,23.73333333333333
89771,3625,217,3842,16.705069124423964
89785,2903,381,3284,7.619422572178478
89799,2141,148,2289,14.466216216216216
89800,2377,76,2453,31.276315789473685
89804,3302,101,3403,32.693069306930695
89805,2009,141,2150,14.24822695035461
89817,2947,196,3143,15.035714285714286
89824,3315,114,3429,29.07894736842105
89831,3305,316,3621,10.458860759493673
89832,2841,188,3029,15.111702127659576
89835,3110,128,3238,24.296875
89839,1110,170,1280,6.529411764705882
89846,3943,143,4086,27.573426573426573
89847,3042,83,3125,36.65060240963855
89849,2618,147,2765,17.80952380952381
89852,2543,62,2605,41.016129032258064
89861,21,3239,3260,0.0064834825563445
89862,3452,232,3684,14.879310344827584
89866,2463,191,2654,12.895287958115183
89868,3144,118,3262,26.64406779661017
89886,3519,112,3631,31.419642857142858
89894,1184,494,1678,2.396761133603239
89913,2128,144,2272,14.77777777777778
89916,3224,286,3510,11.272727272727272
89917,2493,139,2632,17.93525179856115
89921,890,160,1050,5.5625
89922,1900,338,2238,5.621301775147929
89949,2095,178,2273,11.769662921348315
89952,2711,153,2864,17.718954248366014
89958,3428,120,3548,28.566666666666663
89959,1320,165,1485,8.0
89966,2431,313,2744,7.766773162939297
89972,1847,157,2004,11.764331210191084
89978,3318,159,3477,20.867924528301888
89983,2688,95,2783,28.294736842105262
89990,2937,126,3063,23.30952380952381
89999,3961,95,4056,41.694736842105264
90013,3721,51,3772,72.96078431372548
90014,3467,139,3606,24.942446043165468
90022,3361,118,3479,28.483050847457623
90025,3204,134,3338,23.91044776119403
90028,2133,318,2451,6.7075471698113205
90030,3494,76,3570,45.97368421052632
90044,3269,165,3434,19.81212121212121
90050,1343,217,1560,6.188940092165899
90052,1440,495,1935,2.909090909090909
90058,3406,112,3518,30.410714285714285
90065,3461,96,3557,36.052083333333336
90072,1586,300,1886,5.286666666666667
90077,2636,129,2765,20.434108527131784
90087,577,142,719,4.063380281690141
90088,3620,138,3758,26.231884057971016
90105,3631,186,3817,19.521505376344088
90111,35,1207,1242,0.0289975144987572
90120,2755,97,2852,28.4020618556701
90134,982,139,1121,7.0647482014388485
90139,2623,143,2766,18.342657342657343
90149,3317,267,3584,12.423220973782772
90150,1107,183,1290,6.049180327868853
90154,3058,150,3208,20.386666666666667
90162,997,153,1150,6.516339869281046
90164,3347,225,3572,14.875555555555556
90166,3796,200,3996,18.98
90168,3778,128,3906,29.515625
90169,2467,240,2707,10.279166666666669
90175,3645,123,3768,29.634146341463413
90184,3510,211,3721,16.635071090047393
90185,2031,552,2583,3.679347826086957
90193,3138,202,3340,15.534653465346535
90198,2953,1083,4036,2.72668513388735
90203,3028,299,3327,10.127090301003344
90213,3376,137,3513,24.64233576642336
90224,3211,43,3254,74.67441860465117
90227,2040,349,2389,5.845272206303725
90228,2373,166,2539,14.295180722891564
90235,1864,44,1908,42.36363636363637
90237,2974,227,3201,13.101321585903085
90238,3739,175,3914,21.365714285714287
90245,2171,67,2238,32.40298507462686
90249,2171,137,2308,15.846715328467154
90252,3509,107,3616,32.794392523364486
90254,1165,2768,3933,0.4208815028901734
90279,2114,206,2320,10.262135922330096
90280,2057,272,2329,7.5625
90283,1503,202,1705,7.440594059405939
90285,30,176,206,0.1704545454545454
90292,1786,326,2112,5.478527607361963
90301,911,92,1003,9.902173913043478
90316,3635,199,3834,18.266331658291456
90325,3638,132,3770,27.560606060606062
90327,3493,163,3656,21.42944785276073
90339,3707,206,3913,17.99514563106796
90345,2298,104,2402,22.096153846153847
90346,1736,601,2337,2.8885191347753745
90350,1788,120,1908,14.9
90353,1764,245,2009,7.2
90354,1047,301,1348,3.478405315614618
90357,1975,57,2032,34.64912280701754
90381,3212,262,3474,12.259541984732824
90399,977,64,1041,15.265625
90419,1841,175,2016,10.52
90436,2139,132,2271,16.204545454545453
90438,1581,116,1697,13.629310344827584
90443,1908,71,1979,26.87323943661972
90444,1987,107,2094,18.570093457943926
90451,3217,113,3330,28.469026548672566
90473,3634,260,3894,13.976923076923075
90478,3623,428,4051,8.464953271028037
90482,2459,388,2847,6.337628865979381
90484,1116,151,1267,7.390728476821192
90488,454,95,549,4.778947368421052
90499,3827,220,4047,17.395454545454545
90510,3541,193,3734,18.34715025906736
90513,2422,220,2642,11.00909090909091
90514,2149,81,2230,26.530864197530864
90518,1706,37,1743,46.108108108108105
90523,3857,170,4027,22.688235294117646
90532,3588,296,3884,12.12162162162162
90567,1568,155,1723,10.116129032258064
90573,202,2828,3030,0.0714285714285714
90585,1909,204,2113,9.357843137254902
90586,3148,157,3305,20.05095541401274
90588,3262,227,3489,14.370044052863436
90606,1538,119,1657,12.92436974789916
90617,2487,125,2612,19.896
90627,3462,244,3706,14.188524590163937
90643,3923,55,3978,71.32727272727273
90648,3578,102,3680,35.07843137254902
90650,1314,94,1408,13.97872340425532
90657,2699,228,2927,11.837719298245617
90665,3443,209,3652,16.473684210526315
90674,456,32,488,14.25
90675,643,1832,2475,0.3509825327510917
90687,2130,140,2270,15.214285714285714
90688,3158,162,3320,19.493827160493822
90693,3119,975,4094,3.198974358974359
90695,2064,77,2141,26.805194805194805
90697,1826,245,2071,7.453061224489796
90700,2722,74,2796,36.78378378378378
90701,2665,429,3094,6.212121212121212
90710,3296,224,3520,14.714285714285714
90716,1532,341,1873,4.492668621700879
90739,3495,149,3644,23.45637583892617
90748,3146,107,3253,29.401869158878505
90750,1082,186,1268,5.817204301075269
90751,1107,184,1291,6.016304347826087
90771,3721,126,3847,29.53174603174603
90780,2627,134,2761,19.604477611940297
90781,2719,546,3265,4.97985347985348
90787,2392,176,2568,13.590909090909092
90788,3275,123,3398,26.6260162601626
90789,2118,175,2293,12.102857142857143
90790,3803,233,4036,16.321888412017167
90798,2949,185,3134,15.94054054054054
90799,2158,138,2296,15.63768115942029
90801,3399,128,3527,26.5546875
90816,3609,194,3803,18.603092783505154
90825,3244,107,3351,30.317757009345797
90845,1470,44,1514,33.40909090909091
90868,1895,314,2209,6.035031847133758
90875,3463,206,3669,16.810679611650485
90876,2312,127,2439,18.20472440944882
90884,3818,186,4004,20.526881720430108
90918,2199,140,2339,15.707142857142856
90921,1485,151,1636,9.834437086092716
90925,3831,248,4079,15.44758064516129
90934,1383,174,1557,7.948275862068965
90936,1806,159,1965,11.358490566037736
90949,3759,74,3833,50.7972972972973
90950,3030,177,3207,17.11864406779661
90951,3522,231,3753,15.246753246753247
90956,207,1457,1664,0.1420727522306108
90968,3590,61,3651,58.85245901639344
90969,1732,284,2016,6.098591549295775
90981,2471,190,2661,13.005263157894737
90987,3341,25,3366,133.64
90992,3722,140,3862,26.585714285714285
90995,1244,171,1415,7.2748538011695905
91011,3758,98,3856,38.3469387755102
91019,3834,201,4035,19.074626865671643
91021,3250,302,3552,10.76158940397351
91040,1145,154,1299,7.435064935064935
91062,3203,100,3303,32.03
91069,3786,273,4059,13.868131868131869
91078,1884,174,2058,10.827586206896552
91079,2856,144,3000,19.83333333333333
91095,2997,110,3107,27.245454545454542
91106,1712,1309,3021,1.307868601986249
91112,2369,120,2489,19.741666666666667
91159,1813,72,1885,25.18055555555556
91172,2937,146,3083,20.116438356164384
91180,3730,146,3876,25.54794520547945
91183,2130,169,2299,12.603550295857987
91187,2236,1723,3959,1.297736506094022
91198,3685,63,3748,58.49206349206349
91204,3758,161,3919,23.341614906832294
91205,1233,116,1349,10.629310344827584
91209,3218,115,3333,27.98260869565217
91213,2846,409,3255,6.958435207823961
91223,3183,68,3251,46.80882352941177
91225,1585,319,1904,4.968652037617555
91228,3328,94,3422,35.40425531914894
91233,3941,92,4033,42.83695652173913
91243,2926,192,3118,15.239583333333334
91244,1922,502,2424,3.828685258964144
91246,3082,375,3457,8.218666666666667
91247,3280,140,3420,23.428571428571427
91257,3731,347,4078,10.752161383285303
91272,2798,232,3030,12.060344827586206
91273,3688,246,3934,14.991869918699187
91278,2696,122,2818,22.098360655737704
91280,3600,81,3681,44.44444444444444
91286,1789,132,1921,13.553030303030305
91292,2373,411,2784,5.773722627737226
91298,2634,227,2861,11.603524229074887
91303,1663,143,1806,11.62937062937063
91308,3593,194,3787,18.52061855670103
91316,2040,126,2166,16.19047619047619
91320,3123,261,3384,11.96551724137931
91321,2119,1432,3551,1.4797486033519551
91329,3763,186,3949,20.231182795698924
91332,1159,424,1583,2.733490566037736
91335,1912,333,2245,5.741741741741742
91342,3252,130,3382,25.015384615384612
91344,3830,121,3951,31.65289256198347
91360,3812,243,4055,15.687242798353909
91361,3347,151,3498,22.165562913907284
91363,3662,260,3922,14.084615384615384
91364,1414,767,2181,1.8435462842242505
91369,153,3465,3618,0.0441558441558441
91372,3756,237,3993,15.848101265822784
91379,1871,303,2174,6.174917491749175
91388,112,268,380,0.417910447761194
91391,3042,76,3118,40.026315789473685
91392,2386,200,2586,11.93
91402,2433,149,2582,16.328859060402685
91412,3843,72,3915,53.375
91413,2885,280,3165,10.303571428571429
91415,1315,160,1475,8.21875
91426,2608,47,2655,55.48936170212766
91434,2516,516,3032,4.875968992248062
91448,207,3535,3742,0.0585572842998585
91450,2787,105,2892,26.542857142857144
91451,1751,139,1890,12.597122302158274
91454,2790,231,3021,12.07792207792208
91462,3448,264,3712,13.06060606060606
91464,2316,47,2363,49.27659574468085
91472,3277,117,3394,28.00854700854701
91478,2770,387,3157,7.157622739018088
91489,3514,204,3718,17.225490196078432
91495,3218,76,3294,42.3421052631579
91510,3557,227,3784,15.669603524229077
91516,2274,417,2691,5.453237410071942
91527,1455,107,1562,13.598130841121495
91531,2016,205,2221,9.834146341463414
91533,683,2981,3664,0.2291177457229117
91537,3150,164,3314,19.20731707317073
91541,2824,322,3146,8.770186335403727
91543,3562,86,3648,41.41860465116279
91548,712,111,823,6.414414414414415
91549,3467,201,3668,17.248756218905474
91553,3095,141,3236,21.95035460992908
91556,3550,289,3839,12.283737024221454
91573,3046,229,3275,13.301310043668122
91579,3666,145,3811,25.282758620689656
91580,1016,39,1055,26.05128205128205
91582,3054,50,3104,61.08
91586,3786,101,3887,37.48514851485149
91603,2202,174,2376,12.655172413793103
91613,3381,170,3551,19.88823529411765
91644,3433,224,3657,15.325892857142858
91673,3357,85,3442,39.49411764705882
91674,2565,213,2778,12.04225352112676
91680,2713,149,2862,18.20805369127517
91692,1222,66,1288,18.51515151515152
91703,1202,71,1273,16.929577464788732
91704,3579,224,3803,15.977678571428571
91714,3146,30,3176,104.86666666666666
91715,2370,111,2481,21.35135135135135
91718,2199,954,3153,2.3050314465408803
91723,3006,406,3412,7.403940886699507
91724,1758,104,1862,16.903846153846153
91730,2477,139,2616,17.820143884892087
91732,3599,83,3682,43.36144578313253
91735,3547,192,3739,18.47395833333333
91736,2069,267,2336,7.749063670411985
91740,3791,143,3934,26.51048951048951
91751,3334,234,3568,14.247863247863249
91765,3055,164,3219,18.62804878048781
91768,2479,215,2694,11.530232558139534
91781,3624,198,3822,18.303030303030305
91782,2486,87,2573,28.57471264367816
91784,2412,322,2734,7.490683229813665
91791,3940,52,3992,75.76923076923077
91804,1725,77,1802,22.4025974025974
91824,1986,205,2191,9.68780487804878
91832,2939,81,3020,36.28395061728395
91842,3658,97,3755,37.71134020618557
91843,1516,94,1610,16.127659574468087
91846,2684,108,2792,24.85185185185185
91852,2599,181,2780,14.359116022099448
91853,3077,78,3155,39.44871794871795
91861,3584,258,3842,13.891472868217054
91872,2687,58,2745,46.32758620689656
91884,2501,42,2543,59.54761904761905
91888,3152,422,3574,7.469194312796208
91892,3123,159,3282,19.641509433962263
91897,3235,136,3371,23.78676470588235
91901,2970,288,3258,10.3125
91916,2528,82,2610,30.82926829268293
91917,3244,131,3375,24.763358778625957
91922,1420,88,1508,16.136363636363637
91928,1731,223,1954,7.762331838565022
91946,61,1933,1994,0.0315571650284531
91950,2742,999,3741,2.744744744744745
91959,3383,57,3440,59.35087719298246
91963,3901,190,4091,20.53157894736842
91974,2995,308,3303,9.724025974025974
91978,3398,109,3507,31.174311926605505
91990,3172,204,3376,15.549019607843135
92024,2219,109,2328,20.357798165137616
92025,2670,167,2837,15.988023952095809
92029,3739,207,3946,18.06280193236715
92031,3699,183,3882,20.21311475409836
92036,3032,162,3194,18.71604938271605
92041,3378,194,3572,17.412371134020617
92054,2702,94,2796,28.74468085106383
92065,3628,259,3887,14.007722007722007
92086,1,2408,2409,0.0004152823920265
92104,3781,107,3888,35.33644859813084
92109,1675,141,1816,11.879432624113475
92110,1686,205,1891,8.22439024390244
92112,2295,56,2351,40.98214285714285
92116,2554,154,2708,16.584415584415584
92122,2525,112,2637,22.544642857142858
92138,3465,372,3837,9.314516129032258
92153,1786,209,1995,8.545454545454545
92154,1143,178,1321,6.421348314606742
92157,2686,240,2926,11.191666666666666
92159,1958,44,2002,44.5
92167,3485,242,3727,14.400826446280991
92170,3052,195,3247,15.65128205128205
92171,3441,279,3720,12.333333333333334
92172,3767,242,4009,15.56611570247934
92182,2894,196,3090,14.76530612244898
92187,2257,177,2434,12.751412429378531
92188,2385,103,2488,23.155339805825243
92192,2014,135,2149,14.91851851851852
92193,3703,236,3939,15.690677966101696
92205,3230,115,3345,28.08695652173913
92206,3099,239,3338,12.96652719665272
92209,3760,219,3979,17.168949771689498
92212,3859,112,3971,34.455357142857146
92228,3428,99,3527,34.62626262626262
92250,3456,182,3638,18.98901098901099
92255,3003,147,3150,20.428571428571427
92264,3678,254,3932,14.48031496062992
92277,3175,87,3262,36.49425287356322
92281,2307,194,2501,11.891752577319588
92284,3534,70,3604,50.48571428571429
92285,3588,203,3791,17.67487684729064
92291,3126,149,3275,20.97986577181208
92295,2215,168,2383,13.18452380952381
92296,3608,307,3915,11.752442996742673
92301,924,138,1062,6.695652173913044
92310,2305,154,2459,14.967532467532468
92319,2640,71,2711,37.183098591549296
92335,1545,224,1769,6.897321428571429
92337,2702,201,2903,13.442786069651742
92369,3169,148,3317,21.41216216216216
92380,3736,154,3890,24.25974025974026
92383,3941,86,4027,45.825581395348834
92387,3274,211,3485,15.516587677725118
92405,3251,116,3367,28.02586206896552
92406,3205,154,3359,20.81168831168831
92408,2744,140,2884,19.6
92414,2598,76,2674,34.18421052631579
92434,3456,99,3555,34.90909090909091
92436,2220,287,2507,7.735191637630662
92441,3680,371,4051,9.919137466307278
92448,2934,132,3066,22.227272727272727
92454,3629,250,3879,14.516
92457,3083,91,3174,33.87912087912088
92458,1282,164,1446,7.817073170731708
92465,3010,211,3221,14.265402843601896
92472,2559,233,2792,10.982832618025752
92473,2047,31,2078,66.03225806451613
92474,1483,144,1627,10.29861111111111
92475,3152,190,3342,16.589473684210525
92497,1978,246,2224,8.040650406504065
92503,2673,177,2850,15.101694915254235
92507,2911,85,2996,34.247058823529414
92514,2269,126,2395,18.00793650793651
92521,1364,427,1791,3.1943793911007026
92526,3299,161,3460,20.490683229813666
92532,3839,201,4040,19.09950248756219
92539,3976,119,4095,33.411764705882355
92552,2940,278,3218,10.575539568345324
92573,1769,155,1924,11.412903225806453
92579,3646,174,3820,20.95402298850575
92585,2955,176,3131,16.789772727272727
92589,2398,225,2623,10.657777777777778
92592,2067,184,2251,11.233695652173912
92597,3922,129,4051,30.4031007751938
92598,3817,180,3997,21.20555555555556
92611,3455,425,3880,8.129411764705882
92615,2502,114,2616,21.94736842105263
92640,3071,134,3205,22.917910447761194
92647,3061,68,3129,45.01470588235294
92656,985,2087,3072,0.4719693339722089
92661,46,3043,3089,0.0151166611896155
92662,2026,611,2637,3.3158756137479544
92667,2441,104,2545,23.471153846153847
92678,3198,292,3490,10.952054794520548
92692,1467,152,1619,9.651315789473683
92694,2884,258,3142,11.178294573643411
92699,2532,187,2719,13.54010695187166
92705,3520,435,3955,8.091954022988507
92716,1618,269,1887,6.014869888475836
92739,3952,91,4043,43.42857142857143
92740,2589,276,2865,9.380434782608695
92743,2039,382,2421,5.337696335078534
92758,4020,69,4089,58.26086956521739
92761,3847,216,4063,17.810185185185187
92771,1039,130,1169,7.992307692307692
92777,3750,169,3919,22.18934911242604
92790,3981,87,4068,45.75862068965517
92791,2090,148,2238,14.12162162162162
92804,3555,196,3751,18.137755102040817
92821,2896,116,3012,24.96551724137931
92822,3377,203,3580,16.635467980295566
92829,2229,88,2317,25.329545454545453
92832,3082,374,3456,8.240641711229946
92836,2319,410,2729,5.65609756097561
92839,2980,147,3127,20.272108843537413
92844,3803,140,3943,27.164285714285715
92847,3717,322,4039,11.543478260869565
92849,2754,222,2976,12.405405405405403
92853,2566,190,2756,13.505263157894737
92856,2393,127,2520,18.84251968503937
92858,2488,122,2610,20.39344262295082
92864,3443,476,3919,7.233193277310924
92865,1166,143,1309,8.153846153846153
92872,2860,359,3219,7.966573816155988
92878,1676,52,1728,32.23076923076923
92881,1827,125,1952,14.616
92891,552,185,737,2.983783783783784
92899,3201,220,3421,14.55
92906,1833,117,1950,15.666666666666666
92907,2818,105,2923,26.83809523809524
92908,2585,159,2744,16.257861635220127
92910,3212,69,3281,46.55072463768116
92915,1,3261,3262,0.0003066544004906
92927,2169,146,2315,14.856164383561644
92946,3392,218,3610,15.559633027522937
92947,2067,202,2269,10.232673267326732
92957,980,2139,3119,0.4581580177653109
92962,2080,167,2247,12.455089820359282
92971,3098,128,3226,24.203125
92983,3456,225,3681,15.36
92987,2888,138,3026,20.92753623188406
92990,3566,62,3628,57.516129032258064
92991,3734,127,3861,29.401574803149607
93005,2955,313,3268,9.440894568690096
93011,2740,106,2846,25.849056603773583
93012,3560,164,3724,21.70731707317073
93015,2217,427,2644,5.192037470725995
93023,3283,277,3560,11.851985559566788
93029,2983,90,3073,33.144444444444446
93030,3371,302,3673,11.16225165562914
93031,2330,173,2503,13.468208092485549
93033,828,138,966,6.0
93046,2121,305,2426,6.954098360655737
93051,1373,164,1537,8.371951219512194
93056,128,3699,3827,0.0346039470127061
93062,3627,326,3953,11.125766871165643
93069,2860,118,2978,24.23728813559322
93085,2969,232,3201,12.797413793103448
93086,3444,106,3550,32.490566037735846
93088,2331,218,2549,10.692660550458717
93098,2364,197,2561,12.0
93100,3683,128,3811,28.7734375
93109,2234,171,2405,13.064327485380115
93110,3378,189,3567,17.873015873015873
93116,2546,510,3056,4.992156862745098
93120,1741,302,2043,5.764900662251655
93124,2677,412,3089,6.497572815533981
93125,2253,67,2320,33.62686567164179
93135,3711,131,3842,28.32824427480916
93139,2647,378,3025,7.002645502645502
93147,3361,88,3449,38.19318181818182
93156,3939,131,4070,30.06870229007633
93166,855,217,1072,3.9400921658986174
93173,3408,301,3709,11.322259136212624
93176,1099,123,1222,8.934959349593496
93188,565,2134,2699,0.2647610121836926
93206,67,3808,3875,0.017594537815126
93211,1520,256,1776,5.9375
93221,3169,222,3391,14.274774774774777
93233,472,3460,3932,0.1364161849710982
93239,3081,112,3193,27.508928571428573
93241,3662,277,3939,13.220216606498196
93247,3532,165,3697,21.406060606060606
93249,2632,317,2949,8.302839116719243
93261,3476,167,3643,20.81437125748503
93264,1828,80,1908,22.85
93278,1710,136,1846,12.573529411764708
93279,3285,130,3415,25.26923076923077
93285,2956,163,3119,18.13496932515337
93289,3123,126,3249,24.785714285714285
93300,1106,81,1187,13.65432098765432
93319,2898,125,3023,23.184
93331,1979,98,2077,20.193877551020407
93343,2610,176,2786,14.829545454545457
93351,3788,103,3891,36.77669902912621
93355,2071,202,2273,10.252475247524751
93365,2009,456,2465,4.405701754385965
93366,2828,271,3099,10.435424354243542
93368,2468,189,2657,13.05820105820106
93373,2439,146,2585,16.705479452054796
93384,2467,603,3070,4.091210613598673
93395,1319,204,1523,6.465686274509804
93407,1617,153,1770,10.568627450980392
93409,1864,172,2036,10.83720930232558
93414,1927,366,2293,5.265027322404372
93420,3320,172,3492,19.302325581395348
93421,2902,246,3148,11.796747967479677
93432,2046,126,2172,16.238095238095237
93438,3006,153,3159,19.647058823529413
93451,1534,400,1934,3.835
93471,1944,80,2024,24.3
93490,1891,255,2146,7.415686274509804
93499,2855,262,3117,10.896946564885496
93523,3709,244,3953,15.200819672131148
93529,2977,224,3201,13.290178571428571
93530,1749,48,1797,36.4375
93539,3606,127,3733,28.39370078740157
93545,2541,70,2611,36.3
93547,3108,178,3286,17.46067415730337
93552,1825,97,1922,18.81443298969072
93553,1950,370,2320,5.27027027027027
93579,2796,79,2875,35.392405063291136
93583,3129,61,3190,51.29508196721312
93588,3819,202,4021,18.905940594059405
93604,3324,126,3450,26.38095238095238
93605,3636,182,3818,19.978021978021975
93636,2741,217,2958,12.631336405529954
93638,1340,187,1527,7.165775401069519
93643,1398,123,1521,11.365853658536585
93646,2581,100,2681,25.81
93649,2873,172,3045,16.703488372093023
93655,3064,262,3326,11.69465648854962
93658,1926,205,2131,9.395121951219512
93663,1856,279,2135,6.652329749103942
93670,1522,156,1678,9.756410256410255
93681,2244,521,2765,4.3071017274472165
93684,2141,118,2259,18.14406779661017
93693,3741,254,3995,14.728346456692911
93704,2319,193,2512,12.015544041450775
93709,2046,395,2441,5.179746835443038
93715,2762,268,3030,10.305970149253731
93718,2203,919,3122,2.397170837867247
93721,3489,48,3537,72.6875
93730,3342,261,3603,12.804597701149426
93731,2661,173,2834,15.38150289017341
93734,2039,277,2316,7.361010830324909
93735,1726,299,2025,5.7725752508361206
93739,2951,102,3053,28.931372549019606
93743,3314,30,3344,110.46666666666668
93759,3595,99,3694,36.31313131313132
93766,1894,781,2675,2.4250960307298337
93769,3971,77,4048,51.57142857142857
93776,2370,195,2565,12.153846153846152
93783,2509,316,2825,7.939873417721519
93795,2464,158,2622,15.59493670886076
93798,1552,255,1807,6.086274509803921
93800,3805,106,3911,35.89622641509434
93830,2999,225,3224,13.328888888888889
93835,3764,159,3923,23.67295597484277
93854,303,3270,3573,0.0926605504587156
93862,1626,347,1973,4.685878962536023
93863,1371,52,1423,26.365384615384617
93874,468,3554,4022,0.1316826111423747
93888,587,2700,3287,0.2174074074074074
93891,2687,129,2816,20.829457364341085
93893,3422,185,3607,18.497297297297298
93897,2090,255,2345,8.196078431372548
93899,2439,100,2539,24.39
93904,2544,92,2636,27.65217391304348
93908,3180,171,3351,18.59649122807017
93916,2695,85,2780,31.705882352941178
93926,3036,16,3052,189.75
93939,577,3050,3627,0.1891803278688524
93947,3112,221,3333,14.081447963800905
93951,1270,162,1432,7.839506172839506
93959,2421,149,2570,16.248322147651006
93960,2809,174,2983,16.14367816091954
93963,3630,246,3876,14.75609756097561
93974,3071,568,3639,5.40669014084507
93988,2987,231,3218,12.930735930735931
93990,2522,378,2900,6.671957671957672
94008,3720,242,3962,15.37190082644628
94011,2281,134,2415,17.02238805970149
94023,2319,132,2451,17.568181818181817
94029,1525,295,1820,5.169491525423729
94030,2838,147,2985,19.306122448979597
94047,2175,201,2376,10.82089552238806
94054,2651,209,2860,12.68421052631579
94057,2028,162,2190,12.51851851851852
94064,250,3302,3552,0.0757116898849182
94072,561,2783,3344,0.2015810276679842
94075,3588,75,3663,47.84
94080,1713,118,1831,14.516949152542374
94084,2229,134,2363,16.634328358208954
94088,1809,156,1965,11.596153846153848
94092,2432,130,2562,18.70769230769231
94100,3608,111,3719,32.5045045045045
94101,2979,360,3339,8.275
94106,2562,104,2666,24.634615384615383
94113,3848,135,3983,28.503703703703703
94116,2949,83,3032,35.53012048192771
94123,1934,166,2100,11.650602409638552
94126,1798,189,1987,9.513227513227513
94132,3079,204,3283,15.09313725490196
94143,3794,258,4052,14.705426356589149
94161,3188,150,3338,21.25333333333333
94163,3299,490,3789,6.7326530612244895
94171,1565,212,1777,7.382075471698113
94185,3445,209,3654,16.483253588516746
94193,3552,196,3748,18.12244897959184
94200,2099,106,2205,19.80188679245283
94213,3679,277,3956,13.28158844765343
94221,2288,238,2526,9.61344537815126
94228,2176,190,2366,11.452631578947368
94240,629,130,759,4.838461538461538
94250,1439,146,1585,9.856164383561644
94251,2198,268,2466,8.201492537313433
94252,2834,203,3037,13.960591133004923
94255,1955,193,2148,10.129533678756475
94258,705,2897,3602,0.2433551950293407
94261,2497,238,2735,10.491596638655462
94267,1877,165,2042,11.375757575757577
94269,2872,99,2971,29.01010101010101
94274,2303,95,2398,24.242105263157896
94281,1670,81,1751,20.617283950617285
94284,3931,109,4040,36.06422018348624
94289,2371,160,2531,14.81875
94300,3185,270,3455,11.796296296296296
94309,182,2959,3141,0.0615072659682325
94319,927,3093,4020,0.2997090203685742
94320,2330,288,2618,8.090277777777779
94322,273,3805,4078,0.0717477003942181
94332,2448,350,2798,6.994285714285715
94363,679,207,886,3.280193236714976
94366,3069,365,3434,8.408219178082192
94375,3527,133,3660,26.518796992481203
94376,3806,208,4014,18.298076923076923
94389,1681,191,1872,8.801047120418849
94393,3184,70,3254,45.48571428571429
94394,2327,222,2549,10.48198198198198
94438,2848,65,2913,43.815384615384616
94441,1835,177,2012,10.36723163841808
94450,2992,299,3291,10.006688963210705
94452,3489,120,3609,29.075
94453,2852,285,3137,10.007017543859648
94459,3685,271,3956,13.59778597785978
94476,1450,324,1774,4.4753086419753085
94483,3581,222,3803,16.13063063063063
94491,1868,77,1945,24.25974025974026
94492,1883,207,2090,9.096618357487923
94500,3796,109,3905,34.825688073394495
94508,1901,138,2039,13.77536231884058
94533,3646,76,3722,47.97368421052632
94534,3744,118,3862,31.728813559322035
94536,3504,85,3589,41.22352941176471
94541,602,155,757,3.883870967741936
94566,3249,235,3484,13.825531914893617
94568,3664,428,4092,8.560747663551401
94569,3499,431,3930,8.11832946635731
94571,2787,192,2979,14.515625
94583,1787,215,2002,8.311627906976744
94586,1829,755,2584,2.4225165562913906
94589,3687,197,3884,18.715736040609137
94603,2220,68,2288,32.64705882352941
94605,1532,149,1681,10.281879194630871
94624,2033,37,2070,54.94594594594594
94629,1858,159,2017,11.685534591194967
94634,3570,126,3696,28.33333333333333
94647,3898,177,4075,22.0225988700565
94660,3818,77,3895,49.58441558441559
94665,3652,352,4004,10.375
94667,2793,124,2917,22.524193548387096
94675,1772,142,1914,12.47887323943662
94676,2218,218,2436,10.174311926605505
94690,1758,375,2133,4.688
94698,3568,33,3601,108.12121212121212
94699,695,2721,3416,0.2554208011760382
94701,1291,165,1456,7.824242424242424
94705,2383,295,2678,8.077966101694916
94706,3329,229,3558,14.537117903930133
94710,2712,189,2901,14.34920634920635
94740,2877,181,3058,15.895027624309392
94747,3071,165,3236,18.612121212121213
94753,3323,185,3508,17.962162162162162
94764,3737,141,3878,26.50354609929078
94771,3428,214,3642,16.018691588785046
94772,2120,346,2466,6.127167630057803
94775,1793,89,1882,20.146067415730336
94791,1115,92,1207,12.119565217391305
94793,3437,227,3664,15.140969162995594
94799,426,598,1024,0.7123745819397993
94802,3809,199,4008,19.14070351758794
94807,3137,62,3199,50.596774193548384
94816,1356,163,1519,8.319018404907975
94827,3154,199,3353,15.849246231155778
94837,3040,141,3181,21.56028368794326
94848,3406,144,3550,23.65277777777778
94862,3807,116,3923,32.81896551724138
94864,2635,217,2852,12.142857142857142
94887,3724,304,4028,12.25
94910,3659,141,3800,25.95035460992908
94911,2815,242,3057,11.632231404958675
94916,3415,214,3629,15.957943925233645
94921,3509,211,3720,16.630331753554504
94923,3595,113,3708,31.8141592920354
94924,1353,204,1557,6.632352941176471
94932,3028,150,3178,20.186666666666667
94940,273,3334,3607,0.0818836232753449
94955,3883,62,3945,62.62903225806452
94957,3276,46,3322,71.21739130434783
94975,2028,194,2222,10.45360824742268
94976,3862,190,4052,20.32631578947369
94979,2622,578,3200,4.536332179930795
95001,2695,129,2824,20.89147286821705
95007,2020,112,2132,18.035714285714285
95014,3427,96,3523,35.697916666666664
95019,2764,123,2887,22.471544715447155
95020,2721,185,2906,14.708108108108108
95028,2637,133,2770,19.827067669172934
95035,2266,351,2617,6.455840455840455
95046,2006,77,2083,26.05194805194805
95063,463,254,717,1.8228346456692917
95086,2073,218,2291,9.509174311926603
95103,2848,37,2885,76.97297297297297
95109,3491,145,3636,24.07586206896552
95113,3257,65,3322,50.10769230769231
95116,3819,194,4013,19.68556701030928
95127,2333,155,2488,15.051612903225806
95130,3014,177,3191,17.028248587570623
95150,2021,138,2159,14.644927536231885
95154,1882,1024,2906,1.837890625
95157,3287,212,3499,15.504716981132075
95161,937,75,1012,12.493333333333334
95168,3352,125,3477,26.816
95169,2779,217,2996,12.806451612903226
95181,2127,206,2333,10.3252427184466
95208,1844,69,1913,26.72463768115942
95210,2172,387,2559,5.612403100775194
95216,779,141,920,5.524822695035461
95218,2097,176,2273,11.914772727272728
95221,2430,103,2533,23.59223300970874
95226,2310,242,2552,9.545454545454543
95229,1725,103,1828,16.74757281553398
95241,3358,271,3629,12.391143911439114
95263,2490,338,2828,7.366863905325443
95266,2422,86,2508,28.162790697674417
95276,1265,182,1447,6.950549450549451
95277,2223,162,2385,13.72222222222222
95283,2336,155,2491,15.070967741935483
95289,3619,306,3925,11.826797385620916
95294,3038,118,3156,25.74576271186441
95295,1910,162,2072,11.790123456790123
95302,3176,179,3355,17.743016759776538
95311,3171,125,3296,25.368
95317,2056,99,2155,20.767676767676768
95325,3215,220,3435,14.613636363636363
95328,2817,176,2993,16.005681818181817
95329,1598,138,1736,11.579710144927535
95333,1796,162,1958,11.08641975308642
95335,2902,223,3125,13.013452914798206
95340,3368,191,3559,17.63350785340314
95346,3800,184,3984,20.65217391304348
95349,3369,141,3510,23.8936170212766
95351,2352,200,2552,11.76
95361,229,894,1123,0.256152125279642
95363,2978,143,3121,20.825174825174827
95365,2213,276,2489,8.018115942028986
95379,2257,154,2411,14.655844155844155
95396,800,81,881,9.876543209876544
95423,2170,301,2471,7.209302325581396
95431,910,105,1015,8.666666666666666
95442,2216,238,2454,9.3109243697479
95450,3697,182,3879,20.31318681318681
95463,3507,186,3693,18.85483870967742
95471,3777,115,3892,32.84347826086957
95492,2514,113,2627,22.24778761061947
95494,3692,145,3837,25.46206896551724
95519,673,293,966,2.2969283276450514
95524,3438,344,3782,9.994186046511627
95529,3044,163,3207,18.67484662576687
95566,3247,265,3512,12.252830188679246
95575,3286,275,3561,11.94909090909091
95592,2414,131,2545,18.427480916030536
95594,2516,134,2650,18.776119402985078
95610,1603,191,1794,8.392670157068062
95636,1546,51,1597,30.31372549019608
95642,1717,231,1948,7.432900432900433
95643,2336,233,2569,10.025751072961372
95650,3276,94,3370,34.85106382978724
95659,3420,376,3796,9.095744680851064
95663,1654,162,1816,10.209876543209877
95668,3393,188,3581,18.04787234042553
95672,3558,185,3743,19.232432432432432
95677,3695,128,3823,28.8671875
95680,3404,86,3490,39.58139534883721
95688,3675,250,3925,14.7
95692,3127,69,3196,45.31884057971015
95696,1171,254,1425,4.610236220472441
95701,3673,119,3792,30.865546218487395
95721,3584,258,3842,13.891472868217054
95726,267,3441,3708,0.077593722755013
95755,3199,295,3494,10.844067796610169
95757,808,110,918,7.345454545454546
95763,3361,161,3522,20.875776397515526
95784,3144,274,3418,11.474452554744524
95788,1837,59,1896,31.135593220338983
95800,3397,99,3496,34.313131313131315
95808,2360,362,2722,6.519337016574585
95822,3549,184,3733,19.28804347826087
95830,3472,181,3653,19.18232044198895
95832,881,171,1052,5.152046783625731
95841,2029,190,2219,10.678947368421053
95844,1173,162,1335,7.24074074074074
95847,20,3350,3370,0.0059701492537313
95855,3100,177,3277,17.51412429378531
95862,1724,126,1850,13.682539682539682
95863,2505,130,2635,19.26923076923077
95865,3604,93,3697,38.75268817204301
95869,2308,198,2506,11.656565656565656
95882,3026,255,3281,11.866666666666667
95883,2862,81,2943,35.333333333333336
95886,1413,294,1707,4.806122448979592
95887,190,2857,3047,0.0665033251662583
95893,2837,129,2966,21.992248062015506
95894,3375,75,3450,45.0
95899,1267,254,1521,4.988188976377953
95906,2783,418,3201,6.657894736842105
95908,3284,131,3415,25.06870229007633
95909,3216,110,3326,29.23636363636364
95924,3893,146,4039,26.664383561643834
95928,3349,181,3530,18.502762430939228
95929,3004,157,3161,19.13375796178344
95937,1888,499,2387,3.783567134268537
95960,3233,153,3386,21.13071895424837
95972,2818,116,2934,24.29310344827586
95973,3952,131,4083,30.16793893129771
95977,3258,83,3341,39.25301204819277
95995,1945,87,2032,22.35632183908046
96002,3247,159,3406,20.42138364779874
96024,1633,122,1755,13.385245901639344
96029,1297,169,1466,7.674556213017752
96044,3750,138,3888,27.17391304347826
96046,3905,132,4037,29.58333333333333
96050,2547,364,2911,6.997252747252747
96052,2686,171,2857,15.707602339181287
96053,3500,269,3769,13.011152416356875
96072,3760,92,3852,40.869565217391305
96080,2605,600,3205,4.341666666666667
96081,3246,384,3630,8.453125
96096,1062,294,1356,3.612244897959184
96099,2756,47,2803,58.63829787234042
96109,1506,177,1683,8.508474576271187
96112,3324,77,3401,43.16883116883117
96117,3033,159,3192,19.07547169811321
96119,2382,424,2806,5.617924528301887
96121,2586,122,2708,21.19672131147541
96122,1926,281,2207,6.854092526690391
96138,1674,211,1885,7.9336492890995265
96141,2605,768,3373,3.391927083333333
96146,2805,335,3140,8.373134328358208
96154,2442,115,2557,21.234782608695653
96155,3265,113,3378,28.893805309734518
96158,3390,273,3663,12.417582417582418
96166,3758,305,4063,12.321311475409836
96184,2724,150,2874,18.16
96186,3599,93,3692,38.69892473118279
96193,2487,77,2564,32.298701298701296
96198,2218,177,2395,12.531073446327683
96201,2814,213,3027,13.211267605633802
96202,1609,300,1909,5.363333333333333
96205,2298,55,2353,41.78181818181818
96212,2852,162,3014,17.604938271604937
96218,3070,83,3153,36.98795180722892
96221,1819,154,1973,11.811688311688313
96224,1170,201,1371,5.82089552238806
96232,2288,197,2485,11.614213197969542
96239,3466,269,3735,12.884758364312267
96240,3820,65,3885,58.76923076923077
96250,2115,123,2238,17.195121951219512
96261,2846,270,3116,10.54074074074074
96262,3056,200,3256,15.28
96264,3170,297,3467,10.673400673400671
96266,2476,122,2598,20.295081967213115
96275,3799,71,3870,53.50704225352113
96282,1784,253,2037,7.051383399209486
96291,1880,112,1992,16.785714285714285
96294,3795,119,3914,31.89075630252101
96296,3762,114,3876,33.0
96301,2172,66,2238,32.90909090909091
96306,2897,148,3045,19.574324324324323
96307,2924,233,3157,12.549356223175966
96312,3713,218,3931,17.03211009174312
96314,3589,149,3738,24.08724832214765
96318,3487,163,3650,21.392638036809817
96319,1816,37,1853,49.08108108108108
96328,3323,338,3661,9.831360946745562
96329,3919,81,4000,48.38271604938272
96346,1635,411,2046,3.978102189781022
96351,3304,93,3397,35.526881720430104
96354,2919,506,3425,5.7687747035573125
96372,2058,68,2126,30.264705882352946
96374,1580,333,1913,4.744744744744745
96391,3248,159,3407,20.42767295597484
96407,2177,139,2316,15.661870503597122
96411,1641,222,1863,7.391891891891892
96413,3229,128,3357,25.2265625
96444,2633,491,3124,5.362525458248473
96446,1352,80,1432,16.9
96447,3868,102,3970,37.92156862745098
96455,1820,70,1890,26.0
96457,3689,112,3801,32.9375
96463,2790,89,2879,31.34831460674157
96467,3741,187,3928,20.005347593582886
96477,3560,167,3727,21.31736526946108
96482,38,1102,1140,0.0344827586206896
96483,2879,174,3053,16.54597701149425
96490,2098,209,2307,10.038277511961722
96493,3648,148,3796,24.64864864864865
96497,2926,166,3092,17.626506024096386
96499,3864,116,3980,33.310344827586206
96500,320,64,384,5.0
96504,2678,228,2906,11.74561403508772
96532,3203,257,3460,12.463035019455251
96535,3500,247,3747,14.17004048582996
96541,1780,22,1802,80.9090909090909
96551,2386,181,2567,13.182320441988953
96571,1824,245,2069,7.444897959183673
96574,1988,137,2125,14.510948905109489
96582,2504,74,2578,33.83783783783784
96583,1934,193,2127,10.020725388601036
96586,2170,242,2412,8.96694214876033
96587,2574,117,2691,22.0
96592,564,1802,2366,0.3129855715871254
96605,2442,121,2563,20.181818181818183
96609,3341,136,3477,24.56617647058824
96638,3021,150,3171,20.14
96640,2817,146,2963,19.294520547945204
96641,1206,154,1360,7.831168831168831
96644,3094,202,3296,15.316831683168315
96648,505,2559,3064,0.1973427119968737
96654,3190,74,3264,43.108108108108105
96665,2727,313,3040,8.712460063897764
96672,2250,101,2351,22.27722772277228
96676,3145,205,3350,15.341463414634148
96679,3065,214,3279,14.322429906542055
96682,3590,213,3803,16.854460093896712
96688,1910,284,2194,6.725352112676056
96696,783,218,1001,3.591743119266055
96725,2639,373,3012,7.075067024128686
96729,3098,354,3452,8.751412429378531
96730,3686,98,3784,37.61224489795919
96737,2986,318,3304,9.38993710691824
96746,3649,344,3993,10.607558139534884
96753,1486,39,1525,38.1025641025641
96760,3618,239,3857,15.138075313807532
96762,2802,108,2910,25.944444444444443
96769,538,234,772,2.299145299145299
96777,2018,257,2275,7.852140077821011
96780,3075,199,3274,15.452261306532664
96781,2575,318,2893,8.09748427672956
96798,1987,35,2022,56.77142857142857
96809,732,196,928,3.73469387755102
96810,3497,186,3683,18.801075268817204
96813,2473,239,2712,10.347280334728032
96819,102,3843,3945,0.0265417642466822
96821,2830,193,3023,14.66321243523316
96831,3188,75,3263,42.50666666666667
96837,2560,144,2704,17.77777777777778
96847,3048,145,3193,21.02068965517241
96849,1395,228,1623,6.118421052631579
96852,3225,149,3374,21.644295302013425
96866,1991,183,2174,10.879781420765028
96873,2607,421,3028,6.192399049881235
96875,1934,135,2069,14.325925925925926
96876,2568,42,2610,61.142857142857146
96878,3516,200,3716,17.58
96887,2255,224,2479,10.066964285714286
96892,1946,188,2134,10.351063829787234
96903,1171,343,1514,3.41399416909621
96910,3599,230,3829,15.647826086956522
96914,3126,129,3255,24.232558139534884
96921,1480,94,1574,15.74468085106383
96927,3532,103,3635,34.29126213592233
96931,2254,213,2467,10.582159624413146
96932,3393,167,3560,20.31736526946108
96937,599,232,831,2.581896551724138
96938,2276,236,2512,9.64406779661017
96941,2137,104,2241,20.548076923076923
96944,2048,220,2268,9.309090909090909
96951,3161,178,3339,17.758426966292134
96954,1464,57,1521,25.68421052631579
96958,1169,267,1436,4.378277153558052
96967,2363,119,2482,19.857142857142858
96968,2808,88,2896,31.90909090909091
96978,1584,183,1767,8.655737704918034
96981,3296,134,3430,24.59701492537313
96982,3814,125,3939,30.512
96987,2812,113,2925,24.884955752212388
97020,2234,483,2717,4.625258799171843
97027,2822,201,3023,14.039800995024876
97041,2133,145,2278,14.710344827586209
97045,1378,207,1585,6.657004830917875
97048,1995,234,2229,8.525641025641026
97055,2549,127,2676,20.070866141732285
97058,3350,109,3459,30.73394495412844
97061,2845,155,3000,18.35483870967742
97072,2801,295,3096,9.494915254237288
97078,1782,380,2162,4.689473684210526
97098,4023,29,4052,138.72413793103448
97102,3590,85,3675,42.23529411764706
97117,3512,227,3739,15.47136563876652
97121,925,2516,3441,0.3676470588235294
97128,2892,235,3127,12.306382978723404
97133,3147,73,3220,43.10958904109589
97134,3638,136,3774,26.75
97143,2824,254,3078,11.118110236220472
97145,3852,73,3925,52.76712328767123
97146,2813,132,2945,21.310606060606062
97159,1156,191,1347,6.052356020942408
97165,2875,166,3041,17.319277108433734
97178,3526,131,3657,26.916030534351144
97181,2280,124,2404,18.387096774193548
97189,2798,136,2934,20.573529411764707
97192,209,2998,3207,0.0697131420947298
97204,2565,89,2654,28.820224719101123
97211,3809,174,3983,21.89080459770115
97225,3664,336,4000,10.904761904761903
97226,955,2326,3281,0.4105760963026655
97234,3736,138,3874,27.07246376811594
97236,2571,176,2747,14.607954545454543
97238,2681,229,2910,11.707423580786026
97250,2500,150,2650,16.666666666666668
97252,1428,122,1550,11.704918032786884
97253,3460,113,3573,30.61946902654867
97255,3117,181,3298,17.22099447513812
97258,2406,118,2524,20.389830508474574
97266,3143,142,3285,22.133802816901408
97267,1574,205,1779,7.678048780487805
97268,2024,133,2157,15.218045112781954
97282,1250,115,1365,10.869565217391305
97285,3489,256,3745,13.62890625
97286,2279,228,2507,9.99561403508772
97292,1558,117,1675,13.316239316239315
97295,3630,172,3802,21.1046511627907
97302,3326,149,3475,22.322147651006716
97307,2604,352,2956,7.397727272727272
97310,3863,127,3990,30.41732283464567
97313,2710,242,2952,11.198347107438016
97320,1706,196,1902,8.704081632653061
97324,2071,405,2476,5.11358024691358
97364,465,2258,2723,0.2059344552701505
97365,3727,207,3934,18.004830917874397
97391,3202,404,3606,7.925742574257426
97397,3124,199,3323,15.698492462311558
97404,3659,155,3814,23.606451612903225
97425,3171,262,3433,12.103053435114504
97426,2540,136,2676,18.676470588235293
97428,1211,344,1555,3.520348837209302
97430,2148,206,2354,10.427184466019416
97454,2367,132,2499,17.931818181818183
97460,2802,178,2980,15.741573033707866
97461,3065,503,3568,6.093439363817097
97463,2633,150,2783,17.553333333333335
97482,2749,107,2856,25.69158878504673
97483,3205,128,3333,25.0390625
97486,2635,455,3090,5.791208791208791
97498,1669,250,1919,6.676
97506,3591,160,3751,22.44375
97511,1596,53,1649,30.11320754716981
97513,1501,150,1651,10.006666666666666
97521,3709,137,3846,27.072992700729927
97552,2790,228,3018,12.236842105263158
97598,1510,136,1646,11.102941176470589
97599,2711,176,2887,15.403409090909092
97603,3266,127,3393,25.716535433070867
97616,967,242,1209,3.9958677685950414
97618,3180,137,3317,23.21167883211679
97634,2985,63,3048,47.38095238095238
97637,184,1777,1961,0.1035453010692177
97641,1664,111,1775,14.99099099099099
97652,929,126,1055,7.373015873015873
97654,2872,124,2996,23.161290322580644
97656,2336,264,2600,8.848484848484848
97662,3386,179,3565,18.91620111731844
97664,3223,140,3363,23.02142857142857
97668,3442,141,3583,24.411347517730498
97679,1842,204,2046,9.029411764705882
97688,3598,299,3897,12.033444816053512
97697,2630,135,2765,19.48148148148148
97700,2550,226,2776,11.283185840707963
97703,3088,182,3270,16.967032967032967
97707,172,1945,2117,0.0884318766066838
97708,2328,83,2411,28.048192771084334
97710,2432,190,2622,12.8
97715,2657,207,2864,12.83574879227053
97734,3745,201,3946,18.6318407960199
97741,3318,127,3445,26.125984251968504
97743,1861,156,2017,11.92948717948718
97745,1192,238,1430,5.008403361344538
97746,981,81,1062,12.11111111111111
97748,2742,40,2782,68.55
97753,3674,299,3973,12.2876254180602
97756,3530,333,3863,10.6006006006006
97759,628,242,870,2.5950413223140494
97760,1851,314,2165,5.894904458598727
97775,2892,177,3069,16.338983050847457
97778,2121,262,2383,8.095419847328245
97780,2609,222,2831,11.752252252252251
97790,2626,231,2857,11.367965367965368
97801,2874,208,3082,13.817307692307692
97806,1965,120,2085,16.375
97807,3450,372,3822,9.274193548387096
97825,3986,64,4050,62.28125
97836,2833,143,2976,19.81118881118881
97842,3612,192,3804,18.8125
97845,1629,81,1710,20.11111111111111
97850,3750,190,3940,19.73684210526316
97860,3838,152,3990,25.25
97864,3178,312,3490,10.185897435897436
97865,3460,168,3628,20.59523809523809
97884,3796,222,4018,17.0990990990991
97886,3771,134,3905,28.14179104477612
97887,3483,78,3561,44.65384615384615
97889,3249,758,4007,4.286279683377309
97921,2207,195,2402,11.31794871794872
97927,3846,156,4002,24.653846153846157
97928,3548,253,3801,14.023715415019764
97937,2666,136,2802,19.602941176470587
97939,2979,105,3084,28.37142857142857
97942,2422,274,2696,8.83941605839416
97946,2580,214,2794,12.05607476635514
97953,3103,188,3291,16.50531914893617
97954,1894,187,2081,10.128342245989304
97957,3349,137,3486,24.445255474452555
97958,2838,186,3024,15.258064516129032
97962,3860,106,3966,36.41509433962264
97963,1766,135,1901,13.08148148148148
97968,2046,212,2258,9.650943396226417
97992,2678,103,2781,26.0
98012,2694,173,2867,15.572254335260116
98018,3857,148,4005,26.06081081081081
98028,3193,170,3363,18.78235294117647
98045,3466,366,3832,9.469945355191255
98052,77,3506,3583,0.0219623502567027
98072,3254,259,3513,12.563706563706564
98079,2964,95,3059,31.2
98097,3354,104,3458,32.25
98107,1331,116,1447,11.474137931034482
98116,1339,166,1505,8.066265060240964
98119,2576,250,2826,10.304
98122,2897,254,3151,11.405511811023622
98124,2434,196,2630,12.418367346938776
98125,3425,323,3748,10.60371517027864
98131,2179,184,2363,11.842391304347826
98132,3204,47,3251,68.17021276595744
98134,1808,95,1903,19.03157894736842
98144,3493,183,3676,19.08743169398907
98146,2805,82,2887,34.207317073170735
98157,806,280,1086,2.878571428571429
98159,2422,149,2571,16.25503355704698
98160,1723,76,1799,22.67105263157895
98174,919,125,1044,7.352
98192,3225,81,3306,39.81481481481482
98199,3286,91,3377,36.10989010989011
98205,1582,409,1991,3.867970660146699
98211,2046,123,2169,16.634146341463413
98218,3510,116,3626,30.25862068965517
98230,3525,179,3704,19.6927374301676
98238,107,2401,2508,0.0445647646813827
98252,2061,298,2359,6.916107382550336
98253,3570,155,3725,23.032258064516128
98254,3690,172,3862,21.453488372093023
98261,2292,294,2586,7.795918367346939
98268,3700,369,4069,10.02710027100271
98269,3378,273,3651,12.373626373626374
98273,1273,251,1524,5.071713147410359
98276,3220,168,3388,19.166666666666668
98281,1216,231,1447,5.264069264069264
98288,3785,218,4003,17.362385321100916
98319,2668,215,2883,12.409302325581397
98329,3286,139,3425,23.640287769784173
98334,2862,53,2915,54.0
98344,1167,211,1378,5.530805687203792
98352,2494,132,2626,18.893939393939394
98354,3069,174,3243,17.637931034482758
98355,1785,230,2015,7.760869565217392
98359,3729,123,3852,30.317073170731707
98368,1019,224,1243,4.549107142857143
98373,3132,180,3312,17.4
98384,3543,50,3593,70.86
98386,1385,277,1662,5.0
98402,3258,316,3574,10.310126582278482
98407,3765,162,3927,23.24074074074074
98415,3316,160,3476,20.725
98418,3346,151,3497,22.158940397350992
98419,3200,173,3373,18.4971098265896
98431,3109,96,3205,32.385416666666664
98439,3786,180,3966,21.03333333333333
98442,3499,294,3793,11.901360544217686
98444,3242,258,3500,12.565891472868216
98448,2376,280,2656,8.485714285714286
98452,3719,121,3840,30.73553719008265
98454,2698,149,2847,18.10738255033557
98457,570,235,805,2.425531914893617
98466,2866,227,3093,12.625550660792952
98473,2032,129,2161,15.751937984496124
98475,2821,712,3533,3.962078651685393
98477,2450,365,2815,6.712328767123288
98486,2517,133,2650,18.924812030075188
98491,2503,124,2627,20.18548387096774
98504,3506,399,3905,8.786967418546366
98508,3190,230,3420,13.869565217391305
98535,2373,297,2670,7.98989898989899
98538,1569,185,1754,8.481081081081081
98539,2921,201,3122,14.532338308457712
98541,3730,71,3801,52.53521126760563
98557,3168,257,3425,12.326848249027238
98559,2481,127,2608,19.53543307086614
98566,2738,116,2854,23.603448275862068
98571,2591,192,2783,13.494791666666666
98579,2970,404,3374,7.351485148514851
98584,2178,157,2335,13.872611464968152
98600,1935,102,2037,18.97058823529412
98601,2144,72,2216,29.77777777777778
98603,3013,314,3327,9.595541401273886
98618,2852,125,2977,22.816
98619,2302,110,2412,20.92727272727273
98633,3800,252,4052,15.07936507936508
98636,2668,181,2849,14.740331491712707
98638,1075,121,1196,8.884297520661157
98643,1571,229,1800,6.860262008733624
98645,3844,165,4009,23.296969696969697
98652,770,2399,3169,0.3209670696123384
98663,2561,406,2967,6.307881773399015
98666,3351,231,3582,14.506493506493506
98674,2929,132,3061,22.189393939393938
98677,1783,92,1875,19.380434782608692
98680,3422,130,3552,26.32307692307692
98688,3168,207,3375,15.304347826086955
98689,3458,458,3916,7.550218340611353
98697,1320,215,1535,6.1395348837209305
98701,3453,171,3624,20.19298245614035
98702,1726,115,1841,15.008695652173913
98709,3766,127,3893,29.65354330708661
98722,3373,63,3436,53.53968253968254
98725,3141,53,3194,59.264150943396224
98726,2959,101,3060,29.297029702970296
98727,1920,209,2129,9.186602870813395
98737,2275,231,2506,9.848484848484848
98742,3229,112,3341,28.830357142857142
98752,2814,195,3009,14.430769230769233
98753,1295,117,1412,11.068376068376068
98765,1289,160,1449,8.05625
98781,3481,244,3725,14.26639344262295
98784,129,3239,3368,0.0398271071318308
98794,385,2131,2516,0.1806663538244955
98797,1965,537,2502,3.659217877094972
98803,3324,238,3562,13.966386554621849
98812,2549,120,2669,21.241666666666667
98825,1584,108,1692,14.666666666666666
98826,3550,232,3782,15.301724137931034
98828,3391,264,3655,12.844696969696969
98830,2749,78,2827,35.243589743589745
98837,2816,272,3088,10.352941176470589
98856,1378,217,1595,6.350230414746544
98861,2642,76,2718,34.76315789473684
98867,3490,267,3757,13.071161048689138
98874,1354,127,1481,10.661417322834646
98896,3646,169,3815,21.57396449704142
98902,3449,147,3596,23.462585034013607
98912,1596,206,1802,7.747572815533981
98914,3028,305,3333,9.927868852459016
98928,3290,122,3412,26.9672131147541
98940,3459,226,3685,15.305309734513274
98945,2156,1009,3165,2.136769078295342
98949,1783,131,1914,13.610687022900764
98957,2244,57,2301,39.36842105263158
98988,2197,200,2397,10.985
98991,463,2985,3448,0.155108877721943
99004,3031,155,3186,19.55483870967742
99006,1418,162,1580,8.753086419753087
99009,3769,202,3971,18.65841584158416
99012,2094,140,2234,14.957142857142856
99014,2836,141,2977,20.113475177304963
99016,2282,92,2374,24.80434782608696
99018,3776,221,3997,17.085972850678733
99019,3138,301,3439,10.425249169435215
99020,2677,137,2814,19.54014598540146
99026,2949,166,3115,17.765060240963855
99041,2838,150,2988,18.92
99044,3026,99,3125,30.565656565656564
99047,416,3500,3916,0.1188571428571428
99052,3051,92,3143,33.16304347826087
99053,2540,84,2624,30.23809523809524
99060,412,183,595,2.251366120218579
99064,3731,317,4048,11.769716088328076
99076,1875,347,2222,5.403458213256484
99091,3447,140,3587,24.62142857142857
99097,3225,106,3331,30.42452830188679
99101,2632,113,2745,23.292035398230087
99102,2979,227,3206,13.123348017621144
99108,2626,171,2797,15.35672514619883
99115,2120,174,2294,12.183908045977011
99131,2272,143,2415,15.888111888111888
99139,2273,266,2539,8.545112781954888
99141,2449,168,2617,14.577380952380953
99142,3137,96,3233,32.677083333333336
99143,3345,285,3630,11.736842105263158
99144,3300,54,3354,61.11111111111112
99146,2421,248,2669,9.762096774193548
99148,2068,316,2384,6.544303797468355
99153,3280,310,3590,10.580645161290322
99163,3625,136,3761,26.654411764705884
99166,3159,199,3358,15.874371859296485
99174,2467,128,2595,19.2734375
99178,2375,164,2539,14.481707317073171
99180,3170,269,3439,11.784386617100372
99205,2955,101,3056,29.257425742574256
99207,110,3783,3893,0.0290774517578641
99211,2750,267,3017,10.299625468164797
99221,3542,182,3724,19.46153846153846
99223,1985,545,2530,3.6422018348623855
99226,3498,142,3640,24.633802816901408
99250,2951,203,3154,14.536945812807884
99261,2352,314,2666,7.490445859872612
99265,591,1249,1840,0.4731785428342674
99279,3742,88,3830,42.52272727272727
99281,3633,168,3801,21.625
99286,3787,139,3926,27.244604316546763
99287,1458,137,1595,10.642335766423358
99305,2800,133,2933,21.05263157894737
99321,3039,151,3190,20.125827814569536
99332,2119,270,2389,7.848148148148148
99333,140,77,217,1.818181818181818
99335,2808,484,3292,5.801652892561983
99342,1920,184,2104,10.434782608695652
99343,2591,67,2658,38.67164179104478
99346,1855,117,1972,15.854700854700855
99351,3402,144,3546,23.625
99355,2508,150,2658,16.72
99363,3957,122,4079,32.4344262295082
99384,3575,155,3730,23.06451612903226
99386,2344,65,2409,36.06153846153846
99390,1778,42,1820,42.333333333333336
99394,2528,94,2622,26.8936170212766
99400,3128,191,3319,16.376963350785342
99401,21,1992,2013,0.0105421686746987
99403,3169,168,3337,18.86309523809524
99407,2713,71,2784,38.2112676056338
99408,1800,58,1858,31.03448275862069
99428,2179,157,2336,13.878980891719744
99431,3368,113,3481,29.805309734513276
99439,3598,166,3764,21.674698795180724
99440,2768,215,2983,12.874418604651163
99443,898,1651,2549,0.5439127801332526
99445,1916,135,2051,14.192592592592591
99451,2955,155,3110,19.06451612903226
99458,2012,265,2277,7.592452830188679
99465,3836,214,4050,17.925233644859812
99468,2900,228,3128,12.719298245614034
99472,3494,374,3868,9.342245989304812
99473,2737,176,2913,15.551136363636363
99477,2652,709,3361,3.7404795486600846
99480,2968,119,3087,24.94117647058824
99481,2529,309,2838,8.184466019417476
99486,3515,104,3619,33.79807692307692
99513,2684,321,3005,8.361370716510903
99515,3102,197,3299,15.746192893401016
99518,2951,182,3133,16.214285714285715
99520,3695,167,3862,22.12574850299401
99536,3423,40,3463,85.575
99544,2629,127,2756,20.700787401574804
99546,2653,136,2789,19.50735294117647
99555,3898,68,3966,57.3235294117647
99561,1806,446,2252,4.04932735426009
99562,2625,174,2799,15.086206896551724
99563,1390,143,1533,9.72027972027972
99565,2877,156,3033,18.442307692307693
99566,3895,97,3992,40.154639175257735
99568,1846,326,2172,5.662576687116564
99583,3333,94,3427,35.45744680851064
99596,194,2451,2645,0.0791513667890656
99606,3884,151,4035,25.72185430463576
99608,2587,352,2939,7.349431818181818
99610,1863,174,2037,10.70689655172414
99614,3083,50,3133,61.66
99634,1454,68,1522,21.38235294117647
99637,2966,100,3066,29.66
99640,2029,152,2181,13.348684210526317
99655,2498,166,2664,15.048192771084338
99662,2341,63,2404,37.15873015873016
99664,2162,333,2495,6.4924924924924925
99669,1935,176,2111,10.994318181818182
99671,1179,129,1308,9.13953488372093
99672,1491,157,1648,9.496815286624203
99692,3493,213,3706,16.399061032863848
99701,3593,183,3776,19.633879781420767
99702,2979,134,3113,22.23134328358209
99703,2200,31,2231,70.96774193548387
99708,2669,245,2914,10.893877551020408
99724,2360,91,2451,25.93406593406593
99727,3964,125,4089,31.712
99736,3292,153,3445,21.516339869281047
99743,1121,66,1187,16.984848484848484
99751,3234,281,3515,11.508896797153024
99755,3973,85,4058,46.74117647058824
99760,3330,117,3447,28.46153846153846
99762,947,156,1103,6.07051282051282
99771,1299,254,1553,5.1141732283464565
99778,75,3538,3613,0.0211984171848502
99780,3270,134,3404,24.402985074626866
99782,2603,85,2688,30.623529411764707
99783,3570,108,3678,33.05555555555556
99792,3339,169,3508,19.757396449704142
99795,3738,173,3911,21.60693641618497
99806,2823,177,3000,15.94915254237288
99808,2062,84,2146,24.547619047619047
99809,1147,177,1324,6.480225988700565
99822,3674,420,4094,8.747619047619047
99827,2132,105,2237,20.304761904761904
99832,2692,178,2870,15.123595505617978
99839,1358,199,1557,6.824120603015075
99840,2291,248,2539,9.237903225806452
99851,837,60,897,13.95
99855,2948,153,3101,19.26797385620915
99864,3265,189,3454,17.275132275132275
99866,2529,227,2756,11.140969162995594
99867,3585,251,3836,14.282868525896417
99881,2140,198,2338,10.808080808080808
99899,2945,301,3246,9.78405315614618
99900,2027,154,2181,13.162337662337665
99908,1934,84,2018,23.02380952380953
99909,3651,64,3715,57.046875
99914,1781,213,1994,8.36150234741784
99940,3214,439,3653,7.3211845102505695
99943,2486,49,2535,50.734693877551024
99949,1629,238,1867,6.84453781512605
99950,3593,206,3799,17.441747572815533
99961,2142,307,2449,6.977198697068404
99965,3800,248,4048,15.32258064516129
99972,3431,325,3756,10.556923076923075
99973,2998,253,3251,11.849802371541502
99976,2953,196,3149,15.066326530612244
99977,3379,221,3600,15.289592760180996
99989,2213,253,2466,8.74703557312253
99994,767,145,912,5.289655172413793
99997,3375,121,3496,27.89256198347108
100006,2942,108,3050,27.24074074074074
100010,3210,175,3385,18.34285714285714
100015,3226,182,3408,17.725274725274726
100016,3068,209,3277,14.679425837320574
100017,802,2813,3615,0.2851048702452897
100027,2076,146,2222,14.219178082191782
100033,2995,213,3208,14.061032863849766
100043,1657,134,1791,12.365671641791044
100062,3444,166,3610,20.746987951807228
100099,883,2617,3500,0.3374092472296522
100105,1495,200,1695,7.475
100112,2655,117,2772,22.692307692307693
100113,3573,102,3675,35.029411764705884
100123,2034,157,2191,12.955414012738853
100130,3862,139,4001,27.784172661870503
100144,3687,131,3818,28.14503816793893
100149,3215,93,3308,34.56989247311828
100150,2366,113,2479,20.938053097345133
100180,3691,94,3785,39.265957446808514
100181,3193,99,3292,32.25252525252525
100186,2853,93,2946,30.677419354838708
100193,3835,162,3997,23.67283950617284
100194,3152,64,3216,49.25
100195,1019,181,1200,5.629834254143646
100197,2051,203,2254,10.10344827586207
100200,1945,110,2055,17.681818181818183
100220,3218,253,3471,12.719367588932808
100247,3061,129,3190,23.72868217054264
100250,2616,177,2793,14.779661016949152
100260,2333,171,2504,13.64327485380117
100268,3931,28,3959,140.39285714285714
100271,3702,177,3879,20.91525423728813
100273,1850,217,2067,8.525345622119815
100296,1900,69,1969,27.536231884057973
100300,2134,102,2236,20.92156862745098
100301,3720,189,3909,19.682539682539684
100303,1629,321,1950,5.074766355140187
100316,1906,155,2061,12.296774193548387
100322,3420,292,3712,11.712328767123289
100344,2700,152,2852,17.763157894736842
100352,3796,132,3928,28.75757575757576
100382,3106,135,3241,23.00740740740741
100388,3024,353,3377,8.56657223796034
100395,3275,260,3535,12.596153846153848
100397,3782,182,3964,20.78021978021978
100402,3122,77,3199,40.54545454545455
100406,3946,139,4085,28.388489208633093
100420,3479,170,3649,20.46470588235294
100427,2608,73,2681,35.726027397260275
100434,499,149,648,3.348993288590604
100438,16,2577,2593,0.006208769887466
100442,3658,311,3969,11.762057877813504
100449,1451,96,1547,15.114583333333334
100453,3451,189,3640,18.25925925925926
100460,1986,107,2093,18.560747663551403
100464,1328,107,1435,12.411214953271028
100481,2634,125,2759,21.072
100482,3128,47,3175,66.55319148936171
100489,3789,66,3855,57.40909090909091
100523,2838,180,3018,15.766666666666667
100524,2878,227,3105,12.6784140969163
100531,3484,158,3642,22.050632911392405
100532,3630,207,3837,17.536231884057973
100534,3678,275,3953,13.374545454545457
100535,716,206,922,3.4757281553398056
100536,3159,90,3249,35.1
100547,3409,186,3595,18.327956989247312
100551,3627,160,3787,22.66875
100553,2464,165,2629,14.933333333333334
100557,2106,380,2486,5.542105263157895
100575,851,197,1048,4.319796954314721
100579,2550,153,2703,16.666666666666668
100580,3214,321,3535,10.01246105919003
100585,3826,192,4018,19.92708333333333
100598,3370,443,3813,7.607223476297968
100607,797,116,913,6.870689655172414
100621,2124,218,2342,9.743119266055048
100627,2275,170,2445,13.382352941176473
100629,3043,130,3173,23.407692307692308
100635,2209,347,2556,6.36599423631124
100639,2417,50,2467,48.34
100642,3448,251,3699,13.737051792828684
100647,2292,249,2541,9.204819277108436
100649,2938,157,3095,18.713375796178344
100650,1877,248,2125,7.568548387096774
100662,3747,114,3861,32.86842105263158
100693,2480,133,2613,18.646616541353385
100701,1894,271,2165,6.988929889298893
100705,1978,27,2005,73.25925925925925
100728,2556,160,2716,15.975
100748,2958,116,3074,25.5
100751,2197,142,2339,15.471830985915492
100761,171,2242,2413,0.0762711864406779
100766,2957,103,3060,28.70873786407767
100771,3532,526,4058,6.714828897338403
100798,3051,159,3210,19.18867924528302
100799,2464,406,2870,6.068965517241379
100813,1791,166,1957,10.789156626506024
100817,3627,165,3792,21.98181818181818
100824,2151,119,2270,18.07563025210084
100830,2094,155,2249,13.50967741935484
100838,1887,134,2021,14.082089552238806
100865,2365,251,2616,9.422310756972111
100871,2567,389,2956,6.598971722365039
100877,1954,190,2144,10.284210526315787
100886,2155,198,2353,10.883838383838384
100899,3355,134,3489,25.03731343283582
100903,3073,277,3350,11.093862815884476
100904,1656,78,1734,21.23076923076923
100911,3382,195,3577,17.343589743589742
100913,1698,167,1865,10.167664670658684
100915,2360,99,2459,23.83838383838384
100934,2303,114,2417,20.20175438596491
100939,2392,172,2564,13.906976744186046
100944,1538,95,1633,16.189473684210526
100945,3228,691,3919,4.671490593342981
100949,1590,231,1821,6.883116883116883
100954,1488,212,1700,7.018867924528302
100957,3521,168,3689,20.95833333333333
100963,3329,78,3407,42.67948717948718
100967,3489,85,3574,41.04705882352941
100969,2775,195,2970,14.23076923076923
100975,3324,122,3446,27.24590163934426
100991,3751,174,3925,21.557471264367816
100994,1838,79,1917,23.26582278481013
100997,3750,341,4091,10.997067448680353
101000,3044,111,3155,27.423423423423426
101006,3908,120,4028,32.56666666666667
101011,2157,225,2382,9.586666666666666
101013,3665,128,3793,28.6328125
101024,2748,136,2884,20.205882352941178
101027,3842,193,4035,19.906735751295336
101029,3855,212,4067,18.183962264150946
101036,345,2245,2590,0.153674832962138
101040,3201,137,3338,23.364963503649637
101060,2723,78,2801,34.91025641025641
101061,3882,138,4020,28.130434782608692
101063,3341,258,3599,12.949612403100776
101081,3704,281,3985,13.181494661921707
101084,2878,149,3027,19.315436241610737
101088,1568,122,1690,12.852459016393444
101089,3637,153,3790,23.77124183006536
101095,2103,137,2240,15.35036496350365
101097,3554,182,3736,19.52747252747253
101104,3163,279,3442,11.336917562724016
101107,3851,149,4000,25.845637583892614
101120,1391,122,1513,11.401639344262296
101127,3851,74,3925,52.04054054054054
101135,1284,83,1367,15.46987951807229
101138,2497,290,2787,8.610344827586207
101143,2398,413,2811,5.806295399515738
101146,3543,68,3611,52.10294117647059
101149,448,36,484,12.444444444444445
101159,3108,290,3398,10.717241379310344
101161,2759,339,3098,8.138643067846608
101166,3865,162,4027,23.858024691358025
101170,1,3625,3626,0.0002758620689655
101189,2864,244,3108,11.737704918032788
101205,2510,114,2624,22.017543859649123
101223,3070,105,3175,29.23809523809524
101242,1886,162,2048,11.641975308641976
101250,2775,271,3046,10.239852398523984
101252,2842,191,3033,14.87958115183246
101254,3631,396,4027,9.16919191919192
101259,3123,155,3278,20.148387096774197
101263,2985,287,3272,10.4006968641115
101271,3902,194,4096,20.11340206185567
101274,866,64,930,13.53125
101280,3322,175,3497,18.982857142857146
101290,3664,121,3785,30.28099173553719
101292,1747,173,1920,10.098265895953755
101294,2628,253,2881,10.387351778656129
101305,1596,229,1825,6.96943231441048
101306,3831,160,3991,23.94375
101308,2637,160,2797,16.48125
101330,3635,449,4084,8.09576837416481
101338,3667,283,3950,12.957597173144876
101341,2370,110,2480,21.545454545454547
101349,1802,116,1918,15.53448275862069
101350,2904,323,3227,8.990712074303406
101374,3471,38,3509,91.34210526315788
101378,1422,172,1594,8.267441860465116
101379,3161,226,3387,13.986725663716816
101382,1196,77,1273,15.532467532467532
101386,2845,62,2907,45.88709677419355
101391,3888,201,4089,19.34328358208955
101392,2125,221,2346,9.615384615384617
101408,2859,617,3476,4.633711507293355
101417,3285,151,3436,21.75496688741722
101433,985,91,1076,10.824175824175825
101439,3660,293,3953,12.491467576791807
101441,2093,56,2149,37.375
101444,3848,134,3982,28.71641791044776
101459,3510,84,3594,41.785714285714285
101484,2394,49,2443,48.85714285714285
101487,84,2058,2142,0.0408163265306122
101488,1568,156,1724,10.051282051282053
101496,1239,385,1624,3.2181818181818183
101501,2359,133,2492,17.736842105263158
101507,3000,101,3101,29.702970297029704
101527,2534,89,2623,28.471910112359552
101535,1863,110,1973,16.936363636363637
101542,3534,106,3640,33.33962264150944
101543,1180,66,1246,17.87878787878788
101551,2692,168,2860,16.023809523809526
101555,1942,202,2144,9.613861386138614
101558,2867,329,3196,8.714285714285714
101575,984,76,1060,12.947368421052632
101593,2492,219,2711,11.378995433789957
101614,215,232,447,0.9267241379310344
101630,2037,148,2185,13.763513513513514
101636,1984,105,2089,18.895238095238096
101637,3963,110,4073,36.027272727272724
101653,3188,109,3297,29.24770642201835
101657,1673,142,1815,11.78169014084507
101670,2792,165,2957,16.921212121212122
101673,2665,175,2840,15.228571428571428
101679,2576,189,2765,13.62962962962963
101694,2663,145,2808,18.36551724137931
101702,3526,117,3643,30.136752136752136
101704,916,265,1181,3.456603773584906
101717,2824,169,2993,16.71005917159763
101718,1794,153,1947,11.72549019607843
101726,3371,189,3560,17.835978835978835
101727,3726,62,3788,60.096774193548384
101742,3166,169,3335,18.733727810650887
101743,3733,98,3831,38.09183673469388
101758,3655,150,3805,24.366666666666667
101762,1835,120,1955,15.291666666666666
101790,3206,78,3284,41.1025641025641
101791,981,471,1452,2.082802547770701
101792,3717,85,3802,43.72941176470588
101798,1701,119,1820,14.294117647058824
101809,3695,105,3800,35.19047619047619
101810,2522,377,2899,6.689655172413793
101813,3771,200,3971,18.855
101817,499,2775,3274,0.1798198198198198
101828,1824,237,2061,7.69620253164557
101837,2368,206,2574,11.49514563106796
101839,1749,113,1862,15.47787610619469
101840,2362,160,2522,14.7625
101861,2915,118,3033,24.703389830508478
101865,2038,155,2193,13.148387096774194
101877,3735,256,3991,14.58984375
101903,2419,161,2580,15.024844720496894
101910,547,2210,2757,0.2475113122171945
101919,3392,82,3474,41.36585365853659
101921,2897,197,3094,14.705583756345176
101926,3204,126,3330,25.428571428571427
101929,2441,225,2666,10.848888888888888
101930,3547,113,3660,31.38938053097345
101932,911,79,990,11.531645569620252
101933,3860,219,4079,17.625570776255707
101948,1969,284,2253,6.933098591549296
101958,988,215,1203,4.595348837209302
101972,36,1031,1067,0.034917555771096
101973,3877,99,3976,39.16161616161616
101981,3284,259,3543,12.67953667953668
102016,3145,92,3237,34.18478260869565
102027,1814,144,1958,12.59722222222222
102032,3123,171,3294,18.26315789473684
102036,3781,233,4014,16.2274678111588
102040,2917,119,3036,24.51260504201681
102041,2189,182,2371,12.027472527472527
102047,3641,99,3740,36.77777777777778
102052,3252,318,3570,10.226415094339623
102054,3501,376,3877,9.311170212765957
102067,2957,112,3069,26.401785714285715
102070,2892,64,2956,45.1875
102087,1111,101,1212,11.0
102088,3129,211,3340,14.829383886255924
102101,3150,141,3291,22.34042553191489
102104,2380,335,2715,7.104477611940299
102112,998,168,1166,5.940476190476191
102115,2940,139,3079,21.151079136690647
102123,3159,396,3555,7.977272727272727
102125,3027,204,3231,14.838235294117649
102131,3449,107,3556,32.23364485981308
102135,3651,124,3775,29.443548387096776
102148,1361,72,1433,18.90277777777778
102153,3024,256,3280,11.8125
102155,1272,2288,3560,0.5559440559440559
102160,2805,218,3023,12.86697247706422
102183,745,220,965,3.386363636363636
102187,2942,225,3167,13.075555555555557
102189,3620,231,3851,15.670995670995673
102195,3333,206,3539,16.179611650485437
102209,1654,138,1792,11.985507246376812
102210,770,2800,3570,0.275
102219,984,143,1127,6.881118881118881
102223,3560,266,3826,13.38345864661654
102226,3424,190,3614,18.021052631578947
102252,2366,1111,3477,2.1296129612961296
102263,1919,116,2035,16.54310344827586
102272,3438,142,3580,24.211267605633804
102282,2359,31,2390,76.09677419354838
102290,3416,198,3614,17.252525252525253
102297,2799,234,3033,11.961538461538462
102304,3088,191,3279,16.167539267015705
102317,3402,151,3553,22.52980132450331
102342,3854,102,3956,37.78431372549019
102356,2918,46,2964,63.43478260869565
102376,3112,61,3173,51.01639344262295
102381,1719,156,1875,11.01923076923077
102389,3633,55,3688,66.05454545454545
102396,2867,183,3050,15.666666666666666
102404,2550,149,2699,17.114093959731544
102417,3604,156,3760,23.102564102564106
102428,3669,256,3925,14.33203125
102433,3479,254,3733,13.696850393700789
102459,2574,95,2669,27.094736842105263
102467,2989,102,3091,29.30392156862745
102476,1688,219,1907,7.707762557077626
102484,1861,139,2000,13.388489208633093
102486,3460,123,3583,28.130081300813007
102489,3483,500,3983,6.966
102490,1928,97,2025,19.87628865979381
102492,2815,43,2858,65.46511627906976
102493,3657,157,3814,23.29299363057325
102500,3849,158,4007,24.360759493670887
102508,3576,86,3662,41.58139534883721
102511,3076,55,3131,55.92727272727273
102512,2936,121,3057,24.264462809917354
102520,3767,169,3936,22.28994082840237
102527,2094,83,2177,25.228915662650603
102531,2198,168,2366,13.083333333333334
102532,2707,104,2811,26.028846153846157
102539,2761,125,2886,22.088
102544,1288,2334,3622,0.5518423307626392
102547,3707,226,3933,16.402654867256636
102558,3652,204,3856,17.901960784313726
102570,1,2357,2358,0.0004242681374628
102608,3640,219,3859,16.621004566210047
102637,2685,66,2751,40.68181818181818
102646,2841,90,2931,31.566666666666663
102653,3116,266,3382,11.714285714285714
102660,2857,87,2944,32.83908045977012
102677,612,114,726,5.368421052631579
102690,997,178,1175,5.601123595505618
102693,2548,107,2655,23.81308411214953
102695,2511,113,2624,22.221238938053094
102700,534,3480,4014,0.1534482758620689
102712,2245,417,2662,5.383693045563549
102721,2892,161,3053,17.96273291925466
102741,2776,135,2911,20.562962962962963
102746,2076,50,2126,41.52
102747,2258,191,2449,11.821989528795813
102754,1784,120,1904,14.866666666666667
102777,2963,116,3079,25.54310344827586
102786,2213,128,2341,17.2890625
102789,2078,135,2213,15.392592592592592
102790,1660,35,1695,47.42857142857143
102797,768,105,873,7.314285714285714
102808,2422,187,2609,12.95187165775401
102816,3877,152,4029,25.50657894736842
102823,1758,288,2046,6.104166666666667
102824,2277,62,2339,36.7258064516129
102835,2496,84,2580,29.714285714285715
102851,3873,64,3937,60.515625
102853,3464,135,3599,25.659259259259255
102860,2236,317,2553,7.053627760252366
102867,2776,147,2923,18.8843537414966
102878,3315,270,3585,12.27777777777778
102880,2890,79,2969,36.58227848101266
102882,2277,165,2442,13.8
102883,2259,195,2454,11.584615384615384
102884,2152,163,2315,13.202453987730062
102898,3156,188,3344,16.78723404255319
102912,3759,293,4052,12.829351535836178
102913,2149,99,2248,21.707070707070702
102924,3184,287,3471,11.094076655052264
102933,1856,231,2087,8.034632034632034
102953,1746,137,1883,12.744525547445257
102968,3091,220,3311,14.05
102987,2633,155,2788,16.98709677419355
102990,777,330,1107,2.3545454545454545
103006,3772,290,4062,13.006896551724138
103018,2597,175,2772,14.84
103030,1752,136,1888,12.882352941176473
103058,3185,139,3324,22.9136690647482
103063,2366,161,2527,14.695652173913045
103065,2882,199,3081,14.482412060301508
103084,2336,172,2508,13.581395348837209
103095,3142,65,3207,48.33846153846154
103106,1462,188,1650,7.776595744680851
103113,1248,93,1341,13.419354838709678
103127,2388,481,2869,4.964656964656965
103140,1979,137,2116,14.445255474452557
103149,3620,95,3715,38.10526315789474
103150,3436,218,3654,15.761467889908255
103156,843,285,1128,2.957894736842105
103159,2524,215,2739,11.73953488372093
103160,1973,227,2200,8.691629955947137
103165,813,57,870,14.263157894736842
103169,2051,237,2288,8.654008438818565
103172,3956,69,4025,57.333333333333336
103175,2773,239,3012,11.602510460251048
103184,2564,337,2901,7.6083086053412465
103185,3001,131,3132,22.908396946564885
103190,32,2855,2887,0.0112084063047285
103194,3688,83,3771,44.43373493975904
103196,2345,166,2511,14.126506024096386
103206,787,155,942,5.077419354838709
103218,3163,92,3255,34.380434782608695
103228,1342,40,1382,33.55
103233,3664,209,3873,17.5311004784689
103234,3684,144,3828,25.58333333333333
103241,1236,269,1505,4.594795539033457
103258,2315,111,2426,20.855855855855857
103264,3917,162,4079,24.179012345679013
103266,3665,259,3924,14.150579150579151
103274,1948,136,2084,14.323529411764708
103279,2985,296,3281,10.08445945945946
103282,2588,76,2664,34.05263157894737
103297,1363,72,1435,18.93055555555556
103311,3650,203,3853,17.980295566502463
103319,2009,71,2080,28.295774647887324
103324,19,1481,1500,0.012829169480081
103327,3618,244,3862,14.827868852459016
103329,3154,164,3318,19.23170731707317
103341,2172,135,2307,16.08888888888889
103359,3288,166,3454,19.80722891566265
103362,2813,198,3011,14.207070707070708
103377,3222,220,3442,14.645454545454545
103397,3167,195,3362,16.24102564102564
103398,3432,122,3554,28.131147540983605
103407,3778,247,4025,15.295546558704451
103435,2689,190,2879,14.152631578947368
103438,2875,100,2975,28.75
103442,3722,227,3949,16.39647577092511
103465,3492,160,3652,21.825
103468,3537,233,3770,15.180257510729614
103473,2353,196,2549,12.005102040816327
103495,2454,240,2694,10.225
103518,1703,97,1800,17.556701030927837
103519,3621,294,3915,12.316326530612244
103520,1965,201,2166,9.776119402985074
103529,3448,95,3543,36.29473684210527
103539,3229,60,3289,53.81666666666667
103541,3146,240,3386,13.108333333333333
103544,2543,123,2666,20.67479674796748
103556,1743,132,1875,13.204545454545457
103559,3572,200,3772,17.86
103560,2250,27,2277,83.33333333333333
103568,3760,231,3991,16.27705627705628
103574,789,2811,3600,0.2806830309498399
103585,3173,78,3251,40.67948717948718
103637,1967,137,2104,14.357664233576642
103645,3474,361,3835,9.623268698060942
103648,2871,194,3065,14.79896907216495
103663,1324,60,1384,22.066666666666663
103670,17,2130,2147,0.0079812206572769
103675,1423,226,1649,6.29646017699115
103682,3436,130,3566,26.43076923076923
103692,2579,231,2810,11.164502164502164
103712,3327,295,3622,11.277966101694917
103725,1890,588,2478,3.2142857142857144
103733,3931,73,4004,53.84931506849315
103735,2267,284,2551,7.982394366197183
103742,1119,257,1376,4.35408560311284
103757,2569,434,3003,5.919354838709677
103758,2847,104,2951,27.375
103769,1378,2054,3432,0.6708860759493671
103770,3022,159,3181,19.0062893081761
103771,3223,66,3289,48.833333333333336
103776,3730,222,3952,16.8018018018018
103778,3272,497,3769,6.583501006036217
103781,2964,612,3576,4.8431372549019605
103792,2577,107,2684,24.08411214953271
103799,3396,185,3581,18.35675675675676
103804,2250,187,2437,12.032085561497324
103805,697,114,811,6.114035087719298
103812,2877,125,3002,23.016
103824,2040,206,2246,9.902912621359222
103833,3436,146,3582,23.534246575342465
103836,2971,177,3148,16.785310734463277
103842,3220,129,3349,24.96124031007752
103859,2759,94,2853,29.351063829787236
103884,2760,101,2861,27.32673267326733
103885,1199,222,1421,5.400900900900901
103894,1746,215,1961,8.12093023255814
103895,3825,65,3890,58.84615384615385
103897,1511,47,1558,32.148936170212764
103904,2335,102,2437,22.892156862745097
103908,783,136,919,5.757352941176471
103911,3267,123,3390,26.5609756097561
103929,3043,140,3183,21.735714285714284
103930,3756,163,3919,23.042944785276077
103936,1957,84,2041,23.297619047619047
103945,3864,198,4062,19.51515151515152
103946,752,83,835,9.060240963855422
103964,2678,150,2828,17.85333333333333
103972,2152,78,2230,27.58974358974359
103977,2352,210,2562,11.2
103978,2742,441,3183,6.217687074829932
103996,2108,76,2184,27.73684210526316
104000,3772,89,3861,42.38202247191011
104005,3263,179,3442,18.22905027932961
104009,2729,76,2805,35.9078947368421
104030,3100,909,4009,3.41034103410341
104059,3253,278,3531,11.701438848920864
104079,1948,155,2103,12.567741935483872
104092,1489,481,1970,3.095634095634096
104093,1680,166,1846,10.120481927710845
104100,398,111,509,3.5855855855855854
104112,3627,183,3810,19.81967213114754
104120,3075,171,3246,17.982456140350877
104132,3667,208,3875,17.629807692307693
104147,1890,152,2042,12.43421052631579
104158,3383,120,3503,28.191666666666663
104179,3517,154,3671,22.837662337662337
104192,2139,129,2268,16.58139534883721
104207,3374,149,3523,22.644295302013425
104210,3518,205,3723,17.160975609756097
104226,3383,134,3517,25.246268656716417
104228,1832,221,2053,8.289592760180996
104245,2631,207,2838,12.710144927536232
104247,1951,239,2190,8.163179916317992
104251,2495,329,2824,7.583586626139818
104256,2987,83,3070,35.98795180722892
104258,242,2547,2789,0.0950137416568512
104265,3310,257,3567,12.879377431906615
104269,1957,150,2107,13.046666666666669
104285,3629,30,3659,120.96666666666668
104286,3600,160,3760,22.5
104288,2914,214,3128,13.61682242990654
104296,3620,155,3775,23.35483870967742
104299,2329,244,2573,9.545081967213116
104307,3529,137,3666,25.759124087591243
104311,1645,85,1730,19.352941176470587
104323,1242,164,1406,7.573170731707317
104327,1306,87,1393,15.011494252873565
104355,3125,226,3351,13.827433628318584
104357,2627,301,2928,8.727574750830565
104359,2779,366,3145,7.592896174863388
104365,3190,188,3378,16.96808510638298
104384,1858,301,2159,6.172757475083056
104387,2734,233,2967,11.733905579399142
104389,3074,112,3186,27.446428571428573
104397,848,433,1281,1.958429561200924
104401,2642,241,2883,10.962655601659751
104407,1383,49,1432,28.22448979591837
104414,1321,202,1523,6.53960396039604
104419,2523,259,2782,9.741312741312742
104420,2570,351,2921,7.321937321937322
104428,3598,93,3691,38.68817204301075
104445,2628,173,2801,15.190751445086706
104453,3932,126,4058,31.20634920634921
104470,3379,94,3473,35.9468085106383
104474,1789,1582,3371,1.1308470290771175
104475,2684,110,2794,24.4
104484,1070,210,1280,5.095238095238095
104495,3334,105,3439,31.752380952380957
104501,3347,99,3446,33.80808080808081
104506,1706,157,1863,10.86624203821656
104537,2661,273,2934,9.747252747252746
104541,3680,166,3846,22.16867469879518
104546,2275,100,2375,22.75
104547,2440,115,2555,21.217391304347824
104559,2055,111,2166,18.513513513513512
104565,3730,315,4045,11.841269841269842
104571,2640,195,2835,13.538461538461538
104573,1988,82,2070,24.24390243902439
104580,3783,131,3914,28.87786259541985
104585,2145,242,2387,8.863636363636363
104586,3769,122,3891,30.89344262295082
104613,1934,128,2062,15.109375
104618,3557,193,3750,18.430051813471504
104632,2897,89,2986,32.550561797752806
104635,2745,281,3026,9.768683274021353
104643,1818,59,1877,30.8135593220339
104646,3818,207,4025,18.444444444444443
104649,1690,189,1879,8.941798941798941
104655,3918,129,4047,30.37209302325581
104664,3305,164,3469,20.152439024390244
104668,1625,73,1698,22.26027397260274
104678,2726,272,2998,10.022058823529411
104680,3697,107,3804,34.55140186915888
104697,3211,758,3969,4.236147757255937
104726,1870,185,2055,10.108108108108109
104727,2536,193,2729,13.139896373056995
104734,2412,152,2564,15.86842105263158
104745,2023,229,2252,8.83406113537118
104755,1223,262,1485,4.6679389312977095
104773,2636,237,2873,11.122362869198312
104788,1385,182,1567,7.609890109890109
104798,3455,195,3650,17.71794871794872
104804,96,1222,1318,0.0785597381342062
104807,3424,169,3593,20.2603550295858
104827,1329,181,1510,7.342541436464089
104829,2079,352,2431,5.90625
104833,2152,125,2277,17.216
104834,2628,96,2724,27.375
104837,1906,94,2000,20.27659574468085
104838,3653,153,3806,23.875816993464053
104862,1685,404,2089,4.170792079207921
104867,3355,173,3528,19.393063583815028
104869,3470,130,3600,26.692307692307693
104871,3632,83,3715,43.75903614457831
104875,1322,77,1399,17.16883116883117
104894,2598,33,2631,78.72727272727273
104903,3634,372,4006,9.768817204301076
104907,3666,111,3777,33.027027027027025
104923,1774,77,1851,23.03896103896104
104925,3792,168,3960,22.571428571428573
104934,3804,122,3926,31.18032786885246
104936,3309,154,3463,21.48701298701299
104942,1884,188,2072,10.02127659574468
104950,3597,298,3895,12.07046979865772
104955,3088,198,3286,15.595959595959595
104968,2345,198,2543,11.843434343434344
104975,3007,158,3165,19.03164556962025
104977,3251,99,3350,32.83838383838384
104979,1638,173,1811,9.468208092485549
105001,3355,172,3527,19.50581395348837
105005,3108,178,3286,17.46067415730337
105006,639,182,821,3.510989010989011
105008,2894,159,3053,18.20125786163522
105010,2115,311,2426,6.80064308681672
105016,3339,143,3482,23.34965034965035
105025,3382,276,3658,12.253623188405795
105041,2547,50,2597,50.94
105047,3811,131,3942,29.091603053435115
105049,3395,349,3744,9.727793696275072
105052,1389,156,1545,8.903846153846153
105057,2207,305,2512,7.2360655737704915
105062,3798,144,3942,26.375
105063,4029,45,4074,89.53333333333333
105064,1059,146,1205,7.2534246575342465
105069,947,778,1725,1.2172236503856042
105075,3819,173,3992,22.07514450867052
105090,393,877,1270,0.4481185860889395
105097,2549,302,2851,8.440397350993377
105102,3272,130,3402,25.16923076923077
105107,2110,153,2263,13.790849673202615
105113,2173,154,2327,14.11038961038961
105117,1457,51,1508,28.568627450980397
105122,3829,119,3948,32.1764705882353
105132,3048,307,3355,9.928338762214985
105135,3288,210,3498,15.657142857142857
105157,2365,163,2528,14.50920245398773
105158,3000,159,3159,18.867924528301888
105176,2874,144,3018,19.95833333333333
105185,2277,266,2543,8.56015037593985
105195,2821,72,2893,39.18055555555556
105199,1223,220,1443,5.5590909090909095
105205,978,446,1424,2.192825112107623
105206,3124,99,3223,31.55555555555556
105209,2498,663,3161,3.7677224736048265
105214,2023,85,2108,23.8
105216,2734,157,2891,17.414012738853504
105228,2905,176,3081,16.505681818181817
105229,3882,180,4062,21.566666666666663
105252,2051,152,2203,13.49342105263158
105265,1922,126,2048,15.253968253968257
105271,3632,311,3943,11.678456591639872
105274,3772,276,4048,13.666666666666666
105275,2244,99,2343,22.666666666666668
105279,2990,427,3417,7.002341920374708
105289,2800,108,2908,25.925925925925927
105299,3388,136,3524,24.91176470588235
105305,2711,107,2818,25.33644859813084
105316,3651,57,3708,64.05263157894737
105322,3255,89,3344,36.57303370786517
105340,3893,127,4020,30.65354330708661
105347,762,111,873,6.864864864864865
105352,2860,315,3175,9.07936507936508
105364,1957,188,2145,10.409574468085106
105376,1481,276,1757,5.365942028985507
105383,602,174,776,3.4597701149425286
105389,61,2382,2443,0.0256087321578505
105392,1556,142,1698,10.95774647887324
105394,3108,185,3293,16.8
105396,2343,327,2670,7.165137614678899
105406,3765,146,3911,25.78767123287671
105415,3726,173,3899,21.53757225433526
105422,1106,319,1425,3.4670846394984327
105428,3024,54,3078,56.0
105441,3733,315,4048,11.850793650793651
105443,2569,296,2865,8.679054054054054
105457,2495,138,2633,18.07971014492753
105466,3689,183,3872,20.15846994535519
105469,761,647,1408,1.1761978361669243
105490,1549,292,1841,5.304794520547945
105497,3039,157,3196,19.356687898089174
105512,3473,251,3724,13.836653386454184
105513,3133,466,3599,6.723175965665236
105520,3608,49,3657,73.63265306122449
105537,2960,118,3078,25.084745762711865
105540,3554,194,3748,18.31958762886598
105560,2622,1187,3809,2.2089300758213986
105561,2039,172,2211,11.854651162790695
105566,1946,27,1973,72.07407407407408
105567,2777,243,3020,11.427983539094653
105570,394,2809,3203,0.1402634389462442
105573,2783,80,2863,34.7875
105574,935,126,1061,7.420634920634921
105580,3877,80,3957,48.4625
105589,3531,137,3668,25.773722627737225
105590,3303,211,3514,15.654028436018958
105603,1943,207,2150,9.38647342995169
105605,3582,225,3807,15.92
105611,2181,79,2260,27.60759493670886
105612,345,3374,3719,0.1022525192649674
105615,1890,76,1966,24.86842105263158
105631,3874,164,4038,23.621951219512194
105672,3221,85,3306,37.89411764705882
105675,1307,389,1696,3.359897172236504
105697,1412,84,1496,16.80952380952381
105710,2660,131,2791,20.30534351145038
105711,2958,150,3108,19.72
105712,1760,269,2029,6.5427509293680295
105717,1748,266,2014,6.571428571428571
105720,2399,196,2595,12.239795918367347
105726,3158,107,3265,29.514018691588785
105741,3813,146,3959,26.116438356164384
105756,2436,86,2522,28.32558139534884
105757,1876,214,2090,8.766355140186915
105772,2293,238,2531,9.634453781512605
105782,2712,40,2752,67.8
105783,2518,190,2708,13.25263157894737
105790,1957,62,2019,31.56451612903226
105793,3249,91,3340,35.7032967032967
105796,2965,260,3225,11.403846153846152
105810,3357,738,4095,4.548780487804878
105825,2576,217,2793,11.870967741935484
105828,3627,116,3743,31.267241379310345
105831,3314,183,3497,18.10928961748634
105837,3138,192,3330,16.34375
105850,2138,130,2268,16.446153846153845
105880,2601,159,2760,16.358490566037737
105887,1845,130,1975,14.192307692307692
105901,2296,95,2391,24.16842105263158
105902,858,37,895,23.18918918918919
105914,612,2897,3509,0.2112530203658957
105915,1142,284,1426,4.02112676056338
105917,3550,99,3649,35.85858585858586
105919,2739,84,2823,32.607142857142854
105922,3296,125,3421,26.368
105923,1789,492,2281,3.636178861788618
105948,2172,213,2385,10.19718309859155
105949,1776,55,1831,32.29090909090909
105961,3344,156,3500,21.435897435897434
105964,3608,131,3739,27.541984732824428
105989,2808,192,3000,14.625
106004,2238,133,2371,16.827067669172934
106010,2534,657,3191,3.8569254185692543
106026,3597,259,3856,13.888030888030888
106033,3805,132,3937,28.82575757575757
106035,2089,325,2414,6.427692307692308
106038,3042,444,3486,6.851351351351352
106040,2188,229,2417,9.554585152838428
106048,3041,164,3205,18.54268292682927
106056,1939,327,2266,5.929663608562692
106073,2284,313,2597,7.297124600638978
106084,3809,87,3896,43.7816091954023
106087,2651,183,2834,14.486338797814208
106088,3072,182,3254,16.87912087912088
106110,86,3317,3403,0.0259270425082906
106118,3574,89,3663,40.15730337078652
106120,2642,160,2802,16.5125
106122,2567,111,2678,23.126126126126128
106127,3947,103,4050,38.320388349514566
106146,1751,246,1997,7.117886178861789
106158,2056,144,2200,14.27777777777778
106167,3605,145,3750,24.86206896551724
106184,1796,127,1923,14.141732283464568
106194,3584,92,3676,38.95652173913044
106195,1608,111,1719,14.486486486486486
106213,3705,263,3968,14.087452471482887
106220,2499,343,2842,7.285714285714286
106227,3242,272,3514,11.919117647058824
106250,2064,63,2127,32.76190476190476
106261,3569,290,3859,12.306896551724138
106271,2430,139,2569,17.48201438848921
106278,3858,73,3931,52.84931506849315
106279,2874,169,3043,17.005917159763314
106283,2330,370,2700,6.297297297297297
106288,2963,192,3155,15.432291666666666
106300,3737,166,3903,22.512048192771083
106303,1762,354,2116,4.977401129943503
106304,1701,100,1801,17.01
106314,3557,126,3683,28.23015873015873
106341,1380,150,1530,9.2
106344,2462,324,2786,7.598765432098766
106352,1269,128,1397,9.9140625
106356,3156,538,3694,5.866171003717472
106359,1805,132,1937,13.674242424242424
106360,3453,93,3546,37.12903225806452
106371,3140,83,3223,37.83132530120482
106376,80,3017,3097,0.0265164070268478
106379,2833,78,2911,36.32051282051282
106384,1905,90,1995,21.166666666666668
106387,2896,65,2961,44.55384615384615
106417,3112,201,3313,15.482587064676617
106419,3067,244,3311,12.56967213114754
106428,2661,226,2887,11.77433628318584
106432,3400,284,3684,11.971830985915492
106439,3159,116,3275,27.23275862068965
106449,2521,165,2686,15.27878787878788
106451,3701,206,3907,17.966019417475728
106457,2217,251,2468,8.832669322709163
106465,3323,89,3412,37.3370786516854
106472,3452,197,3649,17.522842639593907
106481,3392,156,3548,21.743589743589745
106482,2542,328,2870,7.75
106487,2489,801,3290,3.107365792759051
106492,2729,89,2818,30.662921348314608
106498,2318,394,2712,5.883248730964467
106503,3213,550,3763,5.841818181818182
106507,1511,153,1664,9.875816993464053
106509,3370,249,3619,13.534136546184738
106510,2079,301,2380,6.906976744186046
106520,3267,100,3367,32.67
106535,2857,215,3072,13.288372093023256
106554,1062,154,1216,6.896103896103896
106561,3255,148,3403,21.99324324324324
106568,3495,232,3727,15.064655172413794
106570,2171,319,2490,6.80564263322884
106574,2252,86,2338,26.186046511627907
106583,2544,207,2751,12.289855072463768
106587,1338,150,1488,8.92
106590,1864,179,2043,10.41340782122905
106593,3665,88,3753,41.64772727272727
106607,1673,180,1853,9.294444444444444
106608,543,102,645,5.323529411764706
106630,1857,205,2062,9.058536585365854
106632,1578,212,1790,7.443396226415095
106636,2519,131,2650,19.229007633587788
106644,2280,136,2416,16.764705882352942
106662,1658,186,1844,8.913978494623656
106664,3594,148,3742,24.283783783783782
106670,2047,110,2157,18.60909090909091
106671,2146,167,2313,12.850299401197605
106689,3330,110,3440,30.272727272727277
106693,2367,121,2488,19.56198347107438
106697,2202,229,2431,9.615720524017467
106698,2804,86,2890,32.604651162790695
106704,2124,152,2276,13.973684210526317
106718,2955,347,3302,8.51585014409222
106724,2641,111,2752,23.792792792792792
106726,1254,131,1385,9.572519083969466
106727,2440,575,3015,4.243478260869566
106730,2729,221,2950,12.34841628959276
106733,3893,189,4082,20.5978835978836
106734,2666,202,2868,13.198019801980198
106747,3137,176,3313,17.823863636363637
106752,2790,102,2892,27.352941176470587
106753,2949,84,3033,35.107142857142854
106755,3207,248,3455,12.931451612903226
106762,3461,160,3621,21.63125
106768,1585,122,1707,12.991803278688524
106770,1911,123,2034,15.53658536585366
106772,3591,220,3811,16.322727272727274
106773,2201,155,2356,14.2
106780,2449,267,2716,9.172284644194756
106785,3529,379,3908,9.311345646437994
106796,1926,219,2145,8.794520547945206
106806,1980,175,2155,11.314285714285717
106810,1949,43,1992,45.325581395348834
106813,1841,202,2043,9.113861386138614
106814,78,3645,3723,0.0213991769547325
106825,347,170,517,2.041176470588235
106827,2656,55,2711,48.29090909090909
106830,1622,77,1699,21.064935064935064
106834,2775,312,3087,8.89423076923077
106841,2744,155,2899,17.703225806451613
106878,3777,62,3839,60.91935483870968
106896,1906,141,2047,13.5177304964539
106899,2894,112,3006,25.839285714285715
106900,3839,63,3902,60.93650793650794
106903,1138,2958,4096,0.3847194050033806
106920,1680,119,1799,14.117647058823527
106947,1469,182,1651,8.071428571428571
106958,2735,204,2939,13.40686274509804
106962,2460,192,2652,12.8125
106970,2980,105,3085,28.38095238095238
106974,2494,106,2600,23.52830188679245
106977,2790,153,2943,18.235294117647054
106982,1193,560,1753,2.130357142857143
106989,3163,140,3303,22.59285714285714
107009,3179,67,3246,47.44776119402985
107014,3781,158,3939,23.93037974683544
107030,3400,279,3679,12.186379928315413
107036,942,604,1546,1.5596026490066226
107046,2750,154,2904,17.857142857142858
107059,3056,196,3252,15.591836734693878
107067,2187,145,2332,15.082758620689654
107077,1424,150,1574,9.493333333333334
107080,2402,134,2536,17.925373134328357
107085,1445,325,1770,4.446153846153846
107099,2972,272,3244,10.926470588235292
107103,3428,333,3761,10.294294294294296
107126,3885,177,4062,21.94915254237288
107131,3914,56,3970,69.89285714285714
107132,3774,169,3943,22.33136094674556
107138,2093,384,2477,5.450520833333333
107148,3461,215,3676,16.09767441860465
107164,1969,114,2083,17.271929824561404
107192,2524,163,2687,15.484662576687116
107193,3193,247,3440,12.927125506072874
107209,3342,106,3448,31.52830188679245
107212,2626,186,2812,14.118279569892474
107232,3279,48,3327,68.3125
107236,3461,126,3587,27.46825396825397
107239,2687,137,2824,19.613138686131386
107258,3259,260,3519,12.534615384615384
107260,2623,94,2717,27.904255319148938
107261,2959,313,3272,9.45367412140575
107264,2050,173,2223,11.84971098265896
107265,774,2478,3252,0.3123486682808716
107267,3465,130,3595,26.653846153846157
107276,2989,150,3139,19.926666666666662
107280,3584,128,3712,28.0
107283,3098,89,3187,34.80898876404494
107286,1680,981,2661,1.7125382262996942
107295,3333,55,3388,60.6
107300,2002,165,2167,12.133333333333333
107304,3806,145,3951,26.248275862068965
107313,3914,149,4063,26.268456375838927
107317,3473,285,3758,12.1859649122807
107318,1303,109,1412,11.954128440366972
107322,2467,105,2572,23.495238095238093
107326,3327,346,3673,9.615606936416183
107352,2249,275,2524,8.178181818181818
107356,145,3674,3819,0.0394665215024496
107370,2468,146,2614,16.904109589041095
107371,915,192,1107,4.765625
107381,320,3371,3691,0.0949273212696529
107386,1396,108,1504,12.925925925925926
107390,3170,119,3289,26.638655462184875
107414,2309,106,2415,21.78301886792453
107415,3105,254,3359,12.224409448818898
107441,1774,163,1937,10.883435582822086
107451,3528,324,3852,10.88888888888889
107456,2287,105,2392,21.78095238095238
107457,2894,66,2960,43.84848484848485
107468,3731,127,3858,29.37795275590551
107472,2705,94,2799,28.77659574468085
107476,1813,1583,3396,1.1452937460518005
107485,2870,188,3058,15.26595744680851
107488,2863,147,3010,19.476190476190474
107493,2574,159,2733,16.18867924528302
107502,3240,152,3392,21.31578947368421
107514,1755,98,1853,17.908163265306122
107515,3811,280,4091,13.610714285714286
107534,1864,236,2100,7.898305084745763
107535,3674,165,3839,22.266666666666666
107537,3763,188,3951,20.01595744680851
107543,2995,116,3111,25.81896551724138
107550,3447,124,3571,27.798387096774192
107562,3232,158,3390,20.455696202531644
107575,3021,37,3058,81.64864864864865
107586,3059,100,3159,30.59
107588,2928,130,3058,22.523076923076925
107604,3839,153,3992,25.091503267973856
107607,3812,257,4069,14.832684824902724
107609,2443,79,2522,30.924050632911392
107611,3113,265,3378,11.747169811320754
107615,2602,58,2660,44.86206896551724
107616,3460,211,3671,16.398104265402843
107654,3256,280,3536,11.628571428571428
107658,3313,200,3513,16.565
107663,721,193,914,3.735751295336788
107671,2096,187,2283,11.20855614973262
107672,2783,192,2975,14.494791666666666
107687,3597,240,3837,14.9875
107693,1609,191,1800,8.424083769633508
107699,2496,193,2689,12.932642487046632
107705,3530,75,3605,47.06666666666667
107736,235,115,350,2.0434782608695654
107739,2540,185,2725,13.72972972972973
107740,3480,140,3620,24.857142857142858
107769,2931,160,3091,18.31875
107771,2836,82,2918,34.58536585365854
107781,2745,154,2899,17.824675324675326
107792,3758,108,3866,34.7962962962963
107802,2391,97,2488,24.649484536082475
107810,2285,161,2446,14.192546583850932
107819,2440,160,2600,15.25
107824,2622,127,2749,20.64566929133858
107829,325,3036,3361,0.1070487483530961
107851,2552,158,2710,16.151898734177216
107854,3611,80,3691,45.1375
107863,2725,89,2814,30.617977528089888
107869,2461,217,2678,11.341013824884792
107887,2960,210,3170,14.095238095238097
107890,59,2725,2784,0.0216513761467889
107891,3465,161,3626,21.52173913043478
107894,2747,83,2830,33.09638554216868
107903,3601,139,3740,25.906474820143885
107906,2719,210,2929,12.947619047619048
107907,3782,48,3830,78.79166666666667
107916,1292,2619,3911,0.4933180603283696
107921,1776,132,1908,13.454545454545457
107925,2212,82,2294,26.97560975609756
107934,3040,198,3238,15.353535353535351
107941,182,3851,4033,0.0472604518306933
107949,2144,193,2337,11.10880829015544
107959,2418,79,2497,30.60759493670886
107968,2607,342,2949,7.62280701754386
107969,3525,106,3631,33.25471698113208
107970,967,264,1231,3.662878787878788
107975,2540,212,2752,11.9811320754717
107982,2378,86,2464,27.65116279069768
107986,2402,178,2580,13.49438202247191
107987,1435,78,1513,18.397435897435894
108000,1128,222,1350,5.081081081081081
108015,3464,214,3678,16.186915887850468
108022,3625,462,4087,7.846320346320346
108023,3347,218,3565,15.353211009174313
108027,3778,72,3850,52.47222222222222
108028,713,201,914,3.54726368159204
108033,3110,151,3261,20.596026490066222
108036,1814,183,1997,9.912568306010929
108039,829,359,1188,2.3091922005571037
108040,3014,172,3186,17.523255813953487
108052,3706,136,3842,27.25
108079,3144,149,3293,21.1006711409396
108086,2791,78,2869,35.782051282051285
108089,3718,229,3947,16.23580786026201
108091,3673,145,3818,25.33103448275862
108092,3351,123,3474,27.24390243902439
108101,3803,74,3877,51.391891891891895
108109,2259,204,2463,11.073529411764708
108110,2148,65,2213,33.04615384615385
108118,3071,258,3329,11.9031007751938
108130,2831,433,3264,6.53810623556582
108140,3420,348,3768,9.827586206896552
108141,3884,116,4000,33.48275862068966
108145,1847,47,1894,39.297872340425535
108148,2951,78,3029,37.833333333333336
108153,3982,73,4055,54.54794520547945
108157,2015,74,2089,27.22972972972973
108165,2968,143,3111,20.75524475524476
108166,1510,335,1845,4.507462686567164
108171,3596,284,3880,12.661971830985916
108173,2326,383,2709,6.073107049608355
108177,3315,293,3608,11.313993174061434
108187,1790,242,2032,7.396694214876033
108189,3791,119,3910,31.857142857142858
108212,1858,295,2153,6.298305084745762
108219,2317,183,2500,12.66120218579235
108220,3246,142,3388,22.859154929577464
108233,3312,204,3516,16.235294117647058
108235,3544,154,3698,23.01298701298701
108249,2340,199,2539,11.758793969849249
108250,1539,179,1718,8.597765363128492
108262,3087,200,3287,15.435
108270,3741,36,3777,103.91666666666669
108273,2236,50,2286,44.72
108278,2357,285,2642,8.27017543859649
108286,3064,359,3423,8.534818941504179
108287,2893,212,3105,13.64622641509434
108302,3591,57,3648,63.0
108316,1818,83,1901,21.903614457831324
108321,3353,201,3554,16.681592039800996
108338,3617,184,3801,19.657608695652176
108353,2928,195,3123,15.015384615384615
108355,3695,96,3791,38.489583333333336
108366,3042,149,3191,20.416107382550337
108368,3019,332,3351,9.093373493975903
108375,2332,102,2434,22.862745098039216
108385,2670,193,2863,13.83419689119171
108394,2581,255,2836,10.12156862745098
108399,3788,93,3881,40.73118279569893
108414,2504,178,2682,14.067415730337078
108418,3479,275,3754,12.65090909090909
108422,3773,91,3864,41.46153846153846
108440,2826,245,3071,11.53469387755102
108441,3228,94,3322,34.340425531914896
108446,3295,205,3500,16.073170731707318
108449,2618,101,2719,25.92079207920792
108460,3227,177,3404,18.231638418079097
108463,2164,526,2690,4.114068441064639
108478,1479,69,1548,21.43478260869565
108502,2740,182,2922,15.054945054945057
108506,1644,67,1711,24.53731343283582
108507,2191,57,2248,38.43859649122807
108522,2322,138,2460,16.82608695652174
108527,2066,77,2143,26.83116883116883
108529,3063,349,3412,8.776504297994268
108530,1360,52,1412,26.153846153846157
108534,3851,164,4015,23.48170731707317
108541,1133,256,1389,4.42578125
108550,3286,262,3548,12.541984732824428
108554,1087,266,1353,4.086466165413534
108562,1659,73,1732,22.726027397260275
108572,3390,258,3648,13.13953488372093
108575,2955,90,3045,32.833333333333336
108576,1714,397,2111,4.317380352644836
108581,2064,264,2328,7.818181818181818
108586,3588,86,3674,41.72093023255814
108614,2637,189,2826,13.952380952380953
108620,3860,146,4006,26.438356164383563
108621,3084,144,3228,21.416666666666668
108637,1982,284,2266,6.97887323943662
108643,3677,61,3738,60.278688524590166
108647,2184,101,2285,21.623762376237625
108649,2728,167,2895,16.335329341317365
108653,3395,134,3529,25.33582089552239
108677,3872,137,4009,28.26277372262774
108687,3688,195,3883,18.912820512820517
108693,2827,172,2999,16.436046511627907
108697,2182,212,2394,10.29245283018868
108704,809,3186,3995,0.2539234149403641
108711,3610,149,3759,24.22818791946309
108714,1,2296,2297,0.0004355400696864
108728,1937,203,2140,9.541871921182263
108738,2739,129,2868,21.232558139534884
108739,1761,350,2111,5.031428571428571
108740,3432,341,3773,10.064516129032258
108748,3875,218,4093,17.775229357798164
108749,3223,187,3410,17.235294117647058
108750,3009,220,3229,13.677272727272728
108753,3828,94,3922,40.723404255319146
108763,1044,83,1127,12.578313253012048
108767,3586,297,3883,12.074074074074074
108782,2053,87,2140,23.597701149425287
108783,2766,138,2904,20.043478260869566
108788,3792,149,3941,25.4496644295302
108789,2199,235,2434,9.357446808510636
108791,2067,90,2157,22.966666666666665
108805,3294,59,3353,55.83050847457627
108809,2402,272,2674,8.830882352941176
108823,2689,133,2822,20.218045112781954
108829,3330,328,3658,10.152439024390244
108834,3292,42,3334,78.38095238095238
108846,1865,76,1941,24.539473684210527
108848,1894,107,2001,17.700934579439252
108855,3719,129,3848,28.829457364341085
108856,2588,185,2773,13.989189189189188
108867,2872,67,2939,42.865671641791046
108868,3746,189,3935,19.82010582010582
108874,2362,184,2546,12.83695652173913
108876,3388,219,3607,15.470319634703197
108881,2182,1212,3394,1.8003300330033003
108888,2812,285,3097,9.866666666666667
108901,2955,169,3124,17.485207100591715
108902,2057,210,2267,9.795238095238096
108912,3649,288,3937,12.67013888888889
108915,3188,259,3447,12.308880308880308
108918,1598,83,1681,19.25301204819277
108919,2752,174,2926,15.816091954022989
108926,2715,246,2961,11.03658536585366
108928,3310,79,3389,41.89873417721519
108931,1734,125,1859,13.872
108934,1293,132,1425,9.795454545454543
108943,1266,80,1346,15.825
108946,3490,202,3692,17.277227722772277
108956,264,77,341,3.4285714285714284
108965,2838,269,3107,10.550185873605948
108966,3015,223,3238,13.52017937219731
108975,1780,108,1888,16.48148148148148
108985,3796,150,3946,25.30666666666667
108987,3776,290,4066,13.020689655172411
109000,1148,508,1656,2.25984251968504
109010,1928,165,2093,11.684848484848484
109011,3907,65,3972,60.10769230769231
109025,640,193,833,3.316062176165803
109031,2763,181,2944,15.265193370165743
109040,3549,136,3685,26.09558823529412
109050,2689,206,2895,13.053398058252426
109052,2695,115,2810,23.43478260869565
109068,2500,172,2672,14.534883720930232
109101,48,2991,3039,0.0160481444332999
109106,1622,151,1773,10.741721854304636
109119,3611,109,3720,33.12844036697248
109120,3148,197,3345,15.97969543147208
109134,3515,395,3910,8.89873417721519
109144,3845,167,4012,23.023952095808383
109147,2816,123,2939,22.89430894308943
109150,1042,252,1294,4.134920634920635
109161,2227,200,2427,11.135
109165,2523,125,2648,20.184
109170,2025,214,2239,9.462616822429906
109176,2784,84,2868,33.142857142857146
109183,3269,193,3462,16.93782383419689
109184,3627,208,3835,17.4375
109185,2067,132,2199,15.659090909090908
109186,951,156,1107,6.096153846153846
109219,2484,118,2602,21.05084745762712
109223,3250,134,3384,24.253731343283583
109224,3604,129,3733,27.93798449612403
109235,3688,228,3916,16.17543859649123
109241,3083,255,3338,12.090196078431372
109250,3374,347,3721,9.723342939481268
109276,2252,151,2403,14.913907284768213
109285,2845,137,2982,20.766423357664237
109288,2786,165,2951,16.884848484848487
109289,2359,187,2546,12.614973262032086
109293,3998,76,4074,52.60526315789474
109295,3008,129,3137,23.31782945736434
109306,3476,187,3663,18.58823529411765
109312,3194,112,3306,28.517857142857142
109317,1898,181,2079,10.486187845303869
109320,3227,235,3462,13.731914893617022
109324,920,325,1245,2.830769230769231
109335,1957,177,2134,11.056497175141242
109351,2908,347,3255,8.380403458213257
109360,2789,165,2954,16.903030303030302
109368,3471,242,3713,14.34297520661157
109374,3105,386,3491,8.044041450777202
109385,1999,109,2108,18.3394495412844
109388,1280,166,1446,7.710843373493976
109408,2917,128,3045,22.7890625
109421,1480,1835,3315,0.8065395095367848
109429,1902,64,1966,29.71875
109433,3699,196,3895,18.87244897959184
109451,1006,60,1066,16.766666666666666
109473,3712,321,4033,11.56386292834891
109483,1739,86,1825,20.22093023255814
109487,1643,161,1804,10.20496894409938
109491,1929,148,2077,13.033783783783784
109493,3240,114,3354,28.42105263157895
109510,2394,88,2482,27.204545454545453
109515,2017,283,2300,7.127208480565371
109525,3348,110,3458,30.43636363636364
109531,3690,115,3805,32.08695652173913
109532,3738,243,3981,15.382716049382717
109538,1937,272,2209,7.1213235294117645
109539,1570,209,1779,7.511961722488039
109542,2374,51,2425,46.549019607843135
109551,2061,107,2168,19.261682242990656
109552,2381,117,2498,20.35042735042735
109555,3500,268,3768,13.059701492537313
109563,2122,185,2307,11.47027027027027
109581,3656,249,3905,14.68273092369478
109589,3527,201,3728,17.54726368159204
109601,3510,254,3764,13.818897637795276
109609,2122,156,2278,13.602564102564102
109612,3751,133,3884,28.203007518796998
109613,2484,100,2584,24.84
109623,2715,112,2827,24.241071428571427
109630,1447,204,1651,7.0931372549019605
109639,3734,172,3906,21.709302325581397
109648,3195,515,3710,6.203883495145631
109657,964,2919,3883,0.3302500856457691
109678,3097,252,3349,12.28968253968254
109682,2763,119,2882,23.218487394957982
109687,2230,150,2380,14.866666666666667
109692,3642,446,4088,8.165919282511211
109694,3203,273,3476,11.732600732600732
109702,3156,147,3303,21.46938775510204
109731,1383,86,1469,16.08139534883721
109741,3275,123,3398,26.6260162601626
109745,3179,415,3594,7.660240963855422
109753,2813,179,2992,15.71508379888268
109760,3695,114,3809,32.41228070175438
109766,2159,78,2237,27.67948717948718
109773,1373,97,1470,14.154639175257731
109780,1404,326,1730,4.306748466257669
109792,2752,41,2793,67.1219512195122
109805,1575,123,1698,12.804878048780488
109806,3246,314,3560,10.337579617834397
109812,1289,89,1378,14.48314606741573
109815,2991,262,3253,11.416030534351146
109820,2428,57,2485,42.59649122807018
109824,3046,142,3188,21.450704225352112
109839,2403,216,2619,11.125
109846,3569,89,3658,40.10112359550562
109856,1955,261,2216,7.490421455938697
109866,3910,152,4062,25.723684210526315
109867,2681,26,2707,103.1153846153846
109880,654,189,843,3.4603174603174605
109900,2949,99,3048,29.78787878787879
109909,373,181,554,2.0607734806629834
109911,2438,211,2649,11.554502369668246
109951,3188,122,3310,26.131147540983605
109956,3704,92,3796,40.26086956521739
109969,1662,76,1738,21.86842105263158
109986,3500,310,3810,11.290322580645162
109990,1993,170,2163,11.723529411764703
109991,2775,209,2984,13.277511961722489
109994,1753,346,2099,5.066473988439307
110001,2805,362,3167,7.748618784530387
110023,2066,100,2166,20.66
110039,3564,269,3833,13.24907063197026
110046,3114,205,3319,15.190243902439024
110058,3497,188,3685,18.601063829787236
110076,1478,127,1605,11.637795275590552
110081,2951,204,3155,14.465686274509803
110082,3657,78,3735,46.88461538461539
110088,3064,174,3238,17.60919540229885
110090,1829,104,1933,17.58653846153846
110096,1929,53,1982,36.39622641509434
110098,3766,152,3918,24.776315789473685
110110,2605,56,2661,46.517857142857146
110113,641,140,781,4.578571428571428
110119,2719,63,2782,43.15873015873016
110124,3245,34,3279,95.44117647058825
110130,3773,91,3864,41.46153846153846
110134,3587,164,3751,21.871951219512194
110147,2017,45,2062,44.82222222222222
110151,412,1267,1679,0.3251775848460931
110153,2322,508,2830,4.570866141732283
110154,1559,133,1692,11.721804511278195
110158,953,110,1063,8.663636363636364
110161,3800,277,4077,13.71841155234657
110176,1630,87,1717,18.735632183908045
110185,3404,213,3617,15.981220657276996
110187,2729,110,2839,24.80909090909091
110201,1811,123,1934,14.723577235772357
110205,3404,137,3541,24.846715328467152
110209,2848,189,3037,15.068783068783068
110233,195,3721,3916,0.0524052674012362
110250,2202,183,2385,12.0327868852459
110252,2260,205,2465,11.024390243902438
110257,3082,87,3169,35.42528735632184
110271,1797,299,2096,6.010033444816053
110284,3729,104,3833,35.85576923076923
110290,3901,114,4015,34.219298245614034
110291,3631,92,3723,39.46739130434783
110292,2389,229,2618,10.43231441048035
110301,3448,90,3538,38.31111111111111
110310,3251,340,3591,9.561764705882354
110316,876,218,1094,4.018348623853211
110329,3512,216,3728,16.25925925925926
110331,1986,283,2269,7.017667844522968
110342,903,94,997,9.606382978723405
110343,2835,229,3064,12.37991266375546
110345,2100,69,2169,30.43478260869565
110348,2893,168,3061,17.220238095238095
110349,1706,204,1910,8.362745098039216
110361,3497,139,3636,25.158273381294965
110369,3887,98,3985,39.66326530612245
110389,3359,134,3493,25.06716417910448
110396,3571,101,3672,35.35643564356435
110397,2244,263,2507,8.532319391634982
110402,2509,56,2565,44.80357142857143
110404,1098,245,1343,4.481632653061224
110406,2420,91,2511,26.593406593406595
110407,3685,242,3927,15.227272727272728
110441,3510,228,3738,15.394736842105264
110443,2559,203,2762,12.605911330049262
110452,2780,214,2994,12.990654205607475
110473,2740,168,2908,16.30952380952381
110483,2759,345,3104,7.997101449275362
110492,3137,290,3427,10.817241379310344
110497,3283,225,3508,14.591111111111111
110512,2648,128,2776,20.6875
110519,3629,214,3843,16.957943925233646
110522,3761,224,3985,16.790178571428573
110523,3317,126,3443,26.325396825396822
110535,3786,164,3950,23.085365853658537
110538,1294,50,1344,25.88
110561,1767,256,2023,6.90234375
110564,2589,134,2723,19.32089552238806
110570,3815,122,3937,31.270491803278688
110580,2574,66,2640,39.0
110581,3300,361,3661,9.141274238227147
110600,3584,310,3894,11.561290322580644
110615,2365,115,2480,20.565217391304348
110617,2387,69,2456,34.594202898550726
110619,3587,67,3654,53.53731343283582
110622,1995,292,2287,6.832191780821918
110642,3492,151,3643,23.125827814569536
110658,2546,46,2592,55.34782608695652
110659,3416,164,3580,20.82926829268293
110662,3694,103,3797,35.86407766990291
110674,2720,160,2880,17.0
110677,3904,164,4068,23.804878048780488
110678,712,1266,1978,0.5624012638230648
110679,2612,290,2902,9.006896551724138
110681,2408,265,2673,9.086792452830188
110691,2076,158,2234,13.139240506329116
110693,2655,167,2822,15.89820359281437
110695,3480,268,3748,12.985074626865671
110705,3087,387,3474,7.976744186046512
110710,574,628,1202,0.9140127388535032
110711,2326,121,2447,19.223140495867767
110714,3236,324,3560,9.987654320987655
110718,2332,222,2554,10.504504504504505
110719,2679,211,2890,12.696682464454977
110741,1579,178,1757,8.870786516853933
110748,1291,206,1497,6.266990291262136
110751,1180,350,1530,3.3714285714285714
110761,3511,206,3717,17.04368932038835
110766,2787,103,2890,27.058252427184467
110769,1629,150,1779,10.86
110771,2926,104,3030,28.134615384615383
110775,2555,138,2693,18.514492753623188
110776,281,213,494,1.3192488262910798
110778,2982,331,3313,9.009063444108762
110782,3706,118,3824,31.406779661016948
110795,2224,50,2274,44.48
110797,2220,350,2570,6.342857142857143
110804,1551,299,1850,5.187290969899665
110810,1825,109,1934,16.743119266055047
110815,3531,109,3640,32.39449541284404
110845,3565,116,3681,30.73275862068965
110850,2560,99,2659,25.858585858585855
110851,670,2242,2912,0.2988403211418377
110852,3676,268,3944,13.71641791044776
110855,498,200,698,2.49
110859,3821,151,3972,25.3046357615894
110863,3078,71,3149,43.352112676056336
110867,1523,137,1660,11.116788321167885
110871,1209,66,1275,18.318181818181817
110896,2381,270,2651,8.818518518518518
110906,2624,150,2774,17.493333333333332
110908,2224,160,2384,13.9
110917,3326,46,3372,72.30434782608695
110925,3690,299,3989,12.34113712374582
110943,1997,195,2192,10.24102564102564
110944,2976,58,3034,51.310344827586206
110945,3680,65,3745,56.61538461538461
110956,1990,206,2196,9.66019417475728
110959,2609,204,2813,12.78921568627451
110961,3375,160,3535,21.09375
110966,2961,131,3092,22.603053435114504
110975,1380,125,1505,11.04
110992,2183,68,2251,32.10294117647059
111001,2647,71,2718,37.28169014084507
111010,2525,102,2627,24.754901960784316
111016,2562,213,2775,12.028169014084508
111023,474,121,595,3.9173553719008254
111029,3874,60,3934,64.56666666666666
111030,3580,164,3744,21.82926829268293
111034,3647,161,3808,22.65217391304348
111038,2143,164,2307,13.067073170731708
111044,2944,118,3062,24.94915254237288
111056,2884,333,3217,8.66066066066066
111060,3183,210,3393,15.157142857142857
111062,2275,189,2464,12.037037037037036
111066,2063,477,2540,4.3249475890985325
111078,3803,118,3921,32.228813559322035
111081,2879,186,3065,15.478494623655914
111089,895,156,1051,5.737179487179487
111096,3231,100,3331,32.31
111104,3526,255,3781,13.827450980392156
111110,2124,30,2154,70.8
111127,2474,259,2733,9.552123552123552
111140,3470,26,3496,133.46153846153845
111143,2588,156,2744,16.58974358974359
111154,2929,177,3106,16.548022598870055
111165,1941,301,2242,6.4485049833887045
111179,2992,159,3151,18.81761006289308
111188,3638,162,3800,22.45679012345679
111190,3326,247,3573,13.465587044534413
111223,2587,131,2718,19.748091603053435
111225,3362,58,3420,57.96551724137931
111234,2634,241,2875,10.929460580912863
111241,2787,187,2974,14.903743315508022
111243,2292,303,2595,7.564356435643564
111260,89,166,255,0.536144578313253
111266,1020,133,1153,7.669172932330827
111271,2640,347,2987,7.60806916426513
111275,2985,222,3207,13.445945945945946
111279,3839,118,3957,32.53389830508475
111282,837,243,1080,3.4444444444444446
111293,3855,152,4007,25.36184210526316
111300,2967,221,3188,13.425339366515836
111314,3157,425,3582,7.428235294117647
111321,2518,154,2672,16.350649350649352
111330,2780,115,2895,24.17391304347826
111338,2615,91,2706,28.736263736263737
111339,2331,163,2494,14.300613496932517
111343,3955,111,4066,35.630630630630634
111347,2117,217,2334,9.755760368663594
111360,2893,214,3107,13.518691588785046
111364,3766,98,3864,38.42857142857143
111382,2199,205,2404,10.726829268292684
111394,1354,97,1451,13.958762886597938
111399,2704,251,2955,10.772908366533864
111410,2692,96,2788,28.041666666666668
111413,3067,129,3196,23.77519379844961
111418,1745,243,1988,7.181069958847736
111423,3774,175,3949,21.56571428571429
111428,3144,105,3249,29.942857142857143
111430,2184,280,2464,7.8
111442,1490,111,1601,13.423423423423424
111443,3730,85,3815,43.88235294117647
111451,4011,64,4075,62.671875
111466,3284,168,3452,19.547619047619047
111473,2595,55,2650,47.18181818181818
111479,2087,54,2141,38.64814814814815
111482,2630,274,2904,9.5985401459854
111491,2743,133,2876,20.62406015037594
111497,1773,175,1948,10.131428571428572
111500,3499,136,3635,25.727941176470587
111508,2615,168,2783,15.56547619047619
111515,3362,108,3470,31.12962962962963
111530,3124,154,3278,20.285714285714285
111533,3080,191,3271,16.12565445026178
111542,1940,78,2018,24.871794871794872
111547,2303,108,2411,21.324074074074076
111554,2260,264,2524,8.56060606060606
111567,3545,106,3651,33.443396226415096
111568,2215,236,2451,9.385593220338984
111576,3844,176,4020,21.84090909090909
111585,1627,172,1799,9.459302325581396
111592,3641,108,3749,33.71296296296296
111595,3368,127,3495,26.51968503937008
111596,3809,285,4094,13.364912280701754
111598,3234,224,3458,14.4375
111601,2424,196,2620,12.36734693877551
111608,3292,142,3434,23.183098591549296
111615,2227,158,2385,14.09493670886076
111634,2745,518,3263,5.2992277992278
111645,2321,96,2417,24.17708333333333
111646,3757,231,3988,16.264069264069263
111650,3181,198,3379,16.065656565656564
111653,3066,150,3216,20.44
111664,3160,200,3360,15.8
111667,2791,133,2924,20.98496240601504
111673,3065,211,3276,14.5260663507109
111674,2951,373,3324,7.911528150134048
111679,1267,125,1392,10.136
111687,2935,146,3081,20.1027397260274
111689,1885,89,1974,21.17977528089888
111692,1056,2052,3108,0.5146198830409356
111702,2191,119,2310,18.41176470588235
111705,2497,219,2716,11.401826484018263
111707,3202,87,3289,36.80459770114943
111716,439,3187,3626,0.1377470975839347
111741,2540,262,2802,9.69465648854962
111743,1761,254,2015,6.933070866141732
111756,3587,151,3738,23.75496688741722
111761,3184,124,3308,25.677419354838708
111764,3188,344,3532,9.267441860465116
111781,3343,307,3650,10.889250814332248
111784,2211,152,2363,14.546052631578949
111785,3293,214,3507,15.38785046728972
111786,2292,74,2366,30.97297297297297
111787,1653,118,1771,14.008474576271189
111792,3564,247,3811,14.429149797570853
111807,3029,329,3358,9.206686930091186
111809,1395,324,1719,4.305555555555555
111821,2298,202,2500,11.376237623762377
111826,2611,115,2726,22.70434782608696
111836,3105,152,3257,20.42763157894737
111845,2698,262,2960,10.297709923664122
111864,3212,187,3399,17.176470588235293
111879,2759,113,2872,24.41592920353982
111881,1321,116,1437,11.387931034482758
111890,3262,83,3345,39.30120481927711
111896,2991,185,3176,16.167567567567566
111910,3165,209,3374,15.14354066985646
111914,3124,460,3584,6.791304347826087
111915,2089,144,2233,14.506944444444445
111924,3247,133,3380,24.413533834586467
111934,1880,1021,2901,1.841332027424094
111935,2308,72,2380,32.05555555555556
111942,3330,96,3426,34.6875
111945,3719,117,3836,31.786324786324787
111947,2898,102,3000,28.41176470588235
111949,2797,119,2916,23.50420168067227
111967,2695,117,2812,23.034188034188038
111971,3426,189,3615,18.126984126984127
111974,1402,85,1487,16.49411764705882
112005,2365,122,2487,19.385245901639344
112008,2597,342,2939,7.593567251461988
112009,3356,101,3457,33.227722772277225
112012,3578,142,3720,25.197183098591548
112019,2926,44,2970,66.5
112024,3652,135,3787,27.05185185185185
112025,3682,241,3923,15.278008298755188
112029,3460,279,3739,12.401433691756273
112054,1372,157,1529,8.738853503184714
112056,3376,118,3494,28.610169491525426
112059,3222,449,3671,7.175946547884188
112060,3499,103,3602,33.970873786407765
112066,613,2956,3569,0.2073748308525033
112082,1853,102,1955,18.166666666666668
112086,747,3023,3770,0.2471055243135957
112091,3644,147,3791,24.789115646258505
112099,3674,139,3813,26.431654676258997
112106,3256,353,3609,9.223796033994336
112109,3199,203,3402,15.758620689655173
112117,2403,643,3046,3.737169517884914
112119,2345,94,2439,24.9468085106383
112139,1258,100,1358,12.58
112150,1773,1644,3417,1.0784671532846717
112155,1958,127,2085,15.417322834645669
112156,3589,157,3746,22.85987261146497
112185,3357,79,3436,42.49367088607595
112214,1792,162,1954,11.061728395061728
112221,2131,295,2426,7.223728813559322
112248,3151,136,3287,23.169117647058822
112250,1759,394,2153,4.464467005076142
112259,1051,210,1261,5.004761904761905
112263,3780,176,3956,21.477272727272727
112271,3802,201,4003,18.915422885572134
112273,3389,178,3567,19.03932584269663
112282,2437,383,2820,6.362924281984334
112310,1461,178,1639,8.207865168539326
112318,3816,134,3950,28.47761194029851
112322,37,3632,3669,0.0101872246696035
112349,2846,67,2913,42.47761194029851
112350,3460,144,3604,24.02777777777778
112359,1873,412,2285,4.546116504854369
112368,2446,74,2520,33.054054054054056
112369,3340,232,3572,14.39655172413793
112381,2935,204,3139,14.387254901960784
112385,3244,180,3424,18.022222222222226
112396,1285,53,1338,24.245283018867923
112397,3516,270,3786,13.022222222222222
112398,395,2698,3093,0.1464047442550037
112399,860,229,1089,3.7554585152838422
112405,3892,135,4027,28.82962962962963
112406,2093,134,2227,15.619402985074627
112408,3525,88,3613,40.05681818181818
112414,3324,226,3550,14.70796460176991
112423,1553,130,1683,11.946153846153846
112439,2762,208,2970,13.278846153846152
112447,2057,226,2283,9.101769911504425
112450,1016,185,1201,5.491891891891892
112456,3218,255,3473,12.619607843137254
112470,3061,122,3183,25.09016393442623
112476,3835,71,3906,54.014084507042256
112478,3319,150,3469,22.126666666666665
112480,1040,45,1085,23.11111111111111
112482,3091,350,3441,8.831428571428571
112491,2735,255,2990,10.72549019607843
112495,2317,209,2526,11.086124401913876
112496,3635,106,3741,34.29245283018868
112497,3746,108,3854,34.68518518518518
112503,3403,143,3546,23.7972027972028
112510,3536,379,3915,9.32981530343008
112511,1908,199,2107,9.587939698492464
112513,1738,226,1964,7.690265486725663
112525,2913,91,3004,32.010989010989015
112526,3517,224,3741,15.700892857142858
112528,2588,409,2997,6.32762836185819
112541,2324,136,2460,17.08823529411765
112543,3605,76,3681,47.43421052631579
112544,3689,169,3858,21.828402366863905
112546,2703,108,2811,25.02777777777778
112548,3064,262,3326,11.69465648854962
112550,2929,530,3459,5.526415094339622
112569,1085,699,1784,1.552217453505007
112581,2685,227,2912,11.82819383259912
112600,3863,80,3943,48.2875
112605,1785,821,2606,2.174177831912302
112607,3001,155,3156,19.361290322580643
112609,1071,140,1211,7.65
112617,2014,104,2118,19.365384615384617
112622,2219,174,2393,12.75287356321839
112631,1501,98,1599,15.316326530612244
112634,2624,177,2801,14.824858757062149
112641,3692,178,3870,20.741573033707866
112647,2212,51,2263,43.372549019607845
112649,3004,118,3122,25.45762711864407
112650,3086,65,3151,47.47692307692308
112651,3114,120,3234,25.95
112652,2295,267,2562,8.595505617977528
112655,2645,191,2836,13.848167539267015
112661,3418,210,3628,16.276190476190475
112663,3167,208,3375,15.225961538461538
112666,1386,196,1582,7.071428571428571
112669,3378,149,3527,22.671140939597315
112673,3855,231,4086,16.68831168831169
112684,3876,172,4048,22.53488372093023
112687,2018,164,2182,12.304878048780488
112704,1637,55,1692,29.76363636363636
112705,2649,301,2950,8.800664451827242
112714,1569,81,1650,19.37037037037037
112718,1287,475,1762,2.7094736842105265
112721,2728,197,2925,13.847715736040607
112729,3958,58,4016,68.24137931034483
112730,3471,81,3552,42.851851851851855
112736,1703,264,1967,6.450757575757576
112751,2531,178,2709,14.219101123595506
112759,2196,219,2415,10.027397260273972
112766,2647,169,2816,15.662721893491124
112768,3644,348,3992,10.471264367816092
112776,1615,134,1749,12.052238805970148
112785,2498,181,2679,13.80110497237569
112786,2884,192,3076,15.020833333333334
112788,2454,71,2525,34.563380281690144
112803,3907,175,4082,22.325714285714287
112805,2773,146,2919,18.993150684931507
112828,2099,168,2267,12.49404761904762
112846,2251,301,2552,7.4784053156146175
112850,3422,219,3641,15.625570776255708
112859,3512,271,3783,12.95940959409594
112862,3743,107,3850,34.981308411214954
112866,3404,239,3643,14.242677824267782
112867,2620,279,2899,9.390681003584229
112890,3762,112,3874,33.589285714285715
112905,3112,37,3149,84.10810810810811
112919,3587,170,3757,21.1
112921,3917,123,4040,31.84552845528455
112922,2520,128,2648,19.6875
112928,3449,153,3602,22.54248366013072
112939,342,3254,3596,0.1051014136447449
112945,2362,199,2561,11.869346733668342
112962,3392,137,3529,24.759124087591243
112970,3763,227,3990,16.577092511013216
112975,3811,65,3876,58.63076923076923
112981,2478,78,2556,31.76923076923077
112987,3164,88,3252,35.95454545454545
112991,3567,215,3782,16.590697674418603
112998,3551,215,3766,16.516279069767442
113010,3829,170,3999,22.523529411764702
113011,3880,193,4073,20.10362694300518
113012,3127,89,3216,35.13483146067416
113016,2850,82,2932,34.75609756097561
113018,2100,211,2311,9.95260663507109
113022,2817,274,3091,10.281021897810218
113023,2217,166,2383,13.355421686746988
113026,3166,75,3241,42.21333333333333
113029,3124,282,3406,11.078014184397164
113033,3670,163,3833,22.51533742331288
113041,2106,115,2221,18.31304347826087
113044,3424,198,3622,17.292929292929294
113079,1197,130,1327,9.207692307692309
113081,3625,125,3750,29.0
113107,396,140,536,2.8285714285714287
113112,3590,312,3902,11.506410256410255
113124,3511,78,3589,45.01282051282051
113127,3336,213,3549,15.661971830985916
113128,3847,211,4058,18.232227488151658
113139,1918,113,2031,16.97345132743363
113143,3434,311,3745,11.041800643086816
113147,2787,84,2871,33.17857142857143
113154,977,221,1198,4.420814479638009
113198,2928,65,2993,45.04615384615385
113199,2025,139,2164,14.568345323741006
113216,3671,172,3843,21.343023255813957
113217,1487,90,1577,16.522222222222222
113227,1109,402,1511,2.758706467661692
113228,2687,160,2847,16.79375
113236,3474,522,3996,6.655172413793103
113259,2188,139,2327,15.741007194244604
113278,3150,105,3255,30.0
113280,2148,173,2321,12.416184971098266
113285,1911,152,2063,12.572368421052632
113294,1474,90,1564,16.377777777777776
113304,2127,320,2447,6.646875
113316,3426,107,3533,32.018691588785046
113318,1498,180,1678,8.322222222222223
113334,803,248,1051,3.2379032258064515
113342,1490,81,1571,18.395061728395063
113343,2986,148,3134,20.17567567567568
113345,3787,65,3852,58.261538461538464
113355,3221,248,3469,12.987903225806452
113360,2222,304,2526,7.309210526315789
113362,2875,96,2971,29.947916666666668
113370,2374,221,2595,10.7420814479638
113372,3237,331,3568,9.779456193353475
113375,1466,156,1622,9.397435897435898
113378,1805,197,2002,9.16243654822335
113381,2738,274,3012,9.992700729927009
113393,2800,399,3199,7.017543859649122
113400,2290,214,2504,10.700934579439252
113410,2502,104,2606,24.057692307692307
113413,755,145,900,5.206896551724138
113414,1960,52,2012,37.69230769230769
113424,2948,152,3100,19.394736842105264
113446,2015,69,2084,29.20289855072464
113454,3352,159,3511,21.08176100628931
113458,980,142,1122,6.901408450704225
113461,2875,244,3119,11.7827868852459
113466,1393,213,1606,6.539906103286385
113472,2166,150,2316,14.44
113485,3750,220,3970,17.045454545454547
113491,2197,50,2247,43.94
113498,3779,229,4008,16.502183406113538
113516,2507,188,2695,13.335106382978724
113533,3180,158,3338,20.126582278481013
113536,2445,187,2632,13.074866310160427
113538,3832,148,3980,25.89189189189189
113541,2444,106,2550,23.056603773584907
113554,2668,216,2884,12.351851851851851
113557,1824,235,2059,7.761702127659574
113563,3611,44,3655,82.06818181818181
113565,3264,255,3519,12.8
113566,973,344,1317,2.828488372093023
113584,3138,182,3320,17.24175824175824
113598,3638,136,3774,26.75
113600,3599,170,3769,21.17058823529412
113611,3159,186,3345,16.983870967741936
113618,3588,72,3660,49.833333333333336
113619,2108,237,2345,8.89451476793249
113622,2420,90,2510,26.88888888888889
113624,2110,172,2282,12.267441860465116
113629,1747,100,1847,17.47
113634,3370,187,3557,18.02139037433155
113642,3867,89,3956,43.4494382022472
113647,2569,128,2697,20.0703125
113651,2764,141,2905,19.602836879432623
113655,3584,112,3696,32.0
113668,1202,817,2019,1.4712362301101591
113677,3428,101,3529,33.94059405940594
113680,1236,130,1366,9.507692307692308
113696,2786,309,3095,9.016181229773462
113698,2171,198,2369,10.964646464646464
113715,1963,187,2150,10.497326203208557
113721,2097,234,2331,8.961538461538462
113722,3337,250,3587,13.348
113724,3321,140,3461,23.72142857142857
113734,3896,93,3989,41.89247311827957
113737,2459,200,2659,12.295
113746,3639,216,3855,16.84722222222222
113747,3564,257,3821,13.867704280155642
113757,358,141,499,2.539007092198581
113758,3356,299,3655,11.224080267558527
113761,3605,199,3804,18.11557788944724
113764,2151,267,2418,8.0561797752809
113772,2034,115,2149,17.68695652173913
113777,1955,89,2044,21.96629213483146
113791,3685,136,3821,27.09558823529412
113792,3583,124,3707,28.89516129032258
113802,1826,421,2247,4.33729216152019
113805,3220,186,3406,17.311827956989248
113821,3177,213,3390,14.915492957746478
113827,2486,277,2763,8.974729241877256
113831,2950,83,3033,35.54216867469879
113847,3544,103,3647,34.407766990291265
113857,3413,260,3673,13.126923076923076
113875,2986,226,3212,13.212389380530974
113877,1585,125,1710,12.68
113882,2295,777,3072,2.9536679536679538
113915,3739,132,3871,28.32575757575757
113919,1568,32,1600,49.0
113921,3192,140,3332,22.8
113936,3426,521,3947,6.575815738963532
113945,2805,300,3105,9.35
113950,2326,138,2464,16.855072463768117
113955,3121,165,3286,18.915151515151518
113958,3620,159,3779,22.76729559748428
113976,3851,188,4039,20.48404255319149
113978,840,2892,3732,0.2904564315352697
113984,3612,102,3714,35.411764705882355
113991,2847,120,2967,23.725
114014,1817,1812,3629,1.0027593818984548
114015,3598,137,3735,26.26277372262774
114017,3675,115,3790,31.956521739130437
114033,3553,188,3741,18.898936170212767
114037,3767,74,3841,50.9054054054054
114038,3803,162,3965,23.47530864197531
114039,99,436,535,0.2270642201834862
114040,674,94,768,7.170212765957447
114041,3746,121,3867,30.958677685950413
114042,1108,178,1286,6.224719101123595
114043,2956,118,3074,25.05084745762712
114051,3991,69,4060,57.84057971014493
114053,3248,122,3370,26.62295081967213
114066,3037,76,3113,39.96052631578947
114073,3273,186,3459,17.596774193548388
114074,1753,119,1872,14.731092436974787
114076,2355,108,2463,21.80555555555556
114079,2563,184,2747,13.929347826086955
114080,3580,338,3918,10.59171597633136
114081,3472,156,3628,22.256410256410252
114085,3705,228,3933,16.25
114087,3513,170,3683,20.66470588235294
114089,3717,92,3809,40.40217391304348
114093,2872,207,3079,13.8743961352657
114098,3097,106,3203,29.21698113207547
114100,2462,253,2715,9.731225296442688
114106,715,563,1278,1.2699822380106571
114109,869,240,1109,3.620833333333333
114112,2172,105,2277,20.685714285714287
114114,2693,88,2781,30.602272727272727
114117,3089,125,3214,24.712
114118,1795,202,1997,8.886138613861386
114130,2438,78,2516,31.256410256410252
114144,3164,113,3277,28.0
114146,3784,116,3900,32.62068965517241
114161,3469,233,3702,14.888412017167385
114169,468,54,522,8.666666666666666
114176,2538,146,2684,17.383561643835616
114190,2275,136,2411,16.727941176470587
114203,3063,142,3205,21.570422535211268
114206,3840,237,4077,16.20253164556962
114210,3577,153,3730,23.37908496732026
114212,3436,274,3710,12.54014598540146
114221,3585,302,3887,11.870860927152318
114223,2403,408,2811,5.889705882352941
114234,3957,68,4025,58.19117647058823
114241,2357,70,2427,33.67142857142857
114244,1686,256,1942,6.5859375
114246,3267,253,3520,12.91304347826087
114258,2429,114,2543,21.30701754385965
114264,3078,281,3359,10.95373665480427
114267,2672,207,2879,12.908212560386474
114271,3689,247,3936,14.935222672064777
114276,2321,184,2505,12.61413043478261
114280,1763,190,1953,9.278947368421052
114282,3217,111,3328,28.98198198198198
114285,3822,122,3944,31.327868852459016
114288,2685,254,2939,10.570866141732283
114295,3402,281,3683,12.1067615658363
114297,3112,107,3219,29.08411214953271
114301,3020,163,3183,18.52760736196319
114306,3628,57,3685,63.64912280701754
114310,3578,366,3944,9.775956284153006
114313,3869,206,4075,18.781553398058254
114317,1187,209,1396,5.679425837320574
114319,1436,203,1639,7.073891625615763
114332,2316,66,2382,35.09090909090909
114333,3579,284,3863,12.602112676056338
114355,3048,209,3257,14.583732057416269
114362,1632,93,1725,17.548387096774192
114365,2823,178,3001,15.859550561797754
114368,1363,229,1592,5.951965065502184
114377,2725,205,2930,13.292682926829269
114390,1409,29,1438,48.58620689655172
114392,1360,103,1463,13.20388349514563
114402,3847,181,4028,21.25414364640884
114404,2622,100,2722,26.22
114406,3669,121,3790,30.322314049586776
114408,1475,201,1676,7.338308457711443
114409,3248,186,3434,17.462365591397848
114417,1940,108,2048,17.962962962962962
114423,1812,55,1867,32.945454545454545
114430,2458,247,2705,9.951417004048585
114434,3832,127,3959,30.173228346456693
114439,3705,293,3998,12.64505119453925
114442,1466,130,1596,11.276923076923078
114458,3037,180,3217,16.872222222222224
114459,2789,52,2841,53.63461538461539
114460,3646,107,3753,34.074766355140184
114486,2008,362,2370,5.54696132596685
114488,3009,141,3150,21.34042553191489
114490,3620,153,3773,23.66013071895425
114496,1777,273,2050,6.509157509157509
114499,3082,150,3232,20.546666666666667
114501,1678,115,1793,14.591304347826089
114532,1698,191,1889,8.890052356020943
114543,671,415,1086,1.616867469879518
114549,3917,163,4080,24.030674846625768
114550,2763,168,2931,16.446428571428573
114552,1059,174,1233,6.086206896551724
114553,3586,141,3727,25.43262411347518
114554,2030,191,2221,10.6282722513089
114557,2200,84,2284,26.19047619047619
114564,2512,159,2671,15.79874213836478
114565,3244,367,3611,8.839237057220709
114570,2254,247,2501,9.125506072874494
114576,3152,75,3227,42.02666666666666
114584,3310,294,3604,11.258503401360544
114589,1617,188,1805,8.601063829787234
114597,3898,24,3922,162.41666666666666
114617,3027,125,3152,24.216
114619,3270,159,3429,20.566037735849054
114627,2657,243,2900,10.934156378600823
114642,2715,246,2961,11.03658536585366
114654,3727,133,3860,28.02255639097744
114656,2380,181,2561,13.149171270718233
114669,2572,83,2655,30.98795180722892
114670,3922,28,3950,140.07142857142858
114672,2067,99,2166,20.87878787878788
114673,2879,115,2994,25.034782608695654
114674,3483,210,3693,16.585714285714285
114695,2768,124,2892,22.32258064516129
114712,2536,163,2699,15.558282208588958
114734,3288,195,3483,16.861538461538462
114736,2181,195,2376,11.184615384615384
114741,3020,160,3180,18.875
114749,2046,337,2383,6.071216617210682
114773,3627,120,3747,30.225
114775,3758,224,3982,16.776785714285715
114785,3601,148,3749,24.33108108108108
114797,2566,107,2673,23.981308411214957
114801,3241,145,3386,22.351724137931036
114807,3811,191,4002,19.952879581151837
114812,2323,148,2471,15.695945945945946
114813,3841,189,4030,20.322751322751323
114834,2400,83,2483,28.91566265060241
114835,1037,112,1149,9.258928571428571
114838,3225,73,3298,44.17808219178082
114840,2368,99,2467,23.91919191919192
114844,568,164,732,3.463414634146341
114846,2057,328,2385,6.271341463414634
114847,1807,79,1886,22.873417721518987
114849,3779,228,4007,16.57456140350877
114861,2481,101,2582,24.564356435643564
114862,3787,209,3996,18.119617224880383
114863,1159,169,1328,6.8579881656804735
114877,3100,207,3307,14.97584541062802
114878,3042,183,3225,16.62295081967213
114882,2694,191,2885,14.104712041884817
114893,2687,167,2854,16.089820359281436
114905,1753,130,1883,13.484615384615385
114910,2172,93,2265,23.35483870967742
114928,3198,299,3497,10.695652173913045
114944,3425,272,3697,12.591911764705882
114963,1148,96,1244,11.958333333333334
114972,1772,135,1907,13.125925925925928
114974,2551,259,2810,9.849420849420849
114981,2373,144,2517,16.479166666666668
114991,3765,271,4036,13.8929889298893
115001,2442,134,2576,18.22388059701493
115002,1482,266,1748,5.571428571428571
115007,1967,177,2144,11.112994350282486
115010,3018,84,3102,35.92857142857143
115026,2753,246,2999,11.191056910569106
115030,2673,190,2863,14.06842105263158
115049,3552,311,3863,11.421221864951768
115054,2443,220,2663,11.104545454545455
115056,1415,139,1554,10.179856115107912
115063,2363,125,2488,18.904
115064,23,1870,1893,0.0122994652406417
115080,3055,72,3127,42.43055555555556
115081,2988,297,3285,10.06060606060606
115088,3568,120,3688,29.73333333333333
115098,1611,276,1887,5.836956521739131
115102,3571,37,3608,96.51351351351352
115118,2059,268,2327,7.682835820895522
115127,3422,213,3635,16.065727699530516
115128,2943,201,3144,14.64179104477612
115133,3205,109,3314,29.40366972477064
115138,3131,229,3360,13.672489082969433
115145,3505,408,3913,8.590686274509803
115157,3872,101,3973,38.336633663366335
115163,1700,1063,2763,1.599247412982126
115166,2234,81,2315,27.580246913580247
115176,2713,145,2858,18.71034482758621
115180,2108,221,2329,9.538461538461538
115201,3516,121,3637,29.05785123966942
115202,2384,266,2650,8.962406015037594
115208,2002,66,2068,30.33333333333333
115225,2742,152,2894,18.039473684210527
115243,2843,175,3018,16.245714285714286
115256,3239,147,3386,22.034013605442176
115260,3661,183,3844,20.00546448087432
115263,2363,201,2564,11.756218905472636
115264,2930,122,3052,24.016393442622952
115275,2952,85,3037,34.72941176470588
115280,3661,167,3828,21.922155688622755
115299,601,129,730,4.658914728682171
115306,3063,327,3390,9.36697247706422
115307,1398,225,1623,6.213333333333333
115324,1829,73,1902,25.054794520547944
115325,2381,114,2495,20.885964912280706
115326,3684,120,3804,30.7
115330,3904,111,4015,35.171171171171174
115332,2363,39,2402,60.58974358974359
115346,2399,169,2568,14.195266272189349
115354,884,189,1073,4.677248677248677
115368,2297,130,2427,17.66923076923077
115370,3848,94,3942,40.93617021276596
115372,2917,198,3115,14.732323232323232
115374,3224,310,3534,10.4
115375,943,166,1109,5.680722891566265
115388,3141,129,3270,24.348837209302324
115405,2921,130,3051,22.46923076923077
115426,2678,161,2839,16.633540372670808
115427,3425,354,3779,9.675141242937851
115437,1665,170,1835,9.794117647058824
115443,119,2971,3090,0.0400538539212386
115454,1770,53,1823,33.39622641509434
115460,2855,64,2919,44.609375
115465,3003,262,3265,11.4618320610687
115467,2966,296,3262,10.02027027027027
115472,2999,125,3124,23.992
115473,3901,187,4088,20.86096256684492
115480,3804,215,4019,17.693023255813955
115489,28,3808,3836,0.0073529411764705
115494,3360,161,3521,20.869565217391305
115495,3826,178,4004,21.49438202247191
115496,3786,105,3891,36.05714285714286
115500,3493,264,3757,13.231060606060606
115503,3556,197,3753,18.0507614213198
115504,1002,181,1183,5.535911602209945
115506,800,139,939,5.755395683453237
115523,2612,153,2765,17.0718954248366
115528,3388,272,3660,12.455882352941176
115533,2470,195,2665,12.666666666666666
115537,1638,132,1770,12.409090909090908
115543,3178,72,3250,44.138888888888886
115546,2035,172,2207,11.831395348837209
115552,1627,294,1921,5.534013605442177
115555,3174,114,3288,27.84210526315789
115559,2853,163,3016,17.503067484662576
115564,3493,301,3794,11.604651162790695
115570,2061,196,2257,10.51530612244898
115573,1034,1911,2945,0.5410779696493982
115582,890,195,1085,4.564102564102564
115586,3765,306,4071,12.303921568627452
115604,1934,89,2023,21.730337078651687
115616,961,1978,2939,0.4858442871587462
115619,3554,94,3648,37.80851063829788
115625,3400,280,3680,12.142857142857142
115636,3623,334,3957,10.847305389221557
115638,3620,173,3793,20.92485549132948
115650,2666,137,2803,19.45985401459854
115656,2182,187,2369,11.668449197860962
115657,2819,785,3604,3.5910828025477706
115662,1991,260,2251,7.657692307692308
115669,3273,176,3449,18.59659090909091
115695,3828,92,3920,41.60869565217392
115710,1401,101,1502,13.871287128712872
115716,3691,275,3966,13.421818181818182
115717,3713,170,3883,21.841176470588238
115723,2922,76,2998,38.44736842105263
115725,2341,151,2492,15.503311258278146
115736,1425,133,1558,10.714285714285714
115743,1764,267,2031,6.606741573033708
115746,3082,151,3233,20.410596026490065
115752,3593,88,3681,40.82954545454545
115753,3632,76,3708,47.78947368421053
115755,2660,134,2794,19.85074626865672
115791,1309,461,1770,2.839479392624729
115803,3244,88,3332,36.86363636363637
115814,2540,72,2612,35.27777777777778
115815,3010,124,3134,24.274193548387096
115820,1890,89,1979,21.235955056179776
115827,2713,186,2899,14.586021505376344
115839,238,1252,1490,0.1900958466453674
115861,2868,24,2892,119.5
115866,1948,207,2155,9.41062801932367
115867,1574,140,1714,11.242857142857142
115881,2094,137,2231,15.284671532846716
115883,3388,480,3868,7.058333333333334
115897,2615,94,2709,27.81914893617021
115924,1268,80,1348,15.85
115928,1549,94,1643,16.47872340425532
115929,3075,104,3179,29.567307692307693
115934,3372,312,3684,10.807692307692308
115937,3309,162,3471,20.425925925925927
115939,3163,60,3223,52.71666666666667
115943,2975,153,3128,19.444444444444443
115952,3767,279,4046,13.50179211469534
115970,2120,170,2290,12.470588235294118
115971,2436,198,2634,12.303030303030305
115974,3746,95,3841,39.43157894736842
115981,2234,794,3028,2.81360201511335
115996,2594,51,2645,50.86274509803921
116004,3134,91,3225,34.43956043956044
116006,2866,64,2930,44.78125
116020,3667,92,3759,39.85869565217392
116026,44,1744,1788,0.0252293577981651
116028,2661,52,2713,51.17307692307692
116033,3862,113,3975,34.176991150442475
116039,3907,176,4083,22.19886363636364
116042,3498,194,3692,18.030927835051543
116045,3559,353,3912,10.082152974504249
116047,1079,323,1402,3.340557275541796
116050,3150,149,3299,21.14093959731544
116058,2168,90,2258,24.08888888888889
116065,2081,166,2247,12.536144578313252
116074,2044,125,2169,16.352
116076,338,165,503,2.0484848484848484
116079,1593,89,1682,17.89887640449438
116087,3544,101,3645,35.08910891089109
116095,2356,248,2604,9.5
116100,2951,213,3164,13.854460093896714
116103,2446,291,2737,8.405498281786942
116112,1610,334,1944,4.820359281437126
116118,2810,25,2835,112.4
116119,3359,98,3457,34.275510204081634
116121,1835,619,2454,2.964458804523425
116123,1770,174,1944,10.172413793103448
116124,3585,300,3885,11.95
116126,3519,230,3749,15.3
116129,1594,238,1832,6.697478991596639
116135,3322,137,3459,24.248175182481752
116137,1715,242,1957,7.086776859504132
116139,17,1019,1036,0.0166830225711481
116150,1588,90,1678,17.644444444444446
116151,1699,105,1804,16.18095238095238
116164,2583,282,2865,9.159574468085106
116168,3022,106,3128,28.50943396226415
116188,2643,218,2861,12.123853211009177
116193,2766,159,2925,17.39622641509434
116212,2853,191,3044,14.93717277486911
116222,273,1032,1305,0.2645348837209302
116226,1160,187,1347,6.2032085561497325
116236,3306,210,3516,15.742857142857142
116249,3284,154,3438,21.32467532467533
116252,3395,75,3470,45.266666666666666
116306,3717,108,3825,34.416666666666664
116308,2400,110,2510,21.818181818181817
116310,3140,199,3339,15.77889447236181
116313,417,3479,3896,0.1198620293187697
116319,1778,121,1899,14.694214876033058
116337,2608,297,2905,8.781144781144782
116338,2930,96,3026,30.52083333333333
116355,2431,124,2555,19.60483870967742
116377,3543,82,3625,43.207317073170735
116381,3628,173,3801,20.971098265895957
116383,2587,118,2705,21.92372881355932
116393,3533,77,3610,45.88311688311688
116399,3170,264,3434,12.007575757575758
116402,3482,111,3593,31.36936936936937
116409,2148,208,2356,10.326923076923077
116421,1721,232,1953,7.418103448275862
116422,3504,77,3581,45.50649350649351
116426,2598,123,2721,21.121951219512194
116427,852,1665,2517,0.5117117117117117
116428,3586,93,3679,38.55913978494624
116434,3057,83,3140,36.83132530120482
116435,2147,116,2263,18.50862068965517
116439,2485,142,2627,17.5
116450,2929,123,3052,23.8130081300813
116451,1553,393,1946,3.951653944020357
116459,3773,135,3908,27.94814814814815
116462,2276,212,2488,10.735849056603774
116464,3601,189,3790,19.05291005291005
116465,3691,293,3984,12.59726962457338
116482,1401,281,1682,4.98576512455516
116488,2879,178,3057,16.174157303370787
116493,3749,165,3914,22.721212121212123
116497,2328,199,2527,11.698492462311558
116505,2530,158,2688,16.0126582278481
116517,2195,222,2417,9.887387387387388
116518,2461,114,2575,21.587719298245613
116519,3255,71,3326,45.84507042253521
116526,175,2080,2255,0.0841346153846153
116529,2471,115,2586,21.48695652173913
116534,1685,227,1912,7.422907488986784
116537,2401,116,2517,20.698275862068964
116543,2036,83,2119,24.53012048192771
116547,3682,286,3968,12.874125874125872
116550,3131,104,3235,30.10576923076923
116561,3308,166,3474,19.927710843373493
116566,3890,123,4013,31.6260162601626
116601,1618,91,1709,17.78021978021978
116603,3342,279,3621,11.978494623655914
116609,856,174,1030,4.919540229885057
116610,960,535,1495,1.794392523364486
116627,1905,258,2163,7.383720930232558
116640,389,1708,2097,0.227751756440281
116667,3326,239,3565,13.916317991631798
116668,3656,136,3792,26.88235294117647
116670,2819,149,2968,18.91946308724832
116674,2634,409,3043,6.440097799511002
116704,3862,166,4028,23.26506024096385
116710,3713,160,3873,23.20625
116717,3906,164,4070,23.817073170731707
116753,2618,231,2849,11.333333333333334
116755,1815,238,2053,7.626050420168068
116768,2006,267,2273,7.51310861423221
116773,3440,83,3523,41.44578313253012
116778,2960,127,3087,23.30708661417323
116795,1962,294,2256,6.673469387755102
116796,3118,119,3237,26.201680672268907
116800,1630,183,1813,8.907103825136613
116809,1745,52,1797,33.55769230769231
116817,478,148,626,3.22972972972973
116818,2686,184,2870,14.597826086956522
116825,2359,273,2632,8.64102564102564
116828,2395,276,2671,8.677536231884059
116838,2186,74,2260,29.54054054054054
116848,3859,137,3996,28.16788321167883
116851,1503,123,1626,12.21951219512195
116871,3464,261,3725,13.272030651340996
116879,1919,311,2230,6.170418006430868
116880,1840,589,2429,3.1239388794567065
116881,3817,119,3936,32.075630252100844
116884,3316,111,3427,29.873873873873872
116892,3607,160,3767,22.54375
116917,2018,84,2102,24.02380952380953
116938,3939,96,4035,41.03125
116949,3628,94,3722,38.59574468085106
116970,3169,128,3297,24.7578125
116975,3586,66,3652,54.333333333333336
116989,2484,387,2871,6.418604651162791
117001,2794,149,2943,18.751677852348998
117012,2177,109,2286,19.972477064220183
117042,2005,108,2113,18.564814814814813
117046,3492,75,3567,46.56
117049,3826,236,4062,16.21186440677966
117061,1373,291,1664,4.718213058419244
117064,2561,309,2870,8.288025889967637
117067,546,2359,2905,0.2314540059347181
117084,3821,110,3931,34.736363636363635
117086,2254,34,2288,66.29411764705883
117093,3779,69,3848,54.76811594202898
117098,3449,256,3705,13.47265625
117114,1628,76,1704,21.42105263157895
117115,3749,57,3806,65.7719298245614
117118,1720,229,1949,7.510917030567685
117119,991,260,1251,3.811538461538461
117134,3270,200,3470,16.35
117149,1599,308,1907,5.191558441558442
117150,3871,138,4009,28.05072463768116
117160,2833,150,2983,18.886666666666667
117169,3093,197,3290,15.700507614213198
117174,1241,97,1338,12.793814432989691
117175,23,2240,2263,0.0102678571428571
117195,1657,159,1816,10.42138364779874
117200,3006,320,3326,9.39375
117205,2903,92,2995,31.55434782608696
117212,2128,87,2215,24.45977011494253
117221,3671,124,3795,29.60483870967742
117235,2824,261,3085,10.81992337164751
117237,1232,107,1339,11.514018691588785
117239,3770,199,3969,18.944723618090453
117244,1119,238,1357,4.701680672268908
117250,3634,193,3827,18.82901554404145
117274,1295,139,1434,9.316546762589928
117278,1153,54,1207,21.35185185185185
117287,3632,108,3740,33.629629629629626
117296,2360,237,2597,9.957805907172997
117297,1899,106,2005,17.91509433962264
117305,3171,225,3396,14.093333333333334
117308,1513,71,1584,21.309859154929576
117313,3056,197,3253,15.51269035532995
117315,1277,235,1512,5.43404255319149
117317,2314,149,2463,15.53020134228188
117329,3080,87,3167,35.40229885057471
117330,29,3556,3585,0.0081552305961754
117331,3130,458,3588,6.834061135371179
117336,3696,78,3774,47.38461538461539
117338,1933,95,2028,20.347368421052632
117347,2433,94,2527,25.882978723404257
117350,1370,325,1695,4.215384615384616
117358,3853,158,4011,24.38607594936709
117362,2322,212,2534,10.952830188679243
117363,3470,61,3531,56.885245901639344
117373,2600,101,2701,25.742574257425744
117382,2542,153,2695,16.61437908496732
117397,28,1920,1948,0.0145833333333333
117399,2444,286,2730,8.545454545454545
117405,941,31,972,30.35483870967742
117407,2779,46,2825,60.41304347826087
117413,3065,223,3288,13.74439461883408
117416,2975,72,3047,41.31944444444444
117418,3851,136,3987,28.31617647058824
117420,974,206,1180,4.728155339805825
117423,82,2799,2881,0.029296177206145
117424,3439,528,3967,6.513257575757576
117426,3089,102,3191,30.2843137254902
117427,3142,461,3603,6.815618221258134
117430,3859,223,4082,17.30493273542601
117431,1992,335,2327,5.946268656716418
117438,3351,275,3626,12.185454545454546
117445,3722,90,3812,41.355555555555554
117450,2792,388,3180,7.195876288659794
117452,101,2762,2863,0.0365677045619116
117458,2702,197,2899,13.715736040609135
117464,3945,83,4028,47.53012048192771
117465,2970,56,3026,53.035714285714285
117477,2647,48,2695,55.145833333333336
117484,3795,263,4058,14.429657794676809
117487,3506,135,3641,25.97037037037037
117492,1983,107,2090,18.53271028037383
117495,3458,89,3547,38.853932584269664
117505,2855,99,2954,28.83838383838384
117506,768,235,1003,3.2680851063829786
117508,2002,194,2196,10.31958762886598
117515,3037,79,3116,38.44303797468354
117527,3162,902,4064,3.505543237250554
117529,1598,134,1732,11.92537313432836
117530,1365,129,1494,10.581395348837209
117532,2013,301,2314,6.687707641196013
117533,3194,468,3662,6.8247863247863245
117534,2329,181,2510,12.867403314917128
117541,2605,153,2758,17.026143790849673
117542,3170,246,3416,12.886178861788618
117543,2729,41,2770,66.5609756097561
117546,2426,167,2593,14.52694610778443
117569,3880,110,3990,35.27272727272727
117570,2703,247,2950,10.94331983805668
117572,2337,142,2479,16.45774647887324
117593,3617,121,3738,29.89256198347108
117594,1028,221,1249,4.65158371040724
117595,1953,176,2129,11.096590909090908
117599,3266,320,3586,10.20625
117601,1616,76,1692,21.26315789473684
117604,2610,262,2872,9.9618320610687
117606,2913,98,3011,29.72448979591837
117612,1751,118,1869,14.83898305084746
117621,3520,111,3631,31.71171171171171
117630,39,2818,2857,0.0138396025550035
117634,2846,214,3060,13.299065420560748
117655,3644,95,3739,38.357894736842105
117659,166,3885,4051,0.0427284427284427
117666,3534,245,3779,14.424489795918369
117667,3790,150,3940,25.266666666666666
117676,1768,80,1848,22.1
117678,2685,173,2858,15.520231213872831
117687,957,586,1543,1.6331058020477816
117689,2207,552,2759,3.9981884057971016
117690,3146,415,3561,7.580722891566265
117694,1484,173,1657,8.578034682080926
117698,2394,160,2554,14.9625
117707,2886,224,3110,12.883928571428571
117708,289,3168,3457,0.0912247474747474
117715,3437,118,3555,29.1271186440678
117731,1705,67,1772,25.44776119402985
117732,3817,62,3879,61.564516129032256
117739,2722,199,2921,13.678391959798995
117748,2804,58,2862,48.3448275862069
117751,2244,132,2376,17.0
117763,2942,229,3171,12.847161572052402
117768,3159,169,3328,18.692307692307693
117773,849,190,1039,4.468421052631579
117775,2218,197,2415,11.258883248730964
117789,2257,159,2416,14.19496855345912
117792,692,202,894,3.4257425742574257
117806,2435,196,2631,12.423469387755102
117809,1837,155,1992,11.851612903225806
117822,2948,178,3126,16.56179775280899
117826,3427,54,3481,63.46296296296296
117830,1610,164,1774,9.817073170731708
117838,3910,128,4038,30.546875
117841,3227,88,3315,36.67045454545455
117872,2796,194,2990,14.41237113402062
117878,3364,132,3496,25.484848484848484
117879,3456,148,3604,23.35135135135135
117885,3315,333,3648,9.954954954954957
117898,3840,182,4022,21.0989010989011
117914,1332,157,1489,8.48407643312102
117928,3033,150,3183,20.22
117936,2811,131,2942,21.45801526717557
117939,2345,125,2470,18.76
117941,802,199,1001,4.030150753768845
117945,3847,31,3878,124.09677419354838
117954,2848,143,2991,19.91608391608392
117959,2798,110,2908,25.43636363636364
117986,2009,155,2164,12.961290322580645
117988,2681,202,2883,13.272277227722771
117991,2064,81,2145,25.48148148148148
117992,1488,201,1689,7.402985074626866
118002,2180,103,2283,21.16504854368932
118011,3450,160,3610,21.5625
118027,3502,170,3672,20.6
118029,2189,85,2274,25.75294117647059
118033,2253,96,2349,23.46875
118034,3024,352,3376,8.590909090909092
118035,3641,193,3834,18.865284974093264
118046,2731,121,2852,22.570247933884296
118051,3850,231,4081,16.666666666666668
118076,3198,250,3448,12.792
118082,2467,174,2641,14.17816091954023
118089,3671,123,3794,29.84552845528455
118090,1950,79,2029,24.68354430379747
118097,3410,87,3497,39.195402298850574
118098,2233,57,2290,39.175438596491226
118106,2802,147,2949,19.06122448979592
118110,3413,55,3468,62.054545454545455
118117,1915,165,2080,11.606060606060606
118129,2532,736,3268,3.440217391304348
118141,3153,155,3308,20.34193548387097
118158,2679,212,2891,12.63679245283019
118163,3002,73,3075,41.12328767123287
118166,3170,239,3409,13.263598326359832
118168,3428,148,3576,23.16216216216216
118169,3090,615,3705,5.024390243902439
118179,2609,50,2659,52.18
118181,2492,316,2808,7.886075949367089
118183,3079,221,3300,13.93212669683258
118188,1355,114,1469,11.885964912280702
118196,3901,48,3949,81.27083333333333
118205,2257,84,2341,26.86904761904762
118210,2305,201,2506,11.467661691542288
118222,792,190,982,4.168421052631579
118227,2051,25,2076,82.04
118242,2621,364,2985,7.200549450549451
118247,3264,255,3519,12.8
118257,3448,116,3564,29.724137931034484
118261,2366,232,2598,10.198275862068966
118266,2710,35,2745,77.42857142857143
118271,2063,113,2176,18.256637168141594
118274,3633,77,3710,47.18181818181818
118283,1646,178,1824,9.247191011235955
118297,3446,50,3496,68.92
118301,2095,98,2193,21.377551020408163
118303,2117,32,2149,66.15625
118308,3688,156,3844,23.64102564102564
118323,2236,61,2297,36.65573770491803
118326,3145,249,3394,12.630522088353414
118327,2573,78,2651,32.98717948717949
118338,2969,141,3110,21.05673758865248
118351,2674,444,3118,6.0225225225225225
118367,3435,176,3611,19.517045454545453
118374,186,2305,2491,0.0806941431670281
118375,3260,139,3399,23.453237410071942
118384,2238,174,2412,12.862068965517242
118386,1568,110,1678,14.254545454545454
118387,2165,207,2372,10.458937198067632
118394,2802,78,2880,35.92307692307692
118396,372,2916,3288,0.1275720164609053
118399,3391,167,3558,20.305389221556887
118410,3841,182,4023,21.10439560439561
118411,3814,200,4014,19.07
118430,2379,192,2571,12.390625
118432,2708,331,3039,8.181268882175226
118438,3638,192,3830,18.947916666666668
118455,2851,230,3081,12.395652173913044
118461,3202,65,3267,49.261538461538464
118462,3135,295,3430,10.627118644067796
118465,1645,107,1752,15.373831775700934
118469,3278,252,3530,13.007936507936508
118484,1772,307,2079,5.771986970684039
118494,3095,210,3305,14.738095238095235
118505,2700,87,2787,31.03448275862069
118507,2696,127,2823,21.228346456692915
118515,3630,139,3769,26.115107913669064
118518,1892,85,1977,22.258823529411764
118525,2957,222,3179,13.31981981981982
118538,3806,167,3973,22.790419161676645
118554,765,229,994,3.3406113537117905
118570,2758,255,3013,10.815686274509805
118580,3513,155,3668,22.664516129032258
118582,2766,267,3033,10.359550561797754
118589,2200,52,2252,42.30769230769231
118596,2912,88,3000,33.09090909090909
118598,2537,100,2637,25.37
118600,1186,86,1272,13.790697674418604
118606,2365,196,2561,12.066326530612244
118609,2347,91,2438,25.791208791208792
118617,3286,252,3538,13.03968253968254
118622,1171,162,1333,7.228395061728395
118631,2669,881,3550,3.029511918274688
118644,2936,172,3108,17.069767441860463
118652,33,3149,3182,0.0104795173070816
118656,2279,160,2439,14.24375
118662,3063,349,3412,8.776504297994268
118672,2744,149,2893,18.416107382550337
118674,1452,181,1633,8.022099447513812
118678,3677,278,3955,13.226618705035971
118680,3082,182,3264,16.934065934065934
118683,3492,138,3630,25.30434782608696
118685,3611,233,3844,15.49785407725322
118691,3875,126,4001,30.753968253968253
118696,1252,183,1435,6.841530054644808
118702,931,179,1110,5.201117318435754
118704,3750,108,3858,34.72222222222222
118709,3576,222,3798,16.10810810810811
118718,2761,274,3035,10.076642335766424
118728,3072,48,3120,64.0
118759,1878,71,1949,26.450704225352112
118764,1723,168,1891,10.25595238095238
118777,1880,249,2129,7.550200803212851
118789,2646,113,2759,23.41592920353982
118793,2757,220,2977,12.53181818181818
118794,1626,108,1734,15.055555555555555
118795,3800,194,3994,19.587628865979383
118797,1770,223,1993,7.937219730941704
118817,3505,193,3698,18.16062176165803
118825,2496,105,2601,23.77142857142857
118848,752,181,933,4.154696132596685
118849,2756,166,2922,16.602409638554217
118863,2580,132,2712,19.545454545454547
118871,2175,160,2335,13.59375
118873,3056,112,3168,27.285714285714285
118877,2879,148,3027,19.4527027027027
118883,2553,385,2938,6.631168831168831
118897,3469,257,3726,13.498054474708171
118902,1,1154,1155,0.0008665511265164
118911,2365,154,2519,15.357142857142858
118930,2261,73,2334,30.972602739726028
118936,2115,152,2267,13.914473684210526
118937,2245,95,2340,23.63157894736842
118944,2256,83,2339,27.180722891566266
118945,3399,176,3575,19.3125
118950,3741,249,3990,15.024096385542167
118953,3756,317,4073,11.848580441640378
118955,3078,225,3303,13.68
118966,2200,113,2313,19.469026548672566
118971,3281,182,3463,18.02747252747253
118977,3747,124,3871,30.217741935483872
118978,2134,264,2398,8.083333333333334
118983,3152,122,3274,25.83606557377049
118992,2297,149,2446,15.416107382550337
118995,3079,138,3217,22.31159420289855
119005,2473,306,2779,8.081699346405228
119023,2871,125,2996,22.968
119026,2465,148,2613,16.655405405405407
119030,2125,262,2387,8.110687022900763
119034,3148,172,3320,18.302325581395348
119043,1307,289,1596,4.522491349480969
119055,3403,35,3438,97.22857142857144
119057,774,41,815,18.87804878048781
119063,3376,78,3454,43.282051282051285
119074,2644,138,2782,19.159420289855078
119078,3407,154,3561,22.123376623376625
119081,2269,132,2401,17.189393939393938
119082,3936,155,4091,25.39354838709677
119092,1475,222,1697,6.644144144144144
119093,2461,287,2748,8.574912891986063
119097,2677,392,3069,6.829081632653061
119098,3629,292,3921,12.428082191780822
119103,3713,157,3870,23.64968152866242
119122,3939,154,4093,25.57792207792208
119124,2769,242,3011,11.442148760330578
119126,1771,156,1927,11.352564102564102
119130,75,2768,2843,0.0270953757225433
119132,3013,253,3266,11.909090909090908
119139,2104,1138,3242,1.8488576449912129
119141,2802,181,2983,15.480662983425416
119150,3654,118,3772,30.966101694915253
119159,1984,170,2154,11.670588235294115
119162,2427,269,2696,9.022304832713754
119176,1817,144,1961,12.618055555555555
119183,1668,73,1741,22.84931506849315
119195,2651,191,2842,13.87958115183246
119215,2670,94,2764,28.404255319148938
119220,1620,402,2022,4.029850746268656
119221,3079,157,3236,19.611464968152863
119233,3701,185,3886,20.005405405405405
119236,2946,168,3114,17.535714285714285
119240,1263,144,1407,8.770833333333334
119241,2577,141,2718,18.27659574468085
119252,2037,194,2231,10.5
119258,1619,141,1760,11.4822695035461
119298,2640,86,2726,30.69767441860465
119299,3515,234,3749,15.02136752136752
119308,2059,225,2284,9.151111111111112
119317,56,232,288,0.2413793103448276
119335,1869,77,1946,24.272727272727277
119345,1636,189,1825,8.656084656084657
119346,3593,263,3856,13.661596958174904
119362,2380,120,2500,19.83333333333333
119368,2785,161,2946,17.29813664596273
119377,2910,124,3034,23.467741935483872
119380,1229,54,1283,22.75925925925926
119382,979,411,1390,2.3819951338199514
119383,2524,296,2820,8.527027027027026
119393,3292,201,3493,16.378109452736318
119396,2369,453,2822,5.229580573951435
119397,2692,152,2844,17.710526315789473
119401,2582,123,2705,20.991869918699187
119406,3104,104,3208,29.846153846153847
119417,3096,146,3242,21.2054794520548
119438,715,3098,3813,0.2307940606843124
119441,2541,287,2828,8.853658536585366
119448,3841,229,4070,16.77292576419214
119450,3435,113,3548,30.398230088495577
119462,1727,160,1887,10.79375
119465,2016,470,2486,4.28936170212766
119469,2644,183,2827,14.448087431693988
119475,2479,212,2691,11.693396226415096
119484,2837,355,3192,7.991549295774647
119486,1390,142,1532,9.788732394366198
119502,2308,872,3180,2.646788990825688
119503,3863,179,4042,21.58100558659218
119508,3872,207,4079,18.70531400966184
119512,3327,460,3787,7.232608695652174
119514,2903,317,3220,9.157728706624606
119516,2874,97,2971,29.628865979381445
119526,1221,99,1320,12.333333333333334
119536,2408,266,2674,9.052631578947368
119540,2811,252,3063,11.154761904761903
119548,2625,367,2992,7.15258855585831
119549,2744,148,2892,18.54054054054054
119554,3611,245,3856,14.738775510204082
119555,2003,202,2205,9.915841584158416
119557,1937,66,2003,29.348484848484848
119560,3750,268,4018,13.992537313432836
119565,2996,81,3077,36.98765432098765
119570,3357,237,3594,14.164556962025316
119578,2573,250,2823,10.292
119586,1441,369,1810,3.9051490514905143
119595,1659,129,1788,12.86046511627907
119597,3434,123,3557,27.91869918699187
119603,3104,98,3202,31.6734693877551
119614,3898,117,4015,33.31623931623932
119620,3883,98,3981,39.62244897959184
119621,778,164,942,4.743902439024391
119632,2665,174,2839,15.316091954022989
119634,2946,185,3131,15.924324324324324
119637,1863,190,2053,9.805263157894736
119645,790,121,911,6.528925619834711
119646,872,115,987,7.582608695652174
119649,3287,84,3371,39.13095238095238
119651,3738,319,4057,11.717868338557992
119652,2574,117,2691,22.0
119681,21,3123,3144,0.0067243035542747
119686,2650,126,2776,21.03174603174603
119695,3700,132,3832,28.03030303030303
119703,2774,212,2986,13.08490566037736
119723,110,1174,1284,0.0936967632027257
119725,2893,187,3080,15.470588235294118
119728,2825,275,3100,10.272727272727272
119738,3479,178,3657,19.54494382022472
119746,2964,161,3125,18.40993788819876
119747,681,122,803,5.581967213114754
119764,3613,108,3721,33.4537037037037
119772,1711,192,1903,8.911458333333334
119782,1597,308,1905,5.185064935064935
119789,2526,175,2701,14.434285714285714
119802,730,2887,3617,0.2528576376861794
119805,3670,160,3830,22.9375
119815,2030,115,2145,17.652173913043477
119818,3223,263,3486,12.254752851711029
119821,3177,138,3315,23.02173913043478
119827,2941,56,2997,52.517857142857146
119833,2099,18,2117,116.61111111111111
119838,861,196,1057,4.392857142857143
119839,3421,176,3597,19.4375
119852,3315,139,3454,23.848920863309356
119854,3927,147,4074,26.714285714285715
119857,2048,217,2265,9.43778801843318
119861,980,67,1047,14.626865671641792
119862,2113,1453,3566,1.4542326221610462
119875,3024,139,3163,21.75539568345324
119884,2273,228,2501,9.969298245614034
119885,3705,240,3945,15.4375
119886,25,3369,3394,0.0074205995844464
119889,3676,135,3811,27.22962962962963
119905,3173,52,3225,61.01923076923077
119908,3516,26,3542,135.23076923076923
119924,2590,50,2640,51.8
119954,3339,113,3452,29.54867256637168
119963,2874,330,3204,8.709090909090909
119982,2995,200,3195,14.975
119986,1342,67,1409,20.029850746268657
119992,3743,211,3954,17.739336492890995
120004,3122,205,3327,15.229268292682926
120005,1445,155,1600,9.32258064516129
120029,2911,274,3185,10.624087591240876
120034,2205,175,2380,12.6
120035,3804,133,3937,28.601503759398497
120036,3612,427,4039,8.459016393442623
120045,1533,378,1911,4.055555555555555
120059,3668,113,3781,32.46017699115044
120066,811,74,885,10.95945945945946
120069,2598,123,2721,21.121951219512194
120071,3200,350,3550,9.142857142857142
120072,2591,124,2715,20.89516129032258
120073,942,184,1126,5.119565217391305
120080,2244,195,2439,11.507692307692308
120098,1909,418,2327,4.566985645933015
120099,3857,86,3943,44.84883720930232
120102,2769,162,2931,17.09259259259259
120105,1704,303,2007,5.623762376237623
120113,2367,88,2455,26.897727272727277
120119,3459,107,3566,32.32710280373832
120131,3098,474,3572,6.5358649789029535
120144,3716,129,3845,28.8062015503876
120148,3936,137,4073,28.72992700729927
120149,2622,195,2817,13.446153846153846
120150,3432,171,3603,20.07017543859649
120151,1718,235,1953,7.31063829787234
120155,3858,227,4085,16.995594713656388
120167,3183,204,3387,15.602941176470589
120168,2460,177,2637,13.898305084745765
120170,2250,241,2491,9.33609958506224
120184,2788,37,2825,75.35135135135135
120200,1724,125,1849,13.792
120201,2583,342,2925,7.552631578947368
120229,3378,126,3504,26.80952380952381
120235,2336,386,2722,6.051813471502591
120242,2551,155,2706,16.45806451612903
120247,3207,226,3433,14.190265486725664
120257,2127,144,2271,14.770833333333334
120265,2112,246,2358,8.585365853658537
120269,3811,140,3951,27.22142857142857
120276,3824,91,3915,42.02197802197802
120289,1067,86,1153,12.406976744186046
120293,3361,233,3594,14.42489270386266
120317,1925,89,2014,21.629213483146067
120319,2474,131,2605,18.885496183206108
120328,2173,116,2289,18.73275862068965
120329,3765,324,4089,11.62037037037037
120339,584,1738,2322,0.336018411967779
120341,3480,532,4012,6.541353383458647
120357,3325,226,3551,14.712389380530974
120367,1763,230,1993,7.665217391304348
120372,3555,251,3806,14.163346613545816
120383,2099,284,2383,7.390845070422535
120391,3704,204,3908,18.15686274509804
120392,3556,163,3719,21.8159509202454
120408,3969,121,4090,32.80165289256198
120424,1365,186,1551,7.338709677419355
120426,1713,524,2237,3.269083969465649
120446,2095,234,2329,8.952991452991453
120450,3690,104,3794,35.48076923076923
120452,1339,254,1593,5.271653543307087
120462,2597,386,2983,6.727979274611399
120483,3632,280,3912,12.971428571428572
120486,3800,110,3910,34.54545454545455
120489,3687,113,3800,32.6283185840708
120498,2345,181,2526,12.955801104972377
120502,1832,47,1879,38.97872340425532
120507,1131,267,1398,4.235955056179775
120508,2484,176,2660,14.113636363636363
120518,3853,190,4043,20.27894736842105
120530,1624,293,1917,5.542662116040956
120536,1097,68,1165,16.13235294117647
120537,468,491,959,0.9531568228105908
120555,3395,342,3737,9.92690058479532
120580,2644,120,2764,22.03333333333333
120585,2789,343,3132,8.131195335276969
120609,3429,488,3917,7.026639344262295
120644,3163,266,3429,11.890977443609025
120652,3122,111,3233,28.126126126126128
120653,2839,156,2995,18.19871794871795
120671,3087,100,3187,30.87
120674,3616,107,3723,33.794392523364486
120689,3273,358,3631,9.14245810055866
120699,2234,202,2436,11.05940594059406
120744,2361,127,2488,18.590551181102363
120747,3915,103,4018,38.00970873786408
120753,3487,270,3757,12.914814814814816
120760,911,159,1070,5.729559748427673
120763,2764,158,2922,17.49367088607595
120768,3807,124,3931,30.701612903225808
120771,1997,127,2124,15.724409448818898
120811,2616,222,2838,11.783783783783784
120814,1799,179,1978,10.05027932960894
120821,1928,93,2021,20.731182795698924
120822,2403,88,2491,27.306818181818183
120825,3565,142,3707,25.1056338028169
120832,2908,555,3463,5.239639639639639
120835,2916,147,3063,19.836734693877556
120847,1959,431,2390,4.545243619489559
120853,3618,118,3736,30.661016949152543
120855,2462,177,2639,13.909604519774012
120862,1613,116,1729,13.905172413793103
120869,3534,272,3806,12.992647058823527
120871,2473,290,2763,8.527586206896551
120873,2842,98,2940,29.0
120876,1625,157,1782,10.35031847133758
120877,3238,149,3387,21.731543624161077
120878,2861,1008,3869,2.8382936507936507
120884,1074,185,1259,5.805405405405406
120899,3115,241,3356,12.925311203319502
120900,188,2523,2711,0.0745144669044788
120902,3956,58,4014,68.20689655172414
120918,2043,103,2146,19.83495145631068
120920,3668,277,3945,13.24187725631769
120922,1401,81,1482,17.296296296296298
120925,3686,241,3927,15.294605809128631
120926,2187,110,2297,19.881818181818183
120931,2877,233,3110,12.34763948497854
120937,543,3486,4029,0.1557659208261617
120939,3425,162,3587,21.14197530864197
120942,2860,49,2909,58.36734693877551
120944,3320,467,3787,7.109207708779444
120952,2217,79,2296,28.063291139240505
120956,3816,227,4043,16.81057268722467
120959,3872,174,4046,22.25287356321839
120985,3154,148,3302,21.31081081081081
120992,3845,115,3960,33.43478260869565
120998,3430,245,3675,14.0
121004,3894,147,4041,26.489795918367346
121007,2345,304,2649,7.713815789473684
121009,2037,79,2116,25.78481012658228
121014,1908,156,2064,12.23076923076923
121019,2533,71,2604,35.67605633802817
121028,2411,103,2514,23.40776699029126
121032,2073,338,2411,6.133136094674557
121034,1152,2798,3950,0.411722659042173
121035,3774,86,3860,43.88372093023256
121036,1413,182,1595,7.763736263736264
121042,3166,119,3285,26.605042016806724
121051,139,3862,4001,0.0359917141377524
121056,3450,214,3664,16.121495327102803
121065,2685,167,2852,16.077844311377245
121074,1252,36,1288,34.77777777777778
121077,3118,160,3278,19.4875
121079,3524,194,3718,18.164948453608247
121101,2511,118,2629,21.279661016949152
121103,2990,152,3142,19.67105263157895
121111,3705,287,3992,12.909407665505226
121112,3717,302,4019,12.30794701986755
121117,3333,329,3662,10.130699088145896
121142,2571,139,2710,18.496402877697843
121154,2084,198,2282,10.525252525252526
121163,3635,194,3829,18.73711340206185
121167,3293,188,3481,17.51595744680851
121168,899,438,1337,2.0525114155251143
121171,1945,88,2033,22.102272727272727
121181,2922,251,3173,11.641434262948207
121203,3835,240,4075,15.979166666666666
121205,3579,319,3898,11.219435736677116
121207,1125,55,1180,20.454545454545453
121211,2823,108,2931,26.13888888888889
121213,3512,159,3671,22.08805031446541
121219,1918,125,2043,15.344
121230,3621,208,3829,17.408653846153847
121246,3511,79,3590,44.44303797468354
121256,1883,137,2020,13.744525547445257
121272,2097,122,2219,17.188524590163933
121274,3696,131,3827,28.213740458015263
121276,1450,111,1561,13.063063063063064
121284,3779,80,3859,47.2375
121292,3644,95,3739,38.357894736842105
121304,2476,103,2579,24.038834951456312
121308,3455,271,3726,12.749077490774908
121312,2050,134,2184,15.298507462686567
121314,2642,889,3531,2.971878515185602
121317,3632,153,3785,23.73856209150327
121321,1570,355,1925,4.422535211267606
121325,67,2995,3062,0.0223706176961602
121328,3111,243,3354,12.802469135802468
121335,2160,207,2367,10.434782608695652
121354,2951,253,3204,11.66403162055336
121367,3483,287,3770,12.13588850174216
121370,3839,160,3999,23.99375
121381,2933,234,3167,12.534188034188034
121422,3349,133,3482,25.18045112781955
121448,1990,121,2111,16.446280991735538
121450,2867,230,3097,12.465217391304348
121466,2886,111,2997,26.0
121475,176,2999,3175,0.0586862287429143
121478,2838,72,2910,39.41666666666666
121487,986,164,1150,6.012195121951219
121492,2060,182,2242,11.31868131868132
121496,3667,141,3808,26.00709219858156
121498,1848,127,1975,14.551181102362206
121531,3092,152,3244,20.34210526315789
121533,3464,302,3766,11.47019867549669
121550,3494,283,3777,12.346289752650176
121552,2519,380,2899,6.628947368421053
121553,3850,232,4082,16.594827586206897
121555,2085,114,2199,18.289473684210527
121561,2473,202,2675,12.242574257425742
121562,2570,30,2600,85.66666666666667
121574,2511,136,2647,18.46323529411765
121576,3305,154,3459,21.46103896103896
121584,3889,179,4068,21.726256983240223
121586,1401,257,1658,5.45136186770428
121592,2100,205,2305,10.24390243902439
121600,790,100,890,7.9
121602,2319,98,2417,23.663265306122447
121608,900,247,1147,3.643724696356276
121622,2735,207,2942,13.21256038647343
121629,1898,176,2074,10.784090909090908
121641,2143,67,2210,31.98507462686567
121646,2511,131,2642,19.16793893129771
121648,3276,90,3366,36.4
121649,2939,234,3173,12.55982905982906
121663,3272,193,3465,16.95336787564767
121666,3653,42,3695,86.97619047619048
121674,1658,215,1873,7.711627906976744
121680,2198,148,2346,14.85135135135135
121682,1180,225,1405,5.2444444444444445
121693,3258,184,3442,17.706521739130434
121713,3970,104,4074,38.17307692307692
121716,2121,185,2306,11.464864864864865
121740,2594,214,2808,12.121495327102805
121750,2778,177,2955,15.694915254237287
121767,3692,93,3785,39.69892473118279
121769,2992,313,3305,9.559105431309904
121774,1,3913,3914,0.0002555583950932
121776,2532,97,2629,26.103092783505154
121787,2896,318,3214,9.10691823899371
121788,3498,116,3614,30.155172413793103
121796,2874,195,3069,14.738461538461538
121804,1840,1837,3677,1.0016330974414809
121819,1089,478,1567,2.278242677824268
121827,3386,61,3447,55.50819672131148
121829,12,437,449,0.0274599542334096
121835,2273,209,2482,10.875598086124402
121838,340,2817,3157,0.1206957756478523
121839,2512,232,2744,10.827586206896552
121844,2946,55,3001,53.56363636363636
121875,2461,187,2648,13.16042780748663
121880,3299,120,3419,27.491666666666667
121889,3337,223,3560,14.964125560538116
121894,2429,76,2505,31.960526315789476
121899,3925,136,4061,28.860294117647054
121908,604,2740,3344,0.2204379562043795
121914,1444,115,1559,12.556521739130435
121916,2894,116,3010,24.948275862068964
121919,2753,83,2836,33.16867469879518
121922,3206,146,3352,21.95890410958904
121925,3002,90,3092,33.355555555555554
121933,3049,350,3399,8.711428571428572
121949,3532,88,3620,40.13636363636363
121952,2890,235,3125,12.297872340425531
121955,1067,98,1165,10.887755102040815
121957,3441,148,3589,23.25
121963,3263,271,3534,12.04059040590406
121967,1466,293,1759,5.003412969283277
121969,2243,254,2497,8.830708661417322
121983,2049,533,2582,3.844277673545966
121987,3871,124,3995,31.217741935483872
121992,1335,125,1460,10.68
121994,3583,173,3756,20.710982658959537
122040,3181,150,3331,21.206666666666667
122047,1,4005,4006,0.0002496878901373
122056,2857,135,2992,21.16296296296296
122058,3924,143,4067,27.44055944055944
122061,569,472,1041,1.2055084745762712
122075,3708,63,3771,58.85714285714285
122084,2900,101,3001,28.712871287128717
122086,3648,197,3845,18.517766497461928
122092,3549,135,3684,26.288888888888888
122096,3493,74,3567,47.2027027027027
122098,2787,64,2851,43.546875
122107,1484,169,1653,8.781065088757396
122110,3071,452,3523,6.79424778761062
122111,3930,99,4029,39.696969696969695
122123,807,66,873,12.227272727272728
122125,1133,2374,3507,0.4772535804549284
122151,2360,240,2600,9.833333333333334
122154,3718,75,3793,49.57333333333333
122167,2906,272,3178,10.683823529411764
122168,3329,178,3507,18.702247191011235
122179,2639,439,3078,6.011389521640091
122181,1574,359,1933,4.3844011142061285
122190,2447,78,2525,31.371794871794872
122194,3541,296,3837,11.96283783783784
122195,2368,119,2487,19.899159663865547
122197,2720,225,2945,12.088888888888889
122199,2029,104,2133,19.509615384615383
122215,2976,418,3394,7.119617224880383
122224,3717,125,3842,29.736
122231,3437,86,3523,39.96511627906977
122234,1970,117,2087,16.837606837606838
122259,3402,392,3794,8.678571428571429
122265,1447,168,1615,8.613095238095237
122268,1042,192,1234,5.427083333333333
122283,2508,101,2609,24.831683168316832
122284,3809,195,4004,19.53333333333333
122285,3932,115,4047,34.19130434782609
122287,2785,237,3022,11.751054852320674
122289,1261,79,1340,15.962025316455696
122290,3084,99,3183,31.151515151515152
122301,2973,64,3037,46.453125
122308,1780,125,1905,14.24
122313,2168,291,2459,7.450171821305842
122317,4001,94,4095,42.56382978723404
122321,855,95,950,9.0
122324,3252,227,3479,14.325991189427311
122329,363,2949,3312,0.1230925737538148
122337,1166,454,1620,2.5682819383259914
122342,2429,97,2526,25.04123711340206
122346,1988,90,2078,22.08888888888889
122349,3110,161,3271,19.316770186335404
122354,1491,178,1669,8.376404494382022
122356,1289,118,1407,10.923728813559322
122359,1958,223,2181,8.780269058295964
122367,3489,206,3695,16.936893203883496
122368,3105,208,3313,14.927884615384617
122369,2301,155,2456,14.84516129032258
122375,3127,71,3198,44.04225352112676
122376,3759,108,3867,34.80555555555556
122390,1783,139,1922,12.827338129496402
122394,2482,63,2545,39.3968253968254
122404,3615,333,3948,10.855855855855856
122412,3918,118,4036,33.20338983050848
122428,2829,117,2946,24.17948717948718
122436,2755,234,2989,11.773504273504274
122439,3126,212,3338,14.745283018867925
122452,2929,96,3025,30.510416666666668
122464,737,258,995,2.856589147286822
122466,3022,159,3181,19.0062893081761
122475,2299,290,2589,7.927586206896552
122488,3588,136,3724,26.38235294117647
122513,3402,121,3523,28.115702479338843
122519,2642,421,3063,6.275534441805226
122520,3081,329,3410,9.364741641337384
122526,1514,372,1886,4.06989247311828
122543,3290,308,3598,10.681818181818182
122548,2841,164,3005,17.323170731707318
122556,2713,80,2793,33.9125
122560,1895,148,2043,12.804054054054054
122562,1566,89,1655,17.59550561797753
122594,2932,110,3042,26.654545454545456
122596,1667,197,1864,8.461928934010153
122600,3830,244,4074,15.69672131147541
122602,3158,107,3265,29.514018691588785
122606,1760,104,1864,16.923076923076923
122609,2503,102,2605,24.53921568627451
122611,3580,254,3834,14.094488188976378
122612,1913,996,2909,1.920682730923695
122625,918,153,1071,6.0
122633,2253,191,2444,11.795811518324609
122644,1280,291,1571,4.398625429553265
122649,3612,204,3816,17.705882352941178
122656,2319,478,2797,4.851464435146443
122659,1565,111,1676,14.0990990990991
122671,1887,101,1988,18.683168316831683
122684,3744,252,3996,14.857142857142858
122690,2501,318,2819,7.864779874213837
122691,1799,729,2528,2.467764060356653
122692,2939,194,3133,15.149484536082474
122694,1079,167,1246,6.461077844311378
122701,2335,163,2498,14.325153374233128
122707,3530,92,3622,38.369565217391305
122708,2812,111,2923,25.33333333333333
122711,1663,210,1873,7.919047619047619
122715,178,3842,4020,0.0463300364393545
122717,1185,245,1430,4.836734693877551
122728,3216,280,3496,11.485714285714286
122733,2318,233,2551,9.948497854077251
122746,2890,161,3051,17.950310559006212
122761,2244,355,2599,6.32112676056338
122772,1456,146,1602,9.972602739726028
122784,3285,132,3417,24.88636363636364
122785,1899,198,2097,9.590909090909092
122815,3339,229,3568,14.580786026200874
122821,3401,219,3620,15.529680365296803
122823,3645,163,3808,22.36196319018405
122824,2965,236,3201,12.563559322033898
122842,3397,110,3507,30.881818181818183
122848,2443,154,2597,15.863636363636363
122852,3633,140,3773,25.95
122868,836,168,1004,4.976190476190476
122869,1631,223,1854,7.313901345291479
122872,3313,324,3637,10.225308641975309
122874,2599,329,2928,7.899696048632219
122880,3598,227,3825,15.85022026431718
122886,2292,304,2596,7.5394736842105265
122888,2141,86,2227,24.8953488372093
122898,3292,149,3441,22.093959731543624
122906,3652,264,3916,13.833333333333334
122916,1158,178,1336,6.50561797752809
122919,3671,241,3912,15.232365145228217
122923,2885,137,3022,21.05839416058394
122933,3047,209,3256,14.578947368421051
122935,2765,51,2816,54.21568627450981
122939,1259,96,1355,13.114583333333334
122942,3375,224,3599,15.066964285714286
122945,2361,212,2573,11.13679245283019
122960,1357,186,1543,7.295698924731183
122968,1962,164,2126,11.96341463414634
122969,3030,39,3069,77.6923076923077
122980,3568,286,3854,12.475524475524477
122988,1517,814,2331,1.8636363636363635
122991,1708,86,1794,19.86046511627907
122997,1710,142,1852,12.04225352112676
123000,727,207,934,3.5120772946859904
123009,2477,192,2669,12.901041666666666
123020,3246,212,3458,15.31132075471698
123044,3311,65,3376,50.93846153846154
123054,2463,235,2698,10.480851063829787
123058,3493,192,3685,18.19270833333333
123059,3597,239,3836,15.05020920502092
123065,2915,113,3028,25.79646017699115
123086,339,1266,1605,0.2677725118483412
123096,1549,126,1675,12.293650793650794
123112,1342,70,1412,19.17142857142857
123120,3251,408,3659,7.96813725490196
123123,3573,193,3766,18.51295336787565
123124,2517,261,2778,9.64367816091954
123126,1750,124,1874,14.112903225806452
123130,2480,145,2625,17.103448275862068
123136,3178,96,3274,33.104166666666664
123137,2808,89,2897,31.55056179775281
123150,1400,228,1628,6.140350877192983
123156,1876,119,1995,15.764705882352942
123163,949,135,1084,7.029629629629629
123168,1733,183,1916,9.469945355191255
123170,3459,604,4063,5.72682119205298
123174,3101,79,3180,39.25316455696203
123175,2123,293,2416,7.245733788395904
123179,2932,771,3703,3.802853437094682
123185,2855,145,3000,19.689655172413797
123191,2560,374,2934,6.8449197860962565
123193,3588,153,3741,23.45098039215686
123195,1670,104,1774,16.057692307692307
123212,3724,190,3914,19.6
123217,2019,219,2238,9.219178082191782
123220,274,2438,2712,0.1123872026251025
123226,3149,311,3460,10.12540192926045
123230,3663,99,3762,37.0
123238,3327,238,3565,13.978991596638656
123239,1305,140,1445,9.321428571428571
123256,2975,59,3034,50.42372881355932
123259,2301,188,2489,12.23936170212766
123265,1174,171,1345,6.865497076023392
123267,1,3705,3706,0.0002699055330634
123272,3666,170,3836,21.564705882352943
123273,1647,216,1863,7.625
123274,1541,154,1695,10.006493506493506
123283,1962,292,2254,6.719178082191781
123291,2496,209,2705,11.942583732057416
123304,2122,189,2311,11.227513227513228
123318,2293,149,2442,15.389261744966444
123320,2448,44,2492,55.63636363636363
123330,3918,140,4058,27.985714285714284
123331,2165,175,2340,12.371428571428572
123356,1035,34,1069,30.44117647058824
123359,2901,65,2966,44.63076923076923
123363,1461,116,1577,12.594827586206897
123367,2835,22,2857,128.86363636363637
123368,2361,158,2519,14.943037974683543
123369,3019,123,3142,24.54471544715447
123371,3393,260,3653,13.05
123380,3973,88,4061,45.14772727272727
123383,3607,177,3784,20.37853107344633
123385,3575,128,3703,27.9296875
123388,1601,163,1764,9.822085889570552
123391,1949,109,2058,17.880733944954127
123400,1493,460,1953,3.2456521739130437
123406,2752,172,2924,16.0
123412,2267,77,2344,29.44155844155844
123417,1866,236,2102,7.906779661016949
123418,3083,159,3242,19.38993710691824
123424,1057,168,1225,6.291666666666667
123443,3351,121,3472,27.694214876033055
123455,3680,313,3993,11.757188498402556
123456,2787,146,2933,19.08904109589041
123457,3134,125,3259,25.072
123465,2958,166,3124,17.819277108433734
123470,1748,126,1874,13.873015873015872
123474,1958,164,2122,11.939024390243905
123477,1478,452,1930,3.269911504424779
123478,3639,175,3814,20.794285714285717
123479,2638,100,2738,26.38
123481,62,2540,2602,0.0244094488188976
123483,3751,156,3907,24.0448717948718
123492,2856,211,3067,13.535545023696685
123496,3100,103,3203,30.097087378640776
123511,3804,84,3888,45.285714285714285
123521,2096,85,2181,24.65882352941177
123531,2750,212,2962,12.971698113207546
123542,1973,92,2065,21.445652173913043
123543,2607,402,3009,6.485074626865671
123550,1943,72,2015,26.98611111111111
123557,2698,73,2771,36.95890410958904
123560,3095,197,3292,15.710659898477155
123563,2458,138,2596,17.81159420289855
123575,906,217,1123,4.175115207373272
123582,2634,129,2763,20.41860465116279
123587,3879,122,4001,31.795081967213115
123593,3331,225,3556,14.804444444444444
123599,2718,105,2823,25.88571428571429
123604,3656,246,3902,14.861788617886178
123606,1685,172,1857,9.796511627906977
123619,1646,69,1715,23.85507246376812
123629,2208,337,2545,6.551928783382789
123638,3119,145,3264,21.51034482758621
123647,58,3105,3163,0.0186795491143317
123681,1492,189,1681,7.894179894179894
123684,2889,81,2970,35.666666666666664
123687,1861,195,2056,9.543589743589743
123706,2551,169,2720,15.094674556213018
123708,3735,12,3747,311.25
123715,2627,219,2846,11.99543378995434
123723,2763,204,2967,13.544117647058824
123729,3857,115,3972,33.53913043478261
123742,2869,117,2986,24.521367521367523
123744,2525,23,2548,109.78260869565216
123746,475,50,525,9.5
123748,3271,244,3515,13.405737704918034
123750,1024,192,1216,5.333333333333333
123754,1918,74,1992,25.91891891891892
123765,2204,200,2404,11.02
123770,3821,272,4093,14.047794117647058
123775,2753,595,3348,4.6268907563025214
123777,1555,113,1668,13.761061946902656
123788,3518,273,3791,12.886446886446889
123789,2385,225,2610,10.6
123796,2167,129,2296,16.7984496124031
123798,2678,302,2980,8.867549668874172
123802,3014,104,3118,28.98076923076923
123804,2555,225,2780,11.355555555555556
123815,689,183,872,3.765027322404372
123819,3435,168,3603,20.446428571428573
123822,3248,223,3471,14.565022421524665
123829,3834,200,4034,19.17
123838,2669,348,3017,7.669540229885057
123851,1786,134,1920,13.328358208955224
123872,2348,338,2686,6.946745562130178
123874,47,2404,2451,0.0195507487520798
123883,2092,190,2282,11.010526315789471
123914,1992,157,2149,12.687898089171975
123917,1740,168,1908,10.357142857142858
123918,2208,143,2351,15.44055944055944
123938,1006,321,1327,3.133956386292835
123956,2924,419,3343,6.978520286396181
123960,3161,124,3285,25.491935483870968
123964,1858,333,2191,5.57957957957958
123983,2315,133,2448,17.406015037593985
123994,3282,84,3366,39.07142857142857
123996,910,38,948,23.94736842105263
124001,948,114,1062,8.31578947368421
124012,1683,148,1831,11.37162162162162
124023,2927,332,3259,8.816265060240964
124025,2718,271,2989,10.029520295202952
124028,1632,83,1715,19.66265060240964
124029,2092,240,2332,8.716666666666667
124030,2174,1376,3550,1.5799418604651163
124032,2307,63,2370,36.61904761904762
124035,3709,110,3819,33.71818181818182
124048,2263,129,2392,17.54263565891473
124053,2535,93,2628,27.258064516129032
124054,2321,210,2531,11.052380952380952
124056,3427,329,3756,10.416413373860182
124059,1328,165,1493,8.048484848484849
124061,3121,321,3442,9.722741433021806
124067,2649,248,2897,10.681451612903226
124068,2819,179,2998,15.748603351955309
124077,2242,144,2386,15.569444444444445
124085,111,1974,2085,0.0562310030395136
124090,3641,110,3751,33.1
124092,3704,176,3880,21.045454545454547
124095,2829,125,2954,22.632
124097,1570,145,1715,10.827586206896552
124102,3369,505,3874,6.671287128712871
124115,2318,93,2411,24.9247311827957
124134,2947,46,2993,64.06521739130434
124137,1006,391,1397,2.572890025575448
124144,3016,203,3219,14.857142857142858
124155,3286,118,3404,27.847457627118644
124157,2559,110,2669,23.26363636363636
124159,3261,96,3357,33.96875
124167,2063,233,2296,8.854077253218884
124171,2588,270,2858,9.585185185185184
124174,2027,376,2403,5.39095744680851
124179,2186,341,2527,6.410557184750733
124180,1260,731,1991,1.723666210670315
124188,3491,351,3842,9.945868945868948
124189,471,552,1023,0.8532608695652174
124192,1898,186,2084,10.204301075268818
124200,2212,149,2361,14.845637583892618
124204,3423,186,3609,18.40322580645161
124206,2163,74,2237,29.22972972972973
124210,3790,200,3990,18.95
124221,1835,50,1885,36.7
124227,1171,161,1332,7.273291925465839
124241,440,1514,1954,0.2906208718626156
124257,3854,144,3998,26.76388888888889
124262,2070,69,2139,30.0
124273,1242,400,1642,3.105
124276,1438,245,1683,5.869387755102041
124277,3394,208,3602,16.317307692307693
124281,3392,151,3543,22.4635761589404
124288,2088,103,2191,20.271844660194176
124299,2297,34,2331,67.55882352941177
124303,704,119,823,5.915966386554622
124311,2433,108,2541,22.52777777777778
124319,2563,150,2713,17.086666666666666
124326,2298,198,2496,11.606060606060606
124339,2023,158,2181,12.80379746835443
124354,2087,146,2233,14.294520547945206
124357,2381,372,2753,6.400537634408602
124366,1832,181,2013,10.121546961325969
124383,3891,158,4049,24.626582278481013
124384,3835,78,3913,49.16666666666666
124392,2420,125,2545,19.36
124394,2675,229,2904,11.68122270742358
124401,2453,91,2544,26.95604395604396
124404,1193,180,1373,6.627777777777778
124405,1735,283,2018,6.130742049469965
124428,2642,249,2891,10.610441767068274
124436,3740,49,3789,76.3265306122449
124442,2713,119,2832,22.798319327731093
124462,2944,304,3248,9.68421052631579
124483,3246,213,3459,15.23943661971831
124509,3438,306,3744,11.235294117647058
124516,1177,244,1421,4.823770491803279
124518,3761,137,3898,27.452554744525543
124523,1301,74,1375,17.58108108108108
124526,2818,270,3088,10.437037037037037
124528,353,3151,3504,0.1120279276420184
124530,3512,181,3693,19.403314917127076
124531,320,3251,3571,0.0984312519224853
124537,3499,188,3687,18.611702127659573
124550,2997,199,3196,15.06030150753769
124570,3069,121,3190,25.363636363636363
124574,1990,173,2163,11.502890173410403
124582,2934,229,3163,12.812227074235809
124590,352,446,798,0.7892376681614349
124597,3335,234,3569,14.252136752136751
124619,3389,147,3536,23.05442176870748
124629,3320,248,3568,13.387096774193548
124636,2688,165,2853,16.29090909090909
124658,3526,429,3955,8.21911421911422
124662,1831,325,2156,5.633846153846154
124664,2964,203,3167,14.600985221674875
124670,2829,132,2961,21.431818181818183
124678,3707,209,3916,17.736842105263158
124683,953,100,1053,9.53
124690,2124,215,2339,9.87906976744186
124696,3588,281,3869,12.768683274021353
124701,1239,194,1433,6.38659793814433
124707,3216,119,3335,27.025210084033613
124708,3451,299,3750,11.54180602006689
124711,2723,292,3015,9.325342465753424
124727,3335,187,3522,17.834224598930483
124731,1072,88,1160,12.181818181818182
124736,3908,99,4007,39.474747474747474
124739,3869,131,4000,29.53435114503817
124743,2887,209,3096,13.813397129186605
124745,58,1663,1721,0.0348767288033674
124753,2262,225,2487,10.053333333333333
124771,2948,130,3078,22.67692307692308
124772,2316,429,2745,5.398601398601398
124786,3368,170,3538,19.811764705882357
124790,2582,130,2712,19.861538461538466
124818,3120,258,3378,12.093023255813954
124821,754,2391,3145,0.315349226265161
124829,3448,54,3502,63.851851851851855
124837,2663,85,2748,31.32941176470588
124843,2946,97,3043,30.371134020618555
124853,2621,201,2822,13.039800995024876
124868,3704,237,3941,15.628691983122362
124882,3599,174,3773,20.683908045977013
124885,2129,161,2290,13.22360248447205
124887,2716,100,2816,27.16
124891,3853,156,4009,24.69871794871795
124902,1969,32,2001,61.53125
124904,2733,140,2873,19.52142857142857
124905,3499,113,3612,30.964601769911503
124907,2093,113,2206,18.52212389380531
124919,3311,200,3511,16.555
124921,1525,191,1716,7.984293193717278
124929,3552,245,3797,14.49795918367347
124932,3754,135,3889,27.807407407407407
124949,2413,81,2494,29.790123456790123
124954,2529,252,2781,10.035714285714286
124955,2217,143,2360,15.503496503496503
124966,2415,239,2654,10.104602510460252
124967,2875,166,3041,17.319277108433734
124976,615,189,804,3.253968253968254
124984,1005,308,1313,3.262987012987013
124987,3668,199,3867,18.4321608040201
124992,3657,139,3796,26.30935251798561
124998,3732,233,3965,16.01716738197425
125008,1646,120,1766,13.716666666666669
125010,2996,176,3172,17.022727272727273
125012,689,3371,4060,0.2043903886087214
125018,878,170,1048,5.1647058823529415
125020,1783,138,1921,12.920289855072465
125028,3446,117,3563,29.45299145299145
125036,2627,384,3011,6.841145833333333
125049,2947,187,3134,15.759358288770054
125051,3360,94,3454,35.744680851063826
125052,399,46,445,8.673913043478262
125053,2282,97,2379,23.52577319587629
125054,3682,180,3862,20.45555555555556
125057,2326,135,2461,17.22962962962963
125077,2259,252,2511,8.964285714285714
125083,2445,124,2569,19.717741935483872
125109,1833,142,1975,12.908450704225352
125113,2683,286,2969,9.381118881118882
125120,3252,163,3415,19.950920245398773
125123,3334,232,3566,14.370689655172416
125126,3228,161,3389,20.049689440993788
125151,2469,123,2592,20.07317073170732
125152,2747,211,2958,13.018957345971565
125171,964,109,1073,8.844036697247706
125174,3020,230,3250,13.130434782608695
125183,1970,158,2128,12.468354430379748
125189,3383,166,3549,20.379518072289155
125196,3834,173,4007,22.161849710982658
125207,2535,171,2706,14.824561403508772
125224,2003,562,2565,3.56405693950178
125228,596,2265,2861,0.2631346578366446
125233,3107,212,3319,14.65566037735849
125237,2620,148,2768,17.7027027027027
125246,2622,549,3171,4.775956284153006
125252,1622,71,1693,22.84507042253521
125265,2982,152,3134,19.61842105263158
125269,3800,162,3962,23.45679012345679
125276,767,2114,2881,0.3628192999053926
125278,2510,242,2752,10.37190082644628
125282,2983,288,3271,10.35763888888889
125289,3723,288,4011,12.927083333333334
125294,3100,116,3216,26.724137931034484
125295,2343,333,2676,7.036036036036036
125311,2565,79,2644,32.46835443037975
125339,3911,81,3992,48.28395061728395
125340,2056,226,2282,9.097345132743364
125358,922,181,1103,5.093922651933702
125373,3731,258,3989,14.46124031007752
125402,2440,73,2513,33.42465753424658
125403,2400,263,2663,9.125475285171104
125406,2057,177,2234,11.621468926553671
125409,3453,137,3590,25.204379562043798
125411,2951,429,3380,6.878787878787879
125419,2964,110,3074,26.945454545454545
125426,3443,190,3633,18.121052631578948
125428,3005,117,3122,25.683760683760685
125434,2978,173,3151,17.213872832369944
125459,2663,158,2821,16.854430379746834
125463,1581,128,1709,12.3515625
125466,1999,198,2197,10.095959595959595
125479,2933,418,3351,7.016746411483253
125480,2746,121,2867,22.694214876033055
125485,1961,142,2103,13.809859154929578
125486,2595,74,2669,35.067567567567565
125491,3605,148,3753,24.35810810810811
125493,3114,323,3437,9.640866873065017
125494,2316,169,2485,13.70414201183432
125500,671,81,752,8.283950617283951
125504,1906,105,2011,18.152380952380952
125507,84,1249,1333,0.0672538030424339
125516,3142,209,3351,15.033492822966506
125528,2101,190,2291,11.057894736842105
125533,2446,56,2502,43.67857142857143
125534,2305,263,2568,8.76425855513308
125545,1392,251,1643,5.5458167330677295
125549,3900,140,4040,27.857142857142858
125551,213,3587,3800,0.0593810984109283
125559,3568,119,3687,29.983193277310924
125578,3126,197,3323,15.868020304568528
125584,1468,508,1976,2.8897637795275597
125585,3127,220,3347,14.213636363636365
125597,1530,269,1799,5.687732342007435
125622,2812,266,3078,10.571428571428571
125631,3246,323,3569,10.04953560371517
125633,1966,95,2061,20.694736842105264
125635,3516,87,3603,40.41379310344828
125639,2020,541,2561,3.733826247689464
125644,3591,119,3710,30.176470588235293
125647,1918,77,1995,24.90909090909091
125652,2568,308,2876,8.337662337662337
125654,3493,106,3599,32.95283018867924
125655,3591,238,3829,15.088235294117649
125661,3376,237,3613,14.244725738396625
125663,3487,197,3684,17.700507614213198
125675,3029,384,3413,7.888020833333333
125678,2583,184,2767,14.03804347826087
125679,2402,147,2549,16.34013605442177
125681,3844,156,4000,24.64102564102564
125691,3658,337,3995,10.85459940652819
125707,1495,76,1571,19.67105263157895
125712,2724,129,2853,21.11627906976744
125715,3643,195,3838,18.682051282051283
125721,2976,153,3129,19.45098039215686
125733,2774,56,2830,49.535714285714285
125741,2231,178,2409,12.53370786516854
125743,1113,103,1216,10.805825242718448
125752,2294,190,2484,12.073684210526316
125760,3336,113,3449,29.52212389380531
125795,3671,170,3841,21.594117647058823
125805,27,3709,3736,0.0072795901860339
125820,1800,139,1939,12.949640287769784
125848,3883,130,4013,29.869230769230768
125849,2127,182,2309,11.686813186813186
125901,694,74,768,9.37837837837838
125922,3745,136,3881,27.53676470588235
125935,2177,157,2334,13.86624203821656
125945,3529,179,3708,19.71508379888268
125947,3467,357,3824,9.711484593837534
125949,3118,194,3312,16.072164948453608
125958,362,165,527,2.193939393939394
125962,2335,129,2464,18.100775193798448
125974,3204,361,3565,8.875346260387811
125976,2361,168,2529,14.053571428571429
125979,3316,16,3332,207.25
125989,3356,150,3506,22.37333333333333
125995,3276,389,3665,8.42159383033419
125998,515,2460,2975,0.2093495934959349
126008,2806,133,2939,21.09774436090225
126034,2693,120,2813,22.441666666666663
126045,1402,51,1453,27.49019607843137
126046,2303,102,2405,22.57843137254902
126050,1769,270,2039,6.551851851851852
126059,3609,250,3859,14.436
126063,3405,130,3535,26.192307692307693
126077,3137,117,3254,26.811965811965813
126091,2142,176,2318,12.170454545454543
126096,1363,838,2201,1.626491646778043
126118,2873,346,3219,8.303468208092486
126137,1870,213,2083,8.779342723004694
126141,1062,41,1103,25.902439024390244
126146,1928,201,2129,9.592039800995025
126149,2191,158,2349,13.867088607594935
126154,1786,135,1921,13.22962962962963
126162,2542,250,2792,10.168
126173,2450,294,2744,8.333333333333334
126192,3509,319,3828,11.0
126200,1249,364,1613,3.431318681318681
126210,1915,86,2001,22.26744186046512
126215,2632,128,2760,20.5625
126227,3826,173,3999,22.115606936416185
126231,3325,421,3746,7.897862232779097
126239,2945,286,3231,10.297202797202797
126242,3253,176,3429,18.482954545454547
126243,3309,180,3489,18.383333333333333
126248,3110,187,3297,16.63101604278075
126249,2437,115,2552,21.191304347826087
126250,2106,102,2208,20.647058823529413
126262,3783,138,3921,27.41304347826087
126278,3989,37,4026,107.8108108108108
126303,2656,115,2771,23.095652173913045
126311,2337,97,2434,24.09278350515464
126318,3780,162,3942,23.33333333333333
126324,1548,116,1664,13.344827586206897
126330,2567,263,2830,9.76045627376426
126339,3842,169,4011,22.733727810650887
126343,2274,59,2333,38.54237288135593
126348,2729,192,2921,14.213541666666666
126349,2440,78,2518,31.28205128205128
126352,3630,193,3823,18.80829015544041
126375,375,2191,2566,0.1711547238703788
126386,3078,614,3692,5.013029315960912
126397,3638,153,3791,23.77777777777778
126404,1782,341,2123,5.225806451612903
126423,3776,232,4008,16.275862068965516
126426,1956,125,2081,15.648
126433,3789,150,3939,25.26
126444,3406,56,3462,60.82142857142857
126450,1501,79,1580,19.0
126456,174,47,221,3.702127659574468
126467,3794,122,3916,31.098360655737704
126470,2461,259,2720,9.501930501930502
126493,2016,284,2300,7.098591549295775
126500,3370,83,3453,40.60240963855421
126501,1678,286,1964,5.867132867132868
126511,3256,125,3381,26.048
126515,3384,66,3450,51.27272727272727
126530,3706,165,3871,22.46060606060606
126534,2840,54,2894,52.5925925925926
126539,2711,148,2859,18.31756756756757
126548,3467,29,3496,119.55172413793105
126557,2414,260,2674,9.284615384615384
126567,3029,105,3134,28.847619047619048
126574,1456,220,1676,6.618181818181818
126576,2786,268,3054,10.3955223880597
126582,1615,41,1656,39.39024390243903
126618,3344,133,3477,25.142857142857142
126631,3374,33,3407,102.24242424242424
126632,3098,169,3267,18.33136094674556
126635,1514,260,1774,5.823076923076923
126679,3769,297,4066,12.69023569023569
126682,3046,284,3330,10.725352112676056
126683,2630,146,2776,18.013698630136986
126700,3597,105,3702,34.25714285714286
126706,1087,106,1193,10.254716981132075
126708,2257,239,2496,9.443514644351463
126724,3574,151,3725,23.66887417218543
126726,3397,299,3696,11.361204013377929
126730,3460,90,3550,38.44444444444444
126757,3632,89,3721,40.80898876404494
126766,1543,346,1889,4.459537572254336
126788,1552,161,1713,9.639751552795031
126793,1904,159,2063,11.974842767295597
126802,2677,65,2742,41.18461538461538
126812,2584,179,2763,14.435754189944134
126818,3315,240,3555,13.8125
126825,3150,203,3353,15.517241379310343
126830,2478,106,2584,23.37735849056604
126837,2994,249,3243,12.024096385542167
126850,2908,82,2990,35.46341463414634
126852,737,75,812,9.826666666666666
126853,1430,78,1508,18.33333333333333
126862,3694,197,3891,18.751269035533
126865,2311,277,2588,8.342960288808664
126869,2890,259,3149,11.15830115830116
126873,1845,142,1987,12.992957746478874
126892,2106,134,2240,15.71641791044776
126907,3184,158,3342,20.151898734177216
126923,1843,107,1950,17.22429906542056
126925,830,93,923,8.924731182795698
126932,2784,78,2862,35.69230769230769
126933,2284,445,2729,5.132584269662921
126938,3283,131,3414,25.06106870229008
126958,2066,116,2182,17.810344827586206
126963,3093,192,3285,16.109375
126964,3306,128,3434,25.828125
126966,3781,74,3855,51.0945945945946
126967,2662,134,2796,19.86567164179105
126968,3223,232,3455,13.892241379310343
126985,2936,145,3081,20.248275862068965
126989,3374,145,3519,23.26896551724138
126990,2857,97,2954,29.45360824742268
127008,3673,263,3936,13.965779467680608
127009,2742,136,2878,20.16176470588235
127021,3822,73,3895,52.35616438356164
127024,1469,614,2083,2.3925081433224755
127028,2222,175,2397,12.697142857142858
127036,1919,70,1989,27.414285714285715
127049,1292,97,1389,13.31958762886598
127056,3210,97,3307,33.09278350515464
127063,2932,115,3047,25.495652173913044
127069,2427,128,2555,18.9609375
127070,665,95,760,7.0
127078,2861,102,2963,28.04901960784314
127107,1793,208,2001,8.620192307692308
127110,3498,141,3639,24.80851063829787
127116,3504,186,3690,18.83870967741936
127118,3700,270,3970,13.703703703703704
127127,1119,305,1424,3.6688524590163936
127140,2269,233,2502,9.738197424892704
127141,3162,144,3306,21.95833333333333
127146,1091,107,1198,10.19626168224299
127148,2418,199,2617,12.150753768844222
127149,3230,206,3436,15.679611650485436
127164,3924,150,4074,26.16
127167,692,204,896,3.392156862745098
127170,1977,177,2154,11.169491525423728
127173,3545,221,3766,16.040723981900452
127180,2503,211,2714,11.862559241706162
127186,857,59,916,14.52542372881356
127188,3428,252,3680,13.603174603174605
127193,2250,165,2415,13.636363636363637
127195,2191,109,2300,20.10091743119266
127197,2666,134,2800,19.895522388059703
127208,2087,280,2367,7.453571428571428
127210,3511,190,3701,18.478947368421053
127217,2981,156,3137,19.10897435897436
127218,390,3017,3407,0.1292674842558833
127219,3658,128,3786,28.578125
127223,1804,249,2053,7.244979919678715
127239,220,2799,3019,0.0785994998213647
127252,1621,149,1770,10.879194630872483
127253,1918,163,2081,11.766871165644172
127279,2182,117,2299,18.64957264957265
127282,2778,139,2917,19.985611510791365
127296,3157,151,3308,20.90728476821192
127306,3771,172,3943,21.92441860465116
127314,1819,388,2207,4.688144329896907
127316,3776,163,3939,23.165644171779142
127320,3569,275,3844,12.978181818181818
127333,1609,179,1788,8.988826815642458
127338,2926,206,3132,14.20388349514563
127346,1306,103,1409,12.679611650485436
127347,3376,124,3500,27.225806451612904
127348,2461,145,2606,16.97241379310345
127354,731,2122,2853,0.3444863336475023
127355,3719,310,4029,11.996774193548386
127357,3238,126,3364,25.6984126984127
127361,73,2897,2970,0.0251984811874352
127365,3260,99,3359,32.92929292929293
127371,3874,157,4031,24.67515923566879
127381,1317,390,1707,3.376923076923077
127383,1929,336,2265,5.741071428571429
127385,2063,152,2215,13.572368421052632
127390,2268,423,2691,5.361702127659575
127397,915,130,1045,7.038461538461538
127411,2604,142,2746,18.338028169014084
127413,2777,269,3046,10.323420074349444
127425,2095,151,2246,13.874172185430464
127434,921,181,1102,5.088397790055248
127453,2825,215,3040,13.13953488372093
127455,3578,316,3894,11.322784810126585
127466,2978,236,3214,12.61864406779661
127469,2248,161,2409,13.96273291925466
127470,2882,147,3029,19.60544217687075
127472,2975,277,3252,10.740072202166065
127486,1538,165,1703,9.32121212121212
127493,3341,157,3498,21.280254777070063
127494,3600,215,3815,16.74418604651163
127498,354,2540,2894,0.1393700787401574
127507,2823,124,2947,22.766129032258064
127509,2663,98,2761,27.1734693877551
127537,3268,140,3408,23.34285714285714
127545,3866,214,4080,18.065420560747665
127568,1963,202,2165,9.717821782178218
127582,1364,129,1493,10.573643410852712
127589,1655,327,1982,5.061162079510703
127591,1962,187,2149,10.491978609625669
127600,2915,110,3025,26.5
127603,606,239,845,2.5355648535564854
127604,3933,138,4071,28.5
127616,1571,403,1974,3.898263027295285
127633,3596,177,3773,20.31638418079096
127650,2396,209,2605,11.464114832535886
127659,3627,123,3750,29.48780487804878
127660,3079,120,3199,25.65833333333333
127662,3582,125,3707,28.656
127671,3425,189,3614,18.12169312169312
127675,3513,81,3594,43.37037037037037
127676,3262,111,3373,29.38738738738739
127678,3654,214,3868,17.074766355140188
127681,3700,167,3867,22.15568862275449
127685,3708,80,3788,46.35
127688,2135,130,2265,16.423076923076923
127690,2249,116,2365,19.38793103448276
127703,3439,130,3569,26.453846153846158
127712,2491,98,2589,25.418367346938776
127716,3253,127,3380,25.614173228346456
127718,3226,116,3342,27.810344827586206
127731,1561,108,1669,14.453703703703704
127736,2323,164,2487,14.164634146341465
127761,3966,106,4072,37.41509433962264
127767,3177,49,3226,64.83673469387755
127774,1866,275,2141,6.785454545454545
127779,1666,101,1767,16.495049504950494
127794,3176,145,3321,21.90344827586207
127803,1478,97,1575,15.237113402061857
127810,2632,210,2842,12.533333333333331
127812,1031,103,1134,10.009708737864075
127819,3233,118,3351,27.39830508474576
127832,893,216,1109,4.13425925925926
127840,3373,351,3724,9.60968660968661
127841,3246,189,3435,17.174603174603174
127843,3273,122,3395,26.827868852459016
127844,3190,128,3318,24.921875
127845,3204,351,3555,9.128205128205128
127849,2508,247,2755,10.153846153846152
127850,3714,257,3971,14.45136186770428
127862,2252,57,2309,39.50877192982456
127864,3235,417,3652,7.757793764988009
127875,3309,79,3388,41.88607594936709
127910,2382,112,2494,21.267857142857142
127922,3477,228,3705,15.25
127923,3643,116,3759,31.405172413793103
127934,809,194,1003,4.170103092783505
127935,3061,259,3320,11.818532818532818
127950,1985,118,2103,16.822033898305083
127956,1731,336,2067,5.151785714285714
127958,3510,222,3732,15.81081081081081
127967,1721,240,1961,7.170833333333333
127971,3911,138,4049,28.34057971014493
127981,2539,236,2775,10.758474576271189
127982,3813,196,4009,19.45408163265306
127989,2775,139,2914,19.964028776978417
127998,3698,232,3930,15.939655172413794
128008,3605,121,3726,29.793388429752067
128017,3492,307,3799,11.37459283387622
128039,1081,101,1182,10.702970297029704
128043,2929,194,3123,15.097938144329897
128057,788,218,1006,3.614678899082569
128059,1723,334,2057,5.158682634730539
128068,2086,63,2149,33.111111111111114
128081,3730,156,3886,23.91025641025641
128086,3343,350,3693,9.551428571428572
128091,3289,180,3469,18.272222222222226
128102,2434,490,2924,4.96734693877551
128104,3630,79,3709,45.9493670886076
128118,2375,72,2447,32.986111111111114
128124,3701,249,3950,14.863453815261044
128139,1488,56,1544,26.571428571428573
128157,3576,344,3920,10.395348837209305
128191,3775,264,4039,14.299242424242424
128201,1566,173,1739,9.052023121387284
128216,3923,157,4080,24.987261146496817
128221,2928,128,3056,22.875
128228,2363,139,2502,17.0
128243,264,3422,3686,0.0771478667445938
128248,3002,199,3201,15.085427135678392
128252,2505,118,2623,21.228813559322035
128261,2582,181,2763,14.265193370165743
128278,3074,145,3219,21.2
128281,2323,89,2412,26.10112359550562
128283,2734,185,2919,14.778378378378378
128297,2239,101,2340,22.168316831683168
128298,22,183,205,0.1202185792349726
128299,1451,444,1895,3.268018018018018
128311,1767,55,1822,32.127272727272725
128312,3168,396,3564,8.0
128321,3477,186,3663,18.693548387096776
128342,1814,76,1890,23.86842105263158
128346,3274,256,3530,12.7890625
128362,3509,23,3532,152.56521739130434
128404,3509,395,3904,8.883544303797468
128410,1890,171,2061,11.052631578947368
128416,3714,138,3852,26.91304347826087
128419,2947,182,3129,16.192307692307693
128439,1971,206,2177,9.567961165048544
128468,2949,72,3021,40.958333333333336
128470,3029,282,3311,10.74113475177305
128472,2315,139,2454,16.654676258992804
128486,3528,401,3929,8.798004987531172
128487,3458,131,3589,26.396946564885496
128489,2439,261,2700,9.344827586206897
128500,1097,376,1473,2.917553191489361
128501,436,1835,2271,0.2376021798365122
128508,3037,420,3457,7.230952380952381
128514,3534,307,3841,11.5114006514658
128520,3025,247,3272,12.246963562753036
128522,209,3739,3948,0.0558972987429794
128524,2978,209,3187,14.248803827751196
128525,2176,115,2291,18.921739130434784
128537,2838,162,3000,17.51851851851852
128542,2897,964,3861,3.005186721991701
128548,1163,365,1528,3.186301369863014
128551,2255,55,2310,41.0
128556,3351,339,3690,9.88495575221239
128560,2417,170,2587,14.217647058823529
128561,2998,191,3189,15.696335078534032
128570,2111,488,2599,4.325819672131147
128572,2117,155,2272,13.658064516129032
128580,3479,51,3530,68.2156862745098
128589,3729,143,3872,26.07692307692308
128614,3922,144,4066,27.23611111111111
128617,3866,44,3910,87.86363636363636
128623,2087,172,2259,12.133720930232558
128628,2435,107,2542,22.757009345794398
128653,2514,60,2574,41.9
128670,65,3687,3752,0.0176295090859777
128688,2413,148,2561,16.304054054054053
128690,3541,173,3714,20.46820809248555
128696,2898,211,3109,13.734597156398104
128698,2068,143,2211,14.461538461538462
128709,2865,246,3111,11.646341463414634
128711,2720,50,2770,54.4
128725,1525,291,1816,5.240549828178694
128732,3013,296,3309,10.179054054054054
128736,907,133,1040,6.819548872180451
128742,1021,287,1308,3.557491289198606
128744,396,120,516,3.3
128753,2833,141,2974,20.09219858156028
128763,2345,73,2418,32.12328767123287
128764,3800,150,3950,25.33333333333333
128769,2012,248,2260,8.112903225806452
128771,657,67,724,9.805970149253731
128773,2465,186,2651,13.25268817204301
128774,2970,118,3088,25.16949152542373
128775,3324,181,3505,18.364640883977906
128776,2794,124,2918,22.532258064516128
128782,2041,365,2406,5.5917808219178085
128783,2466,421,2887,5.85748218527316
128791,3721,131,3852,28.404580152671755
128801,1920,144,2064,13.333333333333334
128812,2924,308,3232,9.493506493506494
128815,3421,46,3467,74.3695652173913
128819,3697,145,3842,25.49655172413793
128825,3369,271,3640,12.431734317343173
128843,2742,146,2888,18.78082191780822
128846,3675,139,3814,26.43884892086331
128851,3151,308,3459,10.23051948051948
128852,3011,73,3084,41.24657534246575
128854,1196,80,1276,14.95
128861,2701,46,2747,58.71739130434783
128864,3773,109,3882,34.61467889908257
128869,2389,150,2539,15.926666666666666
128876,3208,86,3294,37.30232558139535
128880,1794,149,1943,12.04026845637584
128886,2733,95,2828,28.768421052631577
128896,3735,240,3975,15.5625
128925,2232,156,2388,14.307692307692308
128928,3404,159,3563,21.40880503144654
128929,1543,128,1671,12.0546875
128940,1385,252,1637,5.496031746031746
128943,1111,100,1211,11.11
128953,3486,168,3654,20.75
128958,3028,721,3749,4.199722607489598
128968,1565,124,1689,12.620967741935484
128969,1613,122,1735,13.221311475409836
128973,3900,87,3987,44.82758620689656
128975,2092,87,2179,24.04597701149425
128978,2722,214,2936,12.719626168224298
128986,2984,184,3168,16.217391304347824
128995,1984,122,2106,16.262295081967213
129005,2192,104,2296,21.07692307692308
129037,871,123,994,7.08130081300813
129039,1011,209,1220,4.837320574162679
129044,3686,104,3790,35.44230769230769
129049,3385,279,3664,12.132616487455197
129051,2795,57,2852,49.03508771929825
129062,3588,116,3704,30.93103448275862
129068,3714,110,3824,33.763636363636365
129083,3182,145,3327,21.944827586206895
129089,1889,77,1966,24.53246753246753
129097,2549,297,2846,8.582491582491583
129099,3050,184,3234,16.57608695652174
129102,2896,560,3456,5.171428571428572
129111,3446,131,3577,26.30534351145038
129112,2019,245,2264,8.240816326530613
129117,3138,136,3274,23.073529411764707
129128,2555,273,2828,9.35897435897436
129133,2169,120,2289,18.075
129136,3688,161,3849,22.90683229813665
129143,3760,172,3932,21.86046511627907
129144,2561,149,2710,17.187919463087248
129155,2082,133,2215,15.654135338345863
129170,1311,168,1479,7.803571428571429
129174,506,2411,2917,0.2098714226462049
129198,2522,41,2563,61.51219512195122
129203,3564,165,3729,21.6
129209,3153,178,3331,17.713483146067414
129220,3441,82,3523,41.96341463414634
129222,2358,272,2630,8.669117647058824
129223,2456,179,2635,13.720670391061452
129226,2662,223,2885,11.937219730941704
129227,2725,164,2889,16.615853658536587
129236,1446,156,1602,9.26923076923077
129239,3052,97,3149,31.463917525773194
129247,60,2918,2978,0.0205620287868403
129264,3865,46,3911,84.02173913043478
129269,3421,123,3544,27.8130081300813
129271,2538,303,2841,8.376237623762377
129288,3003,171,3174,17.56140350877193
129299,3553,176,3729,20.1875
129302,3761,187,3948,20.112299465240643
129320,2540,161,2701,15.77639751552795
129322,2265,162,2427,13.98148148148148
129323,3111,380,3491,8.186842105263159
129337,1722,229,1951,7.519650655021834
129338,2716,212,2928,12.81132075471698
129347,2061,245,2306,8.412244897959184
129348,3066,193,3259,15.8860103626943
129354,3748,193,3941,19.419689119170982
129362,3298,140,3438,23.557142857142857
129363,1337,186,1523,7.188172043010753
129376,3536,128,3664,27.625
129380,2410,247,2657,9.757085020242917
129381,1075,100,1175,10.75
129383,3589,109,3698,32.92660550458716
129405,919,151,1070,6.086092715231788
129409,3310,90,3400,36.77777777777778
129414,2253,318,2571,7.084905660377358
129417,1607,46,1653,34.93478260869565
129422,921,90,1011,10.233333333333333
129425,2914,104,3018,28.01923076923077
129435,3562,311,3873,11.453376205787782
129436,1574,162,1736,9.716049382716047
129437,1559,29,1588,53.75862068965517
129439,2733,771,3504,3.544747081712062
129442,1146,429,1575,2.6713286713286712
129448,3700,229,3929,16.157205240174672
129453,3163,127,3290,24.905511811023626
129457,2711,199,2910,13.623115577889449
129459,3102,488,3590,6.35655737704918
129460,3557,149,3706,23.87248322147651
129462,3241,149,3390,21.751677852348998
129467,2575,87,2662,29.597701149425287
129471,2563,145,2708,17.675862068965518
129492,2999,260,3259,11.534615384615384
129495,903,44,947,20.522727272727277
129526,2410,172,2582,14.011627906976743
129532,2698,67,2765,40.26865671641791
129548,2978,203,3181,14.669950738916256
129549,3651,203,3854,17.985221674876847
129558,3710,152,3862,24.407894736842103
129569,311,1510,1821,0.2059602649006622
129571,3385,398,3783,8.50502512562814
129573,2603,59,2662,44.11864406779661
129577,1783,90,1873,19.81111111111111
129583,3156,111,3267,28.43243243243243
129586,781,117,898,6.675213675213676
129613,3628,235,3863,15.438297872340426
129616,1375,83,1458,16.566265060240966
129630,1323,276,1599,4.793478260869565
129646,2563,89,2652,28.797752808988765
129654,2925,90,3015,32.5
129660,3661,157,3818,23.318471337579616
129668,3597,177,3774,20.322033898305083
129670,3466,157,3623,22.076433121019107
129680,3324,61,3385,54.49180327868852
129691,3718,215,3933,17.293023255813953
129708,2781,97,2878,28.670103092783503
129726,3321,171,3492,19.42105263157895
129730,3183,142,3325,22.41549295774648
129736,3167,243,3410,13.03292181069959
129738,1797,128,1925,14.0390625
129743,2502,258,2760,9.69767441860465
129771,3633,190,3823,19.121052631578948
129773,29,3779,3808,0.0076739878274675
129777,2737,193,2930,14.181347150259068
129788,3676,117,3793,31.418803418803417
129794,3433,126,3559,27.246031746031747
129803,1109,142,1251,7.809859154929577
129807,1918,135,2053,14.207407407407407
129809,2836,880,3716,3.2227272727272727
129814,602,1037,1639,0.5805207328833173
129829,2557,76,2633,33.64473684210526
129833,1959,128,2087,15.3046875
129844,1137,221,1358,5.144796380090498
129847,2809,184,2993,15.266304347826088
129854,3414,138,3552,24.73913043478261
129857,3386,159,3545,21.29559748427673
129864,2067,265,2332,7.8
129865,2032,118,2150,17.220338983050848
129867,2587,110,2697,23.51818181818182
129868,1824,228,2052,8.0
129874,3402,63,3465,54.0
129889,2777,414,3191,6.707729468599034
129893,888,444,1332,2.0
129896,3340,63,3403,53.01587301587302
129902,3639,93,3732,39.12903225806452
129905,2987,181,3168,16.502762430939228
129909,131,3610,3741,0.0362880886426592
129914,3480,249,3729,13.975903614457833
129922,3118,95,3213,32.82105263157895
129929,1634,69,1703,23.681159420289852
129933,3118,112,3230,27.839285714285715
129950,2571,169,2740,15.21301775147929
129963,2016,347,2363,5.809798270893372
129975,3562,164,3726,21.71951219512195
129998,3062,117,3179,26.17094017094017
130009,3621,70,3691,51.72857142857143
130043,1499,189,1688,7.931216931216931
130048,2165,231,2396,9.372294372294371
130050,2004,484,2488,4.140495867768595
130051,3692,76,3768,48.578947368421055
130069,110,1789,1899,0.0614868641699273
130074,2808,205,3013,13.697560975609756
130085,2868,265,3133,10.822641509433964
130090,1980,158,2138,12.531645569620252
130091,3163,82,3245,38.573170731707314
130099,3669,149,3818,24.624161073825505
130105,2583,179,2762,14.430167597765363
130112,3815,216,4031,17.662037037037038
130113,2587,174,2761,14.867816091954024
130115,3384,323,3707,10.476780185758514
130120,2757,139,2896,19.83453237410072
130130,3692,333,4025,11.087087087087086
130133,3041,251,3292,12.115537848605578
130137,3236,358,3594,9.039106145251395
130142,3788,252,4040,15.031746031746032
130144,1948,135,2083,14.42962962962963
130152,3522,268,3790,13.14179104477612
130177,3427,219,3646,15.64840182648402
130178,3348,233,3581,14.369098712446352
130180,3578,205,3783,17.453658536585365
130183,3830,153,3983,25.03267973856209
130184,1143,157,1300,7.280254777070064
130188,60,2937,2997,0.0204290091930541
130195,1747,321,2068,5.442367601246106
130207,3098,138,3236,22.44927536231884
130211,2363,269,2632,8.784386617100372
130223,2505,76,2581,32.96052631578947
130226,2281,203,2484,11.236453201970445
130236,237,2594,2831,0.0913646877409406
130240,1906,169,2075,11.27810650887574
130247,3115,60,3175,51.91666666666666
130248,2995,173,3168,17.3121387283237
130249,1278,128,1406,9.984375
130256,1958,66,2024,29.666666666666668
130264,1954,178,2132,10.97752808988764
130265,2629,171,2800,15.374269005847951
130276,2073,360,2433,5.758333333333334
130282,951,101,1052,9.415841584158416
130288,3418,247,3665,13.838056680161944
130295,2729,73,2802,37.38356164383562
130299,1857,276,2133,6.728260869565218
130303,3551,94,3645,37.77659574468085
130304,2257,112,2369,20.151785714285715
130308,2839,138,2977,20.57246376811594
130315,3490,210,3700,16.61904761904762
130318,2363,101,2464,23.3960396039604
130322,3866,191,4057,20.24083769633508
130331,1112,500,1612,2.224
130332,2933,282,3215,10.400709219858156
130333,1994,150,2144,13.293333333333331
130336,3272,119,3391,27.49579831932773
130357,2663,80,2743,33.2875
130361,2367,323,2690,7.328173374613003
130377,2092,117,2209,17.88034188034188
130380,3187,152,3339,20.96710526315789
130386,1182,264,1446,4.477272727272728
130389,2531,264,2795,9.587121212121213
130393,1877,123,2000,15.260162601626016
130394,2597,199,2796,13.050251256281408
130403,1372,226,1598,6.070796460176991
130411,3424,296,3720,11.567567567567568
130414,59,3733,3792,0.015804982587731
130417,3895,160,4055,24.34375
130423,2785,35,2820,79.57142857142857
130426,3437,398,3835,8.635678391959798
130430,2987,254,3241,11.75984251968504
130437,2663,66,2729,40.34848484848485
130444,3556,209,3765,17.014354066985646
130453,2111,87,2198,24.264367816091955
130468,3572,77,3649,46.38961038961039
130470,3489,174,3663,20.05172413793104
130474,3291,33,3324,99.72727272727272
130478,1828,226,2054,8.08849557522124
130481,2791,187,2978,14.925133689839573
130492,3389,288,3677,11.76736111111111
130514,3119,237,3356,13.160337552742616
130522,3261,142,3403,22.964788732394368
130528,2316,207,2523,11.18840579710145
130533,2603,186,2789,13.994623655913978
130534,3259,218,3477,14.94954128440367
130548,2113,175,2288,12.074285714285717
130552,773,114,887,6.780701754385965
130553,3162,154,3316,20.53246753246753
130554,1556,138,1694,11.27536231884058
130558,3787,161,3948,23.52173913043478
130560,3114,775,3889,4.018064516129032
130561,1694,288,1982,5.881944444444445
130564,3798,241,4039,15.759336099585065
130568,3366,97,3463,34.70103092783505
130570,2761,295,3056,9.359322033898303
130584,3811,270,4081,14.114814814814816
130588,1849,178,2027,10.387640449438202
130595,1404,186,1590,7.548387096774194
130610,3412,144,3556,23.694444444444443
130614,1766,115,1881,15.356521739130434
130617,1806,217,2023,8.32258064516129
130629,3298,74,3372,44.567567567567565
130630,2266,239,2505,9.481171548117157
130631,2623,260,2883,10.08846153846154
130638,281,2819,3100,0.0996807378503015
130657,525,218,743,2.408256880733945
130663,1621,264,1885,6.140151515151516
130667,3460,160,3620,21.625
130674,1471,80,1551,18.3875
130676,2606,177,2783,14.72316384180791
130685,65,2210,2275,0.0294117647058823
130688,3726,100,3826,37.26
130690,3607,157,3764,22.97452229299363
130702,2507,151,2658,16.602649006622517
130703,2453,141,2594,17.397163120567377
130705,3067,112,3179,27.383928571428573
130719,3697,243,3940,15.213991769547324
130720,1141,86,1227,13.267441860465116
130721,1166,429,1595,2.717948717948718
130736,1984,193,2177,10.279792746113989
130742,3279,141,3420,23.25531914893617
130743,3254,147,3401,22.13605442176871
130744,3368,139,3507,24.230215827338128
130746,2753,70,2823,39.32857142857143
130754,3607,448,4055,8.051339285714286
130763,2262,165,2427,13.709090909090907
130777,3853,173,4026,22.271676300578036
130817,3682,170,3852,21.65882352941177
130818,3335,204,3539,16.348039215686274
130823,3592,107,3699,33.570093457943926
130834,2531,164,2695,15.432926829268292
130853,1463,555,2018,2.636036036036036
130859,3862,225,4087,17.164444444444445
130865,2078,143,2221,14.531468531468532
130899,2252,33,2285,68.24242424242425
130935,3389,431,3820,7.8631090487238975
130938,1905,136,2041,14.007352941176473
130940,2444,68,2512,35.94117647058823
130943,3713,110,3823,33.75454545454546
130944,1430,78,1508,18.33333333333333
130945,3296,103,3399,32.0
130953,1825,274,2099,6.660583941605839
130960,1949,266,2215,7.327067669172933
130966,767,151,918,5.079470198675497
130969,408,1691,2099,0.2412773506800709
130989,3169,55,3224,57.61818181818182
130991,935,122,1057,7.663934426229508
131002,3283,192,3475,17.098958333333332
131005,3173,219,3392,14.488584474885844
131008,2557,107,2664,23.897196261682243
131031,3462,103,3565,33.61165048543689
131033,3431,109,3540,31.47706422018349
131038,3177,148,3325,21.466216216216218
131041,2581,188,2769,13.72872340425532
131046,3606,110,3716,32.78181818181818
131057,2287,139,2426,16.453237410071942
131067,3590,445,4035,8.067415730337078
131074,3275,240,3515,13.645833333333334
131081,2139,239,2378,8.94979079497908
131083,2002,109,2111,18.36697247706422
131084,3858,94,3952,41.04255319148936
131086,2028,171,2199,11.859649122807015
131106,219,686,905,0.3192419825072886
131116,3792,94,3886,40.340425531914896
131121,2379,377,2756,6.310344827586207
131131,1067,82,1149,13.01219512195122
131136,1627,220,1847,7.3954545454545455
131143,2960,154,3114,19.22077922077922
131149,3752,104,3856,36.07692307692308
131159,3365,365,3730,9.219178082191782
131163,2296,136,2432,16.88235294117647
131165,196,2459,2655,0.0797071980479869
131170,3456,394,3850,8.771573604060913
131175,3443,77,3520,44.71428571428572
131190,2566,227,2793,11.30396475770925
131195,2618,191,2809,13.706806282722512
131212,3839,118,3957,32.53389830508475
131219,3014,753,3767,4.00265604249668
131235,3282,124,3406,26.467741935483872
131249,1736,156,1892,11.128205128205128
131254,881,99,980,8.8989898989899
131259,3885,120,4005,32.375
131283,3542,279,3821,12.695340501792115
131288,3774,268,4042,14.082089552238806
131298,3610,131,3741,27.557251908396942
131300,3315,311,3626,10.659163987138264
131307,3879,198,4077,19.59090909090909
131308,2979,105,3084,28.37142857142857
131324,492,196,688,2.510204081632653
131327,2120,176,2296,12.045454545454543
131355,2118,58,2176,36.51724137931034
131359,3773,72,3845,52.40277777777778
131365,2981,178,3159,16.747191011235955
131386,3795,109,3904,34.81651376146789
131403,1134,60,1194,18.9
131408,3488,156,3644,22.35897435897436
131419,3149,232,3381,13.573275862068966
131442,2029,89,2118,22.797752808988765
131460,3587,257,3844,13.957198443579768
131462,1776,114,1890,15.578947368421051
131468,3553,241,3794,14.742738589211616
131471,3219,108,3327,29.80555555555556
131475,3566,92,3658,38.76086956521739
131499,2203,83,2286,26.5421686746988
131500,2050,21,2071,97.61904761904762
131512,3077,179,3256,17.189944134078214
131514,3366,112,3478,30.053571428571427
131552,97,1611,1708,0.0602110490378646
131553,2967,165,3132,17.98181818181818
131555,839,123,962,6.821138211382114
131558,2560,176,2736,14.545454545454543
131564,1983,151,2134,13.132450331125828
131572,2175,177,2352,12.28813559322034
131583,3257,41,3298,79.4390243902439
131590,3087,315,3402,9.8
131598,2079,102,2181,20.38235294117647
131617,2888,219,3107,13.187214611872148
131625,1410,53,1463,26.60377358490566
131632,2155,79,2234,27.27848101265823
131633,249,3395,3644,0.0733431516936671
131638,2712,219,2931,12.383561643835616
131643,2145,216,2361,9.930555555555555
131659,1696,88,1784,19.272727272727277
131670,3194,199,3393,16.050251256281406
131671,3872,99,3971,39.11111111111112
131695,2702,177,2879,15.265536723163844
131696,3421,141,3562,24.26241134751773
131698,3841,245,4086,15.677551020408163
131708,3132,198,3330,15.818181818181818
131711,2416,104,2520,23.23076923076923
131719,2745,313,3058,8.76996805111821
131745,2834,409,3243,6.929095354523227
131746,1268,194,1462,6.536082474226804
131753,2933,203,3136,14.448275862068966
131762,229,3311,3540,0.0691633947447901
131770,2404,121,2525,19.867768595041323
131777,3789,105,3894,36.08571428571429
131783,3785,260,4045,14.557692307692308
131785,48,1606,1654,0.0298879202988792
131796,2293,204,2497,11.240196078431373
131808,2707,189,2896,14.322751322751325
131812,1492,95,1587,15.705263157894738
131824,3119,152,3271,20.519736842105264
131826,2480,160,2640,15.5
131830,2815,182,2997,15.467032967032967
131835,3567,196,3763,18.198979591836736
131838,3466,51,3517,67.96078431372548
131846,2066,129,2195,16.015503875968992
131849,2420,234,2654,10.341880341880342
131850,2302,188,2490,12.24468085106383
131859,3508,186,3694,18.86021505376344
131867,1545,200,1745,7.725
131881,2237,90,2327,24.855555555555554
131883,2246,374,2620,6.005347593582887
131885,991,304,1295,3.2598684210526314
131886,3446,247,3693,13.951417004048585
131910,2546,152,2698,16.75
131912,587,3105,3692,0.1890499194847021
131913,3667,128,3795,28.6484375
131917,3258,249,3507,13.08433734939759
131919,3815,131,3946,29.12213740458015
131920,2066,36,2102,57.388888888888886
131926,2692,228,2920,11.807017543859647
131943,1978,295,2273,6.705084745762712
131944,1385,119,1504,11.638655462184872
131963,2965,220,3185,13.477272727272728
131967,3764,108,3872,34.851851851851855
131971,3578,291,3869,12.29553264604811
131989,3589,312,3901,11.503205128205128
132005,2415,258,2673,9.36046511627907
132014,3539,121,3660,29.24793388429752
132015,323,1596,1919,0.2023809523809523
132021,2613,186,2799,14.048387096774194
132027,878,171,1049,5.1345029239766085
132030,966,174,1140,5.551724137931035
132039,3456,322,3778,10.732919254658386
132047,3488,150,3638,23.25333333333333
132049,3108,123,3231,25.26829268292683
132052,2363,117,2480,20.1965811965812
132061,2130,504,2634,4.226190476190476
132062,3829,231,4060,16.575757575757574
132093,1578,76,1654,20.76315789473684
132094,2666,153,2819,17.424836601307188
132096,3377,124,3501,27.233870967741936
132121,1852,177,2029,10.463276836158192
132135,3726,73,3799,51.04109589041096
132136,2706,371,3077,7.293800539083558
132143,3810,153,3963,24.90196078431373
132171,2579,31,2610,83.19354838709677
132175,2817,104,2921,27.08653846153846
132184,1659,39,1698,42.53846153846154
132191,4007,65,4072,61.64615384615384
132208,3632,369,4001,9.842818428184282
132213,2251,113,2364,19.920353982300885
132218,3793,200,3993,18.965
132231,3567,292,3859,12.215753424657532
132232,1304,276,1580,4.72463768115942
132238,2290,117,2407,19.57264957264957
132242,2077,284,2361,7.313380281690141
132249,3299,502,3801,6.571713147410359
132257,3824,227,4051,16.845814977973568
132264,3577,159,3736,22.49685534591195
132267,3634,192,3826,18.92708333333333
132268,2293,51,2344,44.96078431372549
132271,3894,147,4041,26.489795918367346
132279,3747,143,3890,26.202797202797203
132280,2520,159,2679,15.849056603773583
132288,3257,191,3448,17.05235602094241
132289,2008,144,2152,13.944444444444445
132307,2477,148,2625,16.736486486486488
132323,3642,111,3753,32.810810810810814
132334,3572,193,3765,18.507772020725387
132338,2543,648,3191,3.924382716049383
132340,1853,179,2032,10.35195530726257
132341,3004,132,3136,22.75757575757576
132346,3389,126,3515,26.896825396825395
132367,3160,97,3257,32.577319587628864
132372,3095,121,3216,25.57851239669421
132377,2973,164,3137,18.12804878048781
132384,1765,344,2109,5.130813953488372
132387,2911,147,3058,19.802721088435373
132390,3998,24,4022,166.58333333333334
132393,2428,380,2808,6.389473684210526
132394,1127,108,1235,10.435185185185183
132397,2283,131,2414,17.427480916030536
132403,177,879,1056,0.2013651877133105
132410,2184,57,2241,38.31578947368421
132411,2323,224,2547,10.370535714285714
132420,3518,206,3724,17.07766990291262
132421,3049,211,3260,14.450236966824644
132428,2563,287,2850,8.930313588850174
132433,2807,173,2980,16.22543352601156
132438,1123,137,1260,8.197080291970803
132440,3067,391,3458,7.843989769820972
132456,36,3530,3566,0.0101983002832861
132459,2001,70,2071,28.585714285714285
132462,2392,162,2554,14.765432098765432
132464,2700,88,2788,30.681818181818183
132479,3453,139,3592,24.841726618705035
132480,3666,27,3693,135.77777777777777
132481,2329,352,2681,6.6164772727272725
132484,2480,119,2599,20.840336134453786
132489,3499,172,3671,20.343023255813957
132498,3819,87,3906,43.89655172413793
132501,751,2942,3693,0.2552685248130523
132505,1757,519,2276,3.3853564547206165
132506,2072,363,2435,5.707988980716253
132514,3101,197,3298,15.741116751269036
132521,2016,364,2380,5.538461538461538
132526,2127,49,2176,43.40816326530612
132528,3656,27,3683,135.40740740740742
132534,3708,102,3810,36.35294117647059
132535,2133,135,2268,15.8
132544,3885,199,4084,19.522613065326635
132546,3222,208,3430,15.490384615384617
132554,3523,323,3846,10.907120743034056
132567,1542,93,1635,16.580645161290324
132571,2266,64,2330,35.40625
132586,3009,51,3060,59.0
132605,2822,67,2889,42.11940298507463
132618,2262,194,2456,11.65979381443299
132628,3496,273,3769,12.805860805860808
132630,2822,64,2886,44.09375
132660,228,917,1145,0.2486368593238822
132667,3433,399,3832,8.604010025062657
132669,2986,352,3338,8.482954545454545
132683,2898,140,3038,20.7
132697,1335,180,1515,7.416666666666667
132709,2340,73,2413,32.054794520547944
132711,3311,171,3482,19.362573099415204
132716,3890,167,4057,23.29341317365269
132723,881,342,1223,2.576023391812865
132724,1488,179,1667,8.312849162011172
132749,540,3114,3654,0.1734104046242774
132757,3152,271,3423,11.6309963099631
132764,3095,98,3193,31.581632653061224
132767,3552,238,3790,14.92436974789916
132776,1125,187,1312,6.016042780748663
132777,3422,249,3671,13.7429718875502
132779,3050,121,3171,25.206611570247933
132788,2837,110,2947,25.79090909090909
132789,3428,262,3690,13.083969465648854
132807,3768,267,4035,14.112359550561798
132808,1827,201,2028,9.08955223880597
132820,3998,83,4081,48.16867469879518
132824,3648,241,3889,15.136929460580912
132826,2452,210,2662,11.676190476190476
132830,2346,117,2463,20.05128205128205
132835,1606,183,1789,8.775956284153006
132846,2053,623,2676,3.2953451043338684
132851,2079,116,2195,17.92241379310345
132855,2138,204,2342,10.480392156862743
132856,2476,110,2586,22.509090909090908
132858,3428,285,3713,12.028070175438597
132861,3616,102,3718,35.450980392156865
132867,3257,154,3411,21.149350649350648
132881,3199,68,3267,47.044117647058826
132887,2454,261,2715,9.402298850574711
132896,1824,124,1948,14.709677419354838
132912,2645,42,2687,62.97619047619048
132917,2614,67,2681,39.014925373134325
132922,3917,111,4028,35.288288288288285
132925,2394,202,2596,11.851485148514852
132929,2494,176,2670,14.170454545454543
132931,3061,57,3118,53.70175438596491
132932,2473,94,2567,26.30851063829787
132937,2481,95,2576,26.11578947368421
132942,2359,85,2444,27.75294117647059
132947,1605,83,1688,19.33734939759036
132949,1851,156,2007,11.865384615384617
132951,2251,325,2576,6.926153846153846
132963,2343,322,2665,7.27639751552795
132974,3139,224,3363,14.013392857142858
132977,2196,188,2384,11.680851063829786
132991,3748,166,3914,22.57831325301205
133005,2337,154,2491,15.175324675324676
133007,3283,67,3350,49.0
133009,2113,144,2257,14.67361111111111
133017,2694,110,2804,24.49090909090909
133036,3009,186,3195,16.177419354838708
133049,3262,65,3327,50.18461538461538
133052,2859,38,2897,75.23684210526316
133067,3025,101,3126,29.95049504950495
133100,2424,225,2649,10.773333333333332
133105,3485,166,3651,20.99397590361446
133109,3376,492,3868,6.861788617886178
133113,2973,173,3146,17.184971098265898
133127,1984,59,2043,33.6271186440678
133129,3729,142,3871,26.26056338028169
133133,1461,126,1587,11.595238095238097
133138,3677,144,3821,25.53472222222222
133139,2458,181,2639,13.58011049723757
133165,771,303,1074,2.5445544554455446
133167,2750,211,2961,13.033175355450236
133168,3037,97,3134,31.309278350515463
133175,554,69,623,8.028985507246377
133188,1900,313,2213,6.070287539936103
133192,3705,281,3986,13.185053380782918
133207,2747,111,2858,24.74774774774775
133209,2766,204,2970,13.558823529411764
133216,3794,150,3944,25.293333333333333
133228,2736,233,2969,11.742489270386264
133238,3422,176,3598,19.443181818181817
133242,1122,156,1278,7.1923076923076925
133250,3360,332,3692,10.120481927710845
133253,2807,284,3091,9.883802816901408
133263,2967,162,3129,18.314814814814813
133268,1,2919,2920,0.000342583076396
133272,2109,127,2236,16.606299212598426
133301,2095,46,2141,45.54347826086956
133302,2996,218,3214,13.743119266055048
133304,1899,101,2000,18.8019801980198
133310,1917,92,2009,20.83695652173913
133323,3876,109,3985,35.559633027522935
133325,3914,149,4063,26.268456375838927
133329,3573,161,3734,22.19254658385093
133332,2351,302,2653,7.78476821192053
133333,2723,151,2874,18.033112582781456
133335,2420,878,3298,2.7562642369020502
133337,176,1765,1941,0.0997167138810198
133349,1875,142,2017,13.204225352112676
133356,3442,463,3905,7.434125269978401
133357,2906,122,3028,23.81967213114754
133359,3611,66,3677,54.71212121212121
133371,1885,155,2040,12.161290322580646
133372,3132,414,3546,7.565217391304348
133377,3793,204,3997,18.59313725490196
133380,1010,72,1082,14.02777777777778
133398,2662,258,2920,10.317829457364342
133402,2124,790,2914,2.688607594936709
133413,2979,370,3349,8.051351351351352
133416,2540,173,2713,14.68208092485549
133421,3246,473,3719,6.862579281183932
133423,2754,662,3416,4.16012084592145
133436,3344,145,3489,23.06206896551724
133438,1865,183,2048,10.191256830601093
133440,3308,99,3407,33.41414141414141
133448,2857,331,3188,8.63141993957704
133465,3612,120,3732,30.1
133468,1853,102,1955,18.166666666666668
133470,1618,834,2452,1.9400479616306956
133496,3673,146,3819,25.15753424657534
133497,3289,102,3391,32.245098039215684
133512,1730,87,1817,19.885057471264368
133528,3470,221,3691,15.701357466063348
133534,3774,128,3902,29.484375
133563,3332,124,3456,26.870967741935484
133585,3889,76,3965,51.17105263157895
133586,1990,157,2147,12.67515923566879
133591,3696,131,3827,28.213740458015263
133600,2530,157,2687,16.11464968152866
133607,3587,93,3680,38.56989247311828
133608,2099,215,2314,9.76279069767442
133614,1851,202,2053,9.163366336633665
133618,2088,165,2253,12.654545454545454
133642,3348,74,3422,45.24324324324324
133657,2065,334,2399,6.182634730538922
133668,2339,165,2504,14.175757575757576
133705,3887,48,3935,80.97916666666667
133707,3029,121,3150,25.03305785123967
133714,2049,166,2215,12.343373493975903
133719,1488,117,1605,12.717948717948715
133724,2046,193,2239,10.601036269430052
133726,1271,97,1368,13.103092783505154
133737,965,216,1181,4.467592592592593
133755,2806,166,2972,16.903614457831324
133761,2279,66,2345,34.53030303030303
133766,1647,259,1906,6.359073359073359
133767,3124,217,3341,14.3963133640553
133772,2933,50,2983,58.66
133773,3764,54,3818,69.70370370370371
133776,2849,147,2996,19.38095238095238
133777,2702,521,3223,5.186180422264875
133784,1209,267,1476,4.52808988764045
133786,3837,165,4002,23.25454545454545
133789,2052,93,2145,22.06451612903226
133790,2856,262,3118,10.900763358778626
133799,3647,290,3937,12.575862068965517
133805,3482,38,3520,91.63157894736842
133810,3652,159,3811,22.968553459119494
133811,2614,307,2921,8.514657980456025
133813,1330,115,1445,11.565217391304348
133815,2928,641,3569,4.56786271450858
133825,1735,132,1867,13.143939393939394
133838,2212,144,2356,15.36111111111111
133845,1634,275,1909,5.941818181818181
133879,2564,510,3074,5.027450980392157
133882,3190,89,3279,35.842696629213485
133893,2071,104,2175,19.91346153846154
133906,469,2764,3233,0.1696816208393632
133907,2813,154,2967,18.266233766233768
133911,3420,343,3763,9.970845481049563
133912,3520,306,3826,11.50326797385621
133917,1782,157,1939,11.35031847133758
133930,2865,261,3126,10.977011494252874
133934,2594,208,2802,12.471153846153848
133959,2621,39,2660,67.2051282051282
133960,2485,81,2566,30.679012345679013
133964,1559,344,1903,4.531976744186046
133966,3629,400,4029,9.0725
133972,2051,201,2252,10.203980099502488
133974,2752,205,2957,13.42439024390244
133977,3175,233,3408,13.626609442060088
133983,3324,66,3390,50.36363636363637
133987,1601,122,1723,13.12295081967213
134000,2661,109,2770,24.412844036697248
134005,797,1991,2788,0.4003013561024611
134006,1667,69,1736,24.159420289855078
134015,2830,189,3019,14.973544973544971
134018,3236,199,3435,16.261306532663315
134023,2013,166,2179,12.126506024096386
134024,3208,346,3554,9.271676300578036
134036,3280,147,3427,22.312925170068027
134064,3331,82,3413,40.6219512195122
134070,3545,235,3780,15.085106382978724
134073,3532,66,3598,53.51515151515152
134076,2949,123,3072,23.97560975609756
134091,3295,225,3520,14.644444444444444
134098,3797,236,4033,16.088983050847457
134103,3750,146,3896,25.684931506849317
134108,1167,260,1427,4.4884615384615385
134117,539,2092,2631,0.2576481835564053
134122,3565,453,4018,7.869757174392935
134125,3248,159,3407,20.42767295597484
134137,2427,170,2597,14.276470588235297
134138,3518,273,3791,12.886446886446889
134141,3202,218,3420,14.688073394495412
134146,1988,135,2123,14.725925925925926
134150,1761,272,2033,6.474264705882353
134165,3446,76,3522,45.3421052631579
134180,1317,337,1654,3.908011869436202
134194,68,2689,2757,0.0252882112309408
134195,3450,73,3523,47.26027397260274
134205,2218,302,2520,7.344370860927152
134219,3364,177,3541,19.005649717514125
134220,2107,31,2138,67.96774193548387
134224,3280,203,3483,16.157635467980295
134234,3430,139,3569,24.67625899280576
134239,2665,197,2862,13.527918781725887
134255,3739,131,3870,28.541984732824428
134256,2395,88,2483,27.21590909090909
134268,3782,134,3916,28.22388059701493
134272,3286,179,3465,18.35754189944134
134273,3583,250,3833,14.332
134280,854,173,1027,4.936416184971098
134296,3420,151,3571,22.64900662251656
134300,3313,223,3536,14.856502242152466
134301,3513,320,3833,10.978125
134307,2638,149,2787,17.70469798657718
134311,2868,140,3008,20.485714285714284
134316,3134,144,3278,21.76388888888889
134320,2810,90,2900,31.22222222222222
134328,3479,208,3687,16.72596153846154
134335,714,193,907,3.699481865284974
134337,3699,148,3847,24.99324324324324
134342,2532,202,2734,12.534653465346535
134347,1749,247,1996,7.080971659919029
134348,2705,84,2789,32.20238095238095
134350,2611,111,2722,23.52252252252252
134362,2796,109,2905,25.65137614678899
134365,2374,225,2599,10.551111111111112
134376,2183,78,2261,27.987179487179485
134382,3284,345,3629,9.518840579710146
134383,3678,142,3820,25.901408450704224
134390,3404,194,3598,17.54639175257732
134401,3480,180,3660,19.33333333333333
134405,2526,73,2599,34.602739726027394
134419,696,2803,3499,0.2483053870852657
134420,2391,164,2555,14.579268292682928
134426,3882,153,4035,25.37254901960784
134427,2058,513,2571,4.011695906432749
134428,840,165,1005,5.090909090909091
134432,2175,59,2234,36.86440677966102
134434,1581,173,1754,9.13872832369942
134440,2062,137,2199,15.05109489051095
134450,1821,193,2014,9.43523316062176
134456,3252,123,3375,26.4390243902439
134464,3448,105,3553,32.838095238095235
134468,2438,190,2628,12.83157894736842
134474,2884,167,3051,17.269461077844312
134476,3346,122,3468,27.42622950819672
134477,2746,142,2888,19.338028169014084
134479,3479,164,3643,21.213414634146343
134486,3461,318,3779,10.88364779874214
134498,2550,140,2690,18.214285714285715
134510,1896,250,2146,7.584
134511,3333,94,3427,35.45744680851064
134519,4046,46,4092,87.95652173913044
134528,3701,139,3840,26.62589928057554
134531,3637,119,3756,30.563025210084035
134544,2801,221,3022,12.67420814479638
134556,3120,218,3338,14.311926605504588
134557,3628,159,3787,22.81761006289308
134558,2120,233,2353,9.098712446351932
134574,3240,207,3447,15.652173913043478
134586,3663,161,3824,22.751552795031056
134589,3432,136,3568,25.235294117647054
134595,3714,113,3827,32.86725663716814
134609,1939,140,2079,13.85
134616,2317,164,2481,14.128048780487806
134619,86,2969,3055,0.0289659818120579
134621,709,116,825,6.112068965517241
134623,50,3841,3891,0.0130174433741213
134627,2291,132,2423,17.356060606060606
134628,1869,112,1981,16.6875
134629,1811,209,2020,8.665071770334928
134630,1160,98,1258,11.83673469387755
134633,1570,120,1690,13.083333333333334
134637,2351,146,2497,16.102739726027398
134638,3665,206,3871,17.79126213592233
134646,2570,190,2760,13.526315789473683
134649,3725,198,3923,18.81313131313131
134652,1256,49,1305,25.632653061224488
134658,3347,170,3517,19.688235294117646
134661,2211,209,2420,10.578947368421051
134667,3068,93,3161,32.98924731182796
134668,3372,186,3558,18.12903225806452
134673,2213,256,2469,8.64453125
134675,3413,174,3587,19.614942528735632
134678,3480,260,3740,13.384615384615383
134680,3559,181,3740,19.662983425414364
134687,3110,42,3152,74.04761904761905
134692,3912,54,3966,72.44444444444444
134712,1,991,992,0.0010090817356205
134713,388,120,508,3.2333333333333334
134723,2586,171,2757,15.12280701754386
134725,2341,241,2582,9.71369294605809
134733,3752,195,3947,19.24102564102564
134744,1769,122,1891,14.5
134754,3786,185,3971,20.464864864864865
134756,1773,123,1896,14.414634146341465
134759,3251,92,3343,35.33695652173913
134768,1449,224,1673,6.46875
134779,2683,196,2879,13.68877551020408
134785,524,3539,4063,0.1480644249788075
134792,2174,231,2405,9.41125541125541
134801,2804,226,3030,12.4070796460177
134802,854,145,999,5.889655172413793
134808,1128,87,1215,12.96551724137931
134810,3484,145,3629,24.02758620689655
134811,1426,164,1590,8.695121951219512
134815,2795,225,3020,12.422222222222222
134830,2121,135,2256,15.71111111111111
134837,3200,276,3476,11.594202898550725
134839,333,2863,3196,0.1163115612993363
134849,3826,199,4025,19.22613065326633
134850,498,1098,1596,0.453551912568306
134852,2308,272,2580,8.485294117647058
134853,3816,168,3984,22.714285714285715
134865,2459,135,2594,18.21481481481481
134875,119,3210,3329,0.0370716510903426
134878,1783,142,1925,12.556338028169014
134885,2862,347,3209,8.247838616714697
134897,3618,254,3872,14.244094488188976
134901,2458,184,2642,13.358695652173912
134911,2994,69,3063,43.391304347826086
134917,3571,212,3783,16.84433962264151
134919,3145,76,3221,41.38157894736842
134940,1806,35,1841,51.6
134954,3243,86,3329,37.7093023255814
134966,2793,187,2980,14.935828877005347
134977,1759,242,2001,7.268595041322314
134983,1527,158,1685,9.664556962025316
134984,1527,301,1828,5.073089700996678
134989,3564,169,3733,21.088757396449704
135043,3023,74,3097,40.85135135135136
135045,3346,94,3440,35.59574468085106
135080,3602,143,3745,25.18881118881119
135098,1975,148,2123,13.344594594594597
135114,2831,229,3060,12.362445414847162
135128,2331,39,2370,59.76923076923077
135139,1885,194,2079,9.716494845360824
135147,4025,49,4074,82.14285714285714
135154,2474,120,2594,20.616666666666667
135159,838,1017,1855,0.823992133726647
135163,2863,314,3177,9.117834394904458
135171,2227,122,2349,18.25409836065574
135174,2220,145,2365,15.310344827586206
135194,1413,345,1758,4.095652173913043
135203,2677,133,2810,20.127819548872186
135205,2651,154,2805,17.214285714285715
135235,2270,113,2383,20.08849557522124
135254,2387,125,2512,19.096
135260,3444,260,3704,13.246153846153844
135263,941,70,1011,13.442857142857145
135275,386,3655,4041,0.1056087551299589
135277,2960,390,3350,7.589743589743589
135284,2934,250,3184,11.736
135285,2787,188,2975,14.824468085106384
135291,3279,127,3406,25.818897637795278
135300,2052,373,2425,5.501340482573727
135302,2131,99,2230,21.52525252525253
135303,3800,236,4036,16.10169491525424
135305,3673,103,3776,35.66019417475728
135308,3509,200,3709,17.545
135310,2543,309,2852,8.229773462783172
135326,2507,103,2610,24.33980582524272
135328,1533,153,1686,10.019607843137257
135336,3573,146,3719,24.472602739726028
135340,1858,215,2073,8.64186046511628
135341,377,2960,3337,0.1273648648648648
135365,3064,134,3198,22.86567164179105
135367,3611,239,3850,15.108786610878662
135371,1311,111,1422,11.81081081081081
135373,3180,281,3461,11.316725978647687
135388,1702,279,1981,6.100358422939068
135392,3597,150,3747,23.98
135393,3008,123,3131,24.45528455284553
135396,3832,111,3943,34.52252252252252
135404,3831,118,3949,32.46610169491525
135408,3341,152,3493,21.980263157894736
135424,2691,93,2784,28.93548387096774
135429,1894,114,2008,16.614035087719298
135430,3012,41,3053,73.46341463414635
135432,3611,149,3760,24.23489932885906
135451,1674,115,1789,14.556521739130435
135457,2517,116,2633,21.698275862068964
135458,2393,203,2596,11.78817733990148
135476,2032,208,2240,9.76923076923077
135488,1935,208,2143,9.302884615384617
135492,1920,91,2011,21.0989010989011
135501,919,1656,2575,0.5549516908212561
135506,3631,170,3801,21.358823529411765
135509,2987,213,3200,14.023474178403756
135517,3483,242,3725,14.392561983471074
135519,2704,194,2898,13.938144329896907
135524,2315,163,2478,14.202453987730062
135532,1053,182,1235,5.785714285714286
135534,2892,193,3085,14.984455958549225
135537,1305,87,1392,15.0
135565,2022,240,2262,8.425
135576,3475,172,3647,20.203488372093023
135580,3416,124,3540,27.548387096774192
135586,3855,65,3920,59.30769230769231
135587,2807,129,2936,21.75968992248062
135592,3737,112,3849,33.36607142857143
135594,3119,90,3209,34.65555555555556
135597,2373,152,2525,15.611842105263158
135599,3487,124,3611,28.120967741935484
135619,2194,61,2255,35.967213114754095
135632,664,91,755,7.296703296703296
135643,1616,134,1750,12.059701492537313
135648,3851,160,4011,24.06875
135651,2986,280,3266,10.664285714285716
135669,1403,134,1537,10.470149253731345
135671,3291,248,3539,13.27016129032258
135675,3181,524,3705,6.070610687022901
135683,2165,279,2444,7.759856630824372
135689,3872,95,3967,40.7578947368421
135712,1695,129,1824,13.13953488372093
135713,3424,314,3738,10.904458598726114
135717,1808,39,1847,46.35897435897436
135738,1425,88,1513,16.193181818181817
135739,3441,370,3811,9.3
135742,2701,343,3044,7.87463556851312
135753,3431,219,3650,15.666666666666666
135759,3076,126,3202,24.41269841269841
135763,1179,74,1253,15.932432432432432
135765,2315,174,2489,13.304597701149426
135769,3409,75,3484,45.45333333333333
135772,3133,297,3430,10.548821548821548
135777,2806,417,3223,6.729016786570743
135780,1585,99,1684,16.01010101010101
135783,2390,390,2780,6.128205128205129
135786,3469,240,3709,14.454166666666667
135792,3266,215,3481,15.190697674418605
135797,2112,161,2273,13.118012422360248
135818,72,1433,1505,0.0502442428471737
135828,2792,231,3023,12.086580086580089
135830,1149,166,1315,6.921686746987952
135835,2231,136,2367,16.404411764705884
135839,3543,128,3671,27.6796875
135856,2413,120,2533,20.10833333333333
135865,1085,246,1331,4.4105691056910565
135881,977,253,1230,3.8616600790513833
135882,3010,131,3141,22.977099236641223
135884,3277,124,3401,26.427419354838708
135898,2115,263,2378,8.041825095057034
135919,3546,177,3723,20.033898305084747
135939,3172,311,3483,10.19935691318328
135942,1914,218,2132,8.779816513761467
135956,1847,192,2039,9.619791666666666
135960,3305,226,3531,14.623893805309734
135982,696,263,959,2.64638783269962
136003,1070,2531,3601,0.4227578032398261
136009,702,218,920,3.220183486238532
136015,925,186,1111,4.973118279569892
136027,2937,235,3172,12.497872340425532
136035,3464,183,3647,18.92896174863388
136054,2635,449,3084,5.868596881959911
136063,2932,84,3016,34.904761904761905
136067,2555,318,2873,8.034591194968554
136079,1851,106,1957,17.462264150943398
136081,2748,118,2866,23.28813559322034
136082,1487,257,1744,5.785992217898833
136094,3069,236,3305,13.004237288135592
136104,3452,252,3704,13.698412698412698
136114,3893,82,3975,47.47560975609756
136124,3064,175,3239,17.50857142857143
136125,3546,137,3683,25.883211678832115
136131,3012,180,3192,16.733333333333334
136140,3319,246,3565,13.491869918699187
136141,1726,1299,3025,1.3287143956889915
136142,3599,232,3831,15.512931034482758
136157,3215,62,3277,51.854838709677416
136159,3250,215,3465,15.116279069767442
136161,3217,155,3372,20.75483870967742
136165,585,3136,3721,0.1865433673469387
136174,2477,178,2655,13.915730337078651
136175,2755,37,2792,74.45945945945945
136176,1643,151,1794,10.880794701986757
136177,3757,205,3962,18.326829268292684
136181,2399,517,2916,4.640232108317215
136190,2602,408,3010,6.377450980392157
136197,3926,134,4060,29.29850746268657
136199,3398,193,3591,17.60621761658031
136200,3218,148,3366,21.74324324324324
136204,2997,68,3065,44.0735294117647
136206,3345,39,3384,85.76923076923077
136210,3874,146,4020,26.534246575342465
136213,3656,241,3897,15.1701244813278
136245,694,125,819,5.552
136253,2642,172,2814,15.36046511627907
136256,2901,97,2998,29.90721649484536
136261,2696,89,2785,30.292134831460675
136269,828,177,1005,4.677966101694915
136273,3852,102,3954,37.76470588235294
136311,2796,298,3094,9.38255033557047
136313,2142,899,3041,2.382647385984427
136319,3164,181,3345,17.480662983425415
136324,2936,61,2997,48.131147540983605
136325,3158,160,3318,19.7375
136326,1679,61,1740,27.524590163934427
136335,972,261,1233,3.724137931034482
136353,2678,241,2919,11.112033195020746
136363,671,122,793,5.5
136364,3253,64,3317,50.828125
136369,3442,203,3645,16.95566502463054
136371,3229,191,3420,16.905759162303664
136380,3463,21,3484,164.9047619047619
136383,1416,570,1986,2.4842105263157896
136385,2669,165,2834,16.175757575757576
136398,2142,82,2224,26.121951219512194
136399,1727,291,2018,5.934707903780069
136412,2923,119,3042,24.563025210084035
136415,3384,332,3716,10.19277108433735
136429,1327,215,1542,6.1720930232558135
136434,2110,186,2296,11.344086021505376
136440,1194,142,1336,8.408450704225352
136444,2329,186,2515,12.521505376344086
136466,3485,187,3672,18.63636363636364
136477,2702,100,2802,27.02
136478,3310,623,3933,5.313001605136437
136480,3790,248,4038,15.28225806451613
136502,2798,240,3038,11.658333333333331
136509,732,129,861,5.674418604651163
136515,3066,94,3160,32.61702127659574
136524,3790,276,4066,13.731884057971014
136531,1043,2594,3637,0.4020817270624518
136541,3033,268,3301,11.317164179104475
136542,2971,125,3096,23.768
136543,1872,202,2074,9.267326732673268
136544,3115,369,3484,8.441734417344174
136548,2726,112,2838,24.339285714285715
136557,3681,287,3968,12.825783972125436
136561,3319,335,3654,9.907462686567165
136567,1547,297,1844,5.2087542087542085
136568,242,2333,2575,0.1037291041577368
136594,2278,121,2399,18.826446280991732
136603,1991,88,2079,22.625
136604,3339,430,3769,7.765116279069767
136647,3068,98,3166,31.306122448979597
136650,3063,227,3290,13.493392070484582
136674,2037,183,2220,11.131147540983608
136694,2297,165,2462,13.921212121212122
136703,3263,132,3395,24.71969696969697
136731,3494,92,3586,37.97826086956522
136736,974,126,1100,7.73015873015873
136754,3139,46,3185,68.23913043478261
136762,67,3075,3142,0.0217886178861788
136767,2356,193,2549,12.207253886010363
136784,2782,86,2868,32.348837209302324
136790,770,125,895,6.16
136791,3239,204,3443,15.877450980392156
136796,2854,129,2983,22.124031007751935
136798,2144,150,2294,14.293333333333331
136801,3370,113,3483,29.82300884955752
136803,3702,165,3867,22.43636363636364
136804,2806,83,2889,33.80722891566265
136810,3250,287,3537,11.32404181184669
136813,988,173,1161,5.710982658959537
136822,2553,179,2732,14.262569832402235
136825,3705,261,3966,14.195402298850574
136827,3653,408,4061,8.95343137254902
136839,1552,262,1814,5.923664122137405
136845,2159,215,2374,10.04186046511628
136854,1080,69,1149,15.652173913043478
136857,3970,105,4075,37.80952380952381
136861,3138,287,3425,10.933797909407666
136862,3124,308,3432,10.142857142857142
136864,1645,177,1822,9.293785310734464
136867,916,96,1012,9.541666666666666
136877,1,952,953,0.0010504201680672
136878,3137,280,3417,11.20357142857143
136881,3275,249,3524,13.152610441767068
136884,2070,125,2195,16.56
136903,3354,174,3528,19.27586206896552
136910,2696,58,2754,46.48275862068966
136911,2350,187,2537,12.566844919786096
136913,3803,216,4019,17.60648148148148
136914,3654,56,3710,65.25
136919,2487,147,2634,16.918367346938776
136924,2788,253,3041,11.019762845849804
136956,2540,290,2830,8.758620689655173
136968,3011,204,3215,14.759803921568627
136970,2119,290,2409,7.3068965517241375
136973,1632,310,1942,5.264516129032258
136978,346,68,414,5.088235294117647
136984,2166,194,2360,11.164948453608249
136992,2104,86,2190,24.46511627906977
136995,3629,102,3731,35.57843137254902
136998,3620,52,3672,69.61538461538461
137006,2623,346,2969,7.58092485549133
137030,2647,170,2817,15.570588235294116
137033,1400,18,1418,77.77777777777777
137036,2610,278,2888,9.388489208633093
137065,3541,92,3633,38.48913043478261
137081,1877,174,2051,10.78735632183908
137085,55,3798,3853,0.0144813059505002
137093,2643,348,2991,7.594827586206897
137098,3409,141,3550,24.177304964539008
137124,2988,264,3252,11.318181818181818
137126,2255,275,2530,8.2
137129,2524,203,2727,12.433497536945811
137130,570,121,691,4.710743801652892
137131,2610,269,2879,9.702602230483272
137142,2461,318,2779,7.738993710691824
137145,2369,125,2494,18.952
137151,2241,113,2354,19.831858407079647
137155,2084,82,2166,25.414634146341463
137159,3579,185,3764,19.345945945945942
137163,3151,159,3310,19.81761006289308
137172,3379,186,3565,18.166666666666668
137174,2540,87,2627,29.19540229885057
137175,2529,252,2781,10.035714285714286
137178,1870,186,2056,10.053763440860216
137180,1779,158,1937,11.259493670886076
137188,2100,118,2218,17.796610169491526
137206,30,3715,3745,0.0080753701211305
137219,1278,110,1388,11.61818181818182
137236,2828,197,3025,14.35532994923858
137241,3279,192,3471,17.078125
137242,761,244,1005,3.1188524590163933
137266,1643,115,1758,14.28695652173913
137282,1902,240,2142,7.925
137286,3937,157,4094,25.076433121019107
137287,1710,106,1816,16.132075471698112
137291,3762,142,3904,26.492957746478872
137292,1837,42,1879,43.73809523809524
137305,3395,443,3838,7.663656884875847
137315,3743,303,4046,12.353135313531354
137320,2108,210,2318,10.038095238095238
137321,2618,276,2894,9.485507246376812
137326,1329,108,1437,12.305555555555555
137340,3856,212,4068,18.18867924528302
137341,2840,52,2892,54.61538461538461
137349,3838,98,3936,39.16326530612245
137351,1619,242,1861,6.690082644628099
137352,3343,213,3556,15.694835680751174
137362,2656,154,2810,17.246753246753247
137373,3382,131,3513,25.81679389312977
137376,3556,155,3711,22.941935483870967
137379,3052,115,3167,26.53913043478261
137393,2907,89,2996,32.662921348314605
137407,2416,48,2464,50.333333333333336
137410,3917,123,4040,31.84552845528455
137415,3203,284,3487,11.278169014084508
137425,964,2441,3405,0.3949201147070872
137436,1774,253,2027,7.011857707509882
137437,3486,266,3752,13.105263157894736
137447,3449,352,3801,9.798295454545457
137451,2172,254,2426,8.551181102362206
137454,3383,183,3566,18.48633879781421
137462,3081,219,3300,14.068493150684931
137464,3330,362,3692,9.19889502762431
137487,2165,147,2312,14.727891156462585
137492,2941,158,3099,18.61392405063291
137494,2253,69,2322,32.65217391304348
137499,4012,37,4049,108.43243243243244
137501,3498,104,3602,33.63461538461539
137508,3605,154,3759,23.40909090909091
137525,2012,137,2149,14.686131386861314
137528,3053,80,3133,38.1625
137530,3852,159,4011,24.22641509433962
137534,3739,339,4078,11.029498525073748
137538,1427,95,1522,15.021052631578948
137548,3388,508,3896,6.669291338582677
137549,3443,185,3628,18.61081081081081
137565,2532,222,2754,11.405405405405403
137572,3138,161,3299,19.490683229813666
137573,3788,165,3953,22.95757575757576
137576,927,186,1113,4.983870967741935
137582,2519,28,2547,89.96428571428571
137586,2927,139,3066,21.05755395683453
137589,2692,212,2904,12.69811320754717
137592,3161,133,3294,23.76691729323308
137598,1722,164,1886,10.5
137600,1741,257,1998,6.77431906614786
137623,3368,136,3504,24.764705882352946
137626,3074,484,3558,6.351239669421488
137638,2072,111,2183,18.666666666666668
137652,2594,191,2785,13.581151832460732
137658,3246,372,3618,8.725806451612904
137662,3046,72,3118,42.30555555555556
137668,3558,151,3709,23.56291390728477
137678,3058,429,3487,7.128205128205129
137690,2687,667,3354,4.028485757121439
137693,77,2573,2650,0.0299261562378546
137696,3787,221,4008,17.13574660633484
137714,2720,237,2957,11.476793248945148
137722,3147,121,3268,26.00826446280992
137725,1546,307,1853,5.035830618892508
137726,2006,158,2164,12.69620253164557
137731,2648,153,2801,17.30718954248366
137732,3099,184,3283,16.842391304347824
137753,3655,184,3839,19.86413043478261
137758,3641,97,3738,37.5360824742268
137761,2284,60,2344,38.06666666666667
137774,3190,253,3443,12.608695652173912
137776,2451,98,2549,25.01020408163265
137778,2395,235,2630,10.191489361702128
137780,2555,101,2656,25.297029702970296
137781,2622,109,2731,24.05504587155963
137790,3458,132,3590,26.196969696969692
137799,3256,235,3491,13.85531914893617
137808,3017,353,3370,8.546742209631729
137814,2813,135,2948,20.83703703703704
137822,1012,347,1359,2.9164265129683
137824,1507,198,1705,7.611111111111111
137826,1449,68,1517,21.308823529411764
137839,2862,85,2947,33.67058823529412
137848,3769,192,3961,19.63020833333333
137852,1,3236,3237,0.0003090234857849
137865,3185,382,3567,8.337696335078535
137868,2341,333,2674,7.03003003003003
137874,3811,199,4010,19.150753768844226
137877,3677,105,3782,35.01904761904762
137883,3531,103,3634,34.28155339805825
137885,2599,159,2758,16.345911949685533
137897,3784,106,3890,35.698113207547166
137915,3646,97,3743,37.58762886597938
137929,2042,742,2784,2.752021563342318
137931,3550,137,3687,25.912408759124087
137937,3526,168,3694,20.98809523809524
137956,1386,2476,3862,0.5597738287560582
137973,2450,318,2768,7.70440251572327
137988,2413,97,2510,24.87628865979381
137989,1716,168,1884,10.214285714285714
137992,691,110,801,6.281818181818182
138008,3572,218,3790,16.38532110091743
138012,72,892,964,0.0807174887892376
138013,1424,241,1665,5.908713692946058
138026,2563,171,2734,14.988304093567251
138038,2275,97,2372,23.45360824742268
138041,3226,94,3320,34.319148936170215
138044,2885,338,3223,8.535502958579881
138046,2228,172,2400,12.953488372093023
138059,3461,110,3571,31.463636363636365
138061,3740,190,3930,19.68421052631579
138073,3668,333,4001,11.015015015015017
138080,1371,195,1566,7.030769230769231
138094,2037,105,2142,19.4
138100,1435,2568,4003,0.5588006230529595
138116,848,156,1004,5.435897435897436
138117,3181,76,3257,41.85526315789474
138123,4006,90,4096,44.51111111111111
138128,2402,43,2445,55.86046511627907
138136,2055,298,2353,6.895973154362416
138153,3634,96,3730,37.85416666666666
138166,3440,102,3542,33.72549019607843
138171,1616,380,1996,4.252631578947368
138173,3421,146,3567,23.431506849315067
138176,1681,175,1856,9.605714285714283
138178,2521,182,2703,13.851648351648352
138192,2779,252,3031,11.02777777777778
138194,2085,58,2143,35.94827586206897
138211,1107,179,1286,6.184357541899441
138213,2567,195,2762,13.164102564102564
138235,3469,282,3751,12.301418439716311
138241,3612,236,3848,15.305084745762713
138248,3613,62,3675,58.274193548387096
138252,2645,179,2824,14.776536312849162
138254,2921,199,3120,14.678391959798995
138258,2293,403,2696,5.689826302729529
138261,3973,66,4039,60.196969696969695
138262,1280,112,1392,11.428571428571429
138265,2487,116,2603,21.439655172413797
138267,3812,85,3897,44.84705882352941
138271,3851,116,3967,33.19827586206897
138275,3767,227,3994,16.594713656387665
138288,2742,108,2850,25.38888888888889
138294,2218,132,2350,16.803030303030305
138296,49,3487,3536,0.0140521938629194
138303,1842,212,2054,8.68867924528302
138308,1974,85,2059,23.223529411764705
138313,699,169,868,4.136094674556213
138318,2565,297,2862,8.636363636363637
138321,1910,132,2042,14.469696969696969
138347,3628,169,3797,21.467455621301774
138357,3971,121,4092,32.81818181818182
138366,3553,233,3786,15.24892703862661
138367,3548,235,3783,15.097872340425532
138380,2441,135,2576,18.08148148148148
138383,3711,111,3822,33.432432432432435
138385,3258,273,3531,11.934065934065934
138399,3597,192,3789,18.734375
138409,2261,84,2345,26.916666666666668
138415,2355,184,2539,12.798913043478262
138418,3136,223,3359,14.062780269058296
138421,1725,127,1852,13.582677165354331
138425,74,3999,4073,0.0185046261565391
138432,3885,200,4085,19.425
138441,3519,243,3762,14.48148148148148
138446,2075,226,2301,9.18141592920354
138452,3251,166,3417,19.58433734939759
138466,2439,180,2619,13.55
138498,3265,67,3332,48.73134328358209
138502,2642,217,2859,12.175115207373272
138505,959,3091,4050,0.3102555807182142
138520,3461,134,3595,25.828358208955223
138523,3884,196,4080,19.816326530612244
138530,3365,47,3412,71.59574468085107
138534,3456,102,3558,33.88235294117647
138539,2125,142,2267,14.964788732394366
138552,3221,303,3524,10.630363036303631
138557,3971,72,4043,55.15277777777778
138565,3559,239,3798,14.891213389121338
138568,2556,144,2700,17.75
138571,2021,120,2141,16.841666666666665
138578,2557,105,2662,24.35238095238095
138587,3607,84,3691,42.94047619047619
138589,2639,162,2801,16.290123456790123
138597,2128,237,2365,8.978902953586498
138598,1563,167,1730,9.359281437125748
138601,3664,202,3866,18.138613861386137
138605,3796,243,4039,15.621399176954732
138613,2345,231,2576,10.151515151515152
138627,2181,477,2658,4.572327044025157
138640,3778,201,3979,18.796019900497512
138643,3701,153,3854,24.18954248366013
138648,3584,108,3692,33.18518518518518
138658,3450,452,3902,7.632743362831858
138662,3725,226,3951,16.48230088495575
138675,3948,29,3977,136.13793103448276
138680,2230,450,2680,4.955555555555556
138683,3371,209,3580,16.129186602870814
138689,3372,274,3646,12.306569343065693
138708,3958,55,4013,71.96363636363637
138710,3606,87,3693,41.44827586206897
138740,1606,168,1774,9.55952380952381
138744,3779,177,3956,21.350282485875702
138747,3267,153,3420,21.352941176470587
138763,3767,170,3937,22.15882352941177
138766,1184,685,1869,1.7284671532846716
138770,3569,381,3950,9.36745406824147
138772,3798,195,3993,19.476923076923075
138776,316,3702,4018,0.0853592652620205
138802,3837,163,4000,23.539877300613497
138803,1568,302,1870,5.19205298013245
138809,3582,199,3781,18.0
138811,2826,184,3010,15.358695652173912
138813,791,3063,3854,0.2582435520731309
138817,3247,170,3417,19.1
138824,3091,162,3253,19.080246913580247
138836,2918,182,3100,16.032967032967033
138841,1232,132,1364,9.333333333333334
138848,1956,100,2056,19.56
138849,1409,69,1478,20.420289855072465
138852,2044,249,2293,8.208835341365463
138870,3570,334,3904,10.688622754491018
138882,1986,414,2400,4.797101449275362
138883,2272,229,2501,9.921397379912664
138884,1734,89,1823,19.48314606741573
138887,2818,190,3008,14.83157894736842
138889,3584,115,3699,31.16521739130435
138890,3671,159,3830,23.08805031446541
138902,3206,101,3307,31.742574257425744
138908,3493,165,3658,21.169696969696968
138920,2264,219,2483,10.337899543378995
138930,1918,88,2006,21.795454545454547
138935,1796,46,1842,39.04347826086956
138940,927,116,1043,7.991379310344827
138941,3787,151,3938,25.079470198675494
138946,2205,185,2390,11.91891891891892
138956,1290,166,1456,7.771084337349397
138967,2185,100,2285,21.85
138968,1142,86,1228,13.27906976744186
138978,1694,136,1830,12.455882352941176
138985,2588,188,2776,13.76595744680851
138986,1440,206,1646,6.990291262135922
139033,3591,131,3722,27.41221374045801
139038,3463,317,3780,10.92429022082019
139040,2754,135,2889,20.4
139052,3629,151,3780,24.033112582781456
139062,3864,200,4064,19.32
139071,1870,154,2024,12.142857142857142
139074,3620,199,3819,18.190954773869347
139083,1964,223,2187,8.807174887892376
139091,1748,130,1878,13.446153846153846
139093,1452,151,1603,9.6158940397351
139105,2133,191,2324,11.167539267015709
139110,2947,68,3015,43.338235294117645
139111,1918,113,2031,16.97345132743363
139120,3911,157,4068,24.910828025477706
139137,3672,207,3879,17.73913043478261
139140,2750,128,2878,21.484375
139141,1310,85,1395,15.411764705882351
139155,1408,329,1737,4.279635258358662
139168,1913,152,2065,12.585526315789474
139188,1582,90,1672,17.57777777777778
139198,3233,293,3526,11.034129692832764
139201,3010,290,3300,10.379310344827584
139208,3566,131,3697,27.221374045801525
139211,3400,131,3531,25.95419847328244
139212,2507,192,2699,13.057291666666666
139218,2373,218,2591,10.885321100917432
139231,3385,356,3741,9.508426966292134
139253,3299,259,3558,12.737451737451735
139271,112,398,510,0.2814070351758794
139272,1714,95,1809,18.042105263157893
139275,3349,97,3446,34.52577319587629
139279,2071,89,2160,23.269662921348317
139282,3739,214,3953,17.47196261682243
139286,2695,133,2828,20.26315789473684
139294,2711,58,2769,46.741379310344826
139296,3690,192,3882,19.21875
139301,3013,274,3287,10.996350364963504
139312,3321,117,3438,28.384615384615383
139323,1563,114,1677,13.710526315789474
139336,2596,291,2887,8.920962199312715
139339,2775,184,2959,15.081521739130435
139354,2934,75,3009,39.12
139397,2971,199,3170,14.92964824120603
139398,1725,185,1910,9.324324324324325
139402,3591,84,3675,42.75
139404,1294,216,1510,5.9907407407407405
139416,2206,175,2381,12.605714285714283
139417,3556,261,3817,13.624521072796934
139419,1113,117,1230,9.512820512820513
139423,1975,388,2363,5.09020618556701
139435,3554,108,3662,32.907407407407405
139436,3707,300,4007,12.356666666666667
139439,2778,192,2970,14.46875
139444,1839,141,1980,13.04255319148936
139455,2610,150,2760,17.4
139458,1124,208,1332,5.403846153846154
139460,2397,354,2751,6.771186440677966
139469,1722,212,1934,8.122641509433961
139476,2970,250,3220,11.88
139505,1726,183,1909,9.431693989071038
139525,228,3176,3404,0.0717884130982367
139531,3799,153,3952,24.830065359477125
139538,3942,150,4092,26.28
139556,3085,505,3590,6.108910891089109
139560,1939,54,1993,35.907407407407405
139575,1418,111,1529,12.774774774774777
139580,3152,261,3413,12.076628352490422
139597,2282,137,2419,16.656934306569344
139610,1930,222,2152,8.693693693693694
139625,2563,141,2704,18.177304964539008
139639,1891,197,2088,9.598984771573605
139651,3632,78,3710,46.56410256410256
139654,3739,150,3889,24.926666666666662
139655,1412,104,1516,13.576923076923077
139668,971,68,1039,14.279411764705882
139673,3248,689,3937,4.714078374455733
139690,818,76,894,10.763157894736842
139693,1755,124,1879,14.153225806451612
139695,3803,158,3961,24.06962025316456
139696,1083,56,1139,19.339285714285715
139706,3874,172,4046,22.523255813953487
139708,1901,158,2059,12.031645569620252
139709,2446,105,2551,23.29523809523809
139711,3646,289,3935,12.6159169550173
139722,2959,81,3040,36.53086419753087
139725,2218,276,2494,8.03623188405797
139731,1177,154,1331,7.642857142857143
139735,3805,199,4004,19.12060301507538
139736,1,1508,1509,0.0006631299734748
139745,3947,110,4057,35.88181818181818
139748,1653,125,1778,13.224
139752,2360,335,2695,7.044776119402985
139759,1299,130,1429,9.992307692307692
139773,3653,110,3763,33.20909090909091
139784,3590,131,3721,27.404580152671755
139785,1269,349,1618,3.636103151862464
139787,3707,110,3817,33.7
139790,2050,117,2167,17.521367521367523
139791,3336,175,3511,19.062857142857144
139793,2544,141,2685,18.04255319148936
139796,1638,93,1731,17.612903225806452
139800,3745,301,4046,12.44186046511628
139804,3722,235,3957,15.838297872340426
139806,3062,198,3260,15.464646464646464
139809,2784,66,2850,42.18181818181818
139810,2922,71,2993,41.15492957746479
139823,2534,271,2805,9.350553505535055
139827,3400,320,3720,10.625
139832,692,40,732,17.3
139838,1944,91,2035,21.36263736263736
139839,3049,112,3161,27.223214285714285
139841,2525,150,2675,16.833333333333332
139843,3603,391,3994,9.214833759590793
139848,3307,246,3553,13.44308943089431
139851,2965,188,3153,15.77127659574468
139861,3345,139,3484,24.06474820143885
139862,3398,185,3583,18.36756756756757
139872,3241,135,3376,24.00740740740741
139874,2231,91,2322,24.51648351648352
139898,3765,120,3885,31.375
139901,3753,213,3966,17.619718309859156
139902,1820,124,1944,14.67741935483871
139907,2807,236,3043,11.89406779661017
139908,2149,155,2304,13.86451612903226
139911,2877,162,3039,17.75925925925926
139915,2781,134,2915,20.753731343283583
139922,2553,85,2638,30.03529411764706
139923,3857,92,3949,41.92391304347826
139934,2606,302,2908,8.629139072847682
139943,2820,195,3015,14.461538461538462
139946,1703,126,1829,13.515873015873016
139969,3164,152,3316,20.81578947368421
139970,3245,271,3516,11.974169741697416
139978,3333,366,3699,9.10655737704918
139985,2747,505,3252,5.43960396039604
139994,2079,521,2600,3.9904030710172735
139998,3701,213,3914,17.375586854460092
140010,1352,106,1458,12.754716981132075
140025,3813,145,3958,26.29655172413793
140043,2066,60,2126,34.43333333333333
140047,3088,371,3459,8.323450134770889
140049,3074,115,3189,26.730434782608697
140055,1,3070,3071,0.0003257328990228
140056,1718,191,1909,8.99476439790576
140070,1485,304,1789,4.884868421052632
140085,1420,261,1681,5.440613026819923
140086,2302,114,2416,20.19298245614035
140089,3936,136,4072,28.94117647058824
140090,2666,44,2710,60.59090909090909
140096,3761,199,3960,18.899497487437184
140097,2443,136,2579,17.96323529411765
140101,3747,264,4011,14.193181818181818
140103,2701,100,2801,27.01
140112,461,2296,2757,0.2007839721254355
140114,2158,249,2407,8.666666666666666
140117,1183,244,1427,4.848360655737705
140119,1765,288,2053,6.128472222222222
140125,2100,92,2192,22.82608695652174
140126,2757,178,2935,15.48876404494382
140130,3728,207,3935,18.00966183574879
140131,1136,885,2021,1.2836158192090394
140132,449,2161,2610,0.2077741786210088
140137,3673,184,3857,19.96195652173913
140140,3923,170,4093,23.076470588235296
140145,1217,61,1278,19.950819672131143
140149,2766,316,3082,8.753164556962025
140150,3038,77,3115,39.45454545454545
140159,3802,111,3913,34.252252252252255
140181,3575,122,3697,29.30327868852459
140188,2616,92,2708,28.43478260869565
140193,3880,139,4019,27.9136690647482
140194,2563,214,2777,11.976635514018692
140206,1018,207,1225,4.917874396135265
140217,2397,371,2768,6.460916442048518
140219,2862,106,2968,27.0
140231,1793,77,1870,23.285714285714285
140243,3441,424,3865,8.11556603773585
140281,3561,109,3670,32.669724770642205
140283,3552,104,3656,34.15384615384615
140288,3875,204,4079,18.995098039215687
140289,3217,98,3315,32.826530612244895
140292,2811,250,3061,11.244
140313,1666,246,1912,6.772357723577236
140314,3076,436,3512,7.055045871559633
140317,3102,149,3251,20.818791946308725
140324,2611,218,2829,11.977064220183486
140332,2619,428,3047,6.119158878504673
140340,2705,270,2975,10.01851851851852
140343,3850,148,3998,26.013513513513512
140351,2749,303,3052,9.072607260726071
140355,3326,160,3486,20.7875
140364,2141,297,2438,7.208754208754208
140373,2255,253,2508,8.91304347826087
140384,3458,94,3552,36.7872340425532
140385,1847,134,1981,13.78358208955224
140421,3792,248,4040,15.290322580645162
140440,809,224,1033,3.611607142857143
140442,2966,189,3155,15.693121693121691
140443,609,1813,2422,0.3359073359073359
140450,3447,181,3628,19.044198895027623
140453,2346,358,2704,6.553072625698324
140464,3230,165,3395,19.57575757575757
140470,2599,405,3004,6.417283950617284
140480,421,1655,2076,0.254380664652568
140485,3619,220,3839,16.45
140487,3814,251,4065,15.195219123505977
140495,1758,126,1884,13.952380952380953
140509,1905,214,2119,8.901869158878505
140518,3921,98,4019,40.01020408163265
140535,2682,132,2814,20.318181818181817
140542,3150,46,3196,68.47826086956522
140548,1134,277,1411,4.093862815884476
140557,2766,176,2942,15.715909090909092
140566,2662,89,2751,29.910112359550563
140568,3498,139,3637,25.16546762589928
140573,3482,370,3852,9.41081081081081
140576,1842,149,1991,12.36241610738255
140578,104,3658,3762,0.0284308365226899
140599,1614,148,1762,10.905405405405403
140602,2865,89,2954,32.19101123595506
140604,1956,290,2246,6.744827586206896
140606,3237,146,3383,22.171232876712327
140619,3821,197,4018,19.395939086294412
140624,3305,202,3507,16.361386138613863
140627,3321,250,3571,13.284
140628,2015,172,2187,11.715116279069768
140635,3319,101,3420,32.86138613861386
140638,3866,86,3952,44.95348837209303
140642,3079,158,3237,19.4873417721519
140643,2388,206,2594,11.592233009708735
140644,3829,160,3989,23.93125
140652,1174,79,1253,14.860759493670884
140658,3603,136,3739,26.49264705882353
140660,1005,110,1115,9.136363636363637
140665,2620,221,2841,11.855203619909505
140676,2004,158,2162,12.683544303797468
140678,3303,146,3449,22.62328767123288
140679,1859,128,1987,14.5234375
140685,3684,108,3792,34.111111111111114
140691,3336,270,3606,12.355555555555556
140699,1368,46,1414,29.73913043478261
140702,2968,238,3206,12.470588235294118
140731,480,241,721,1.991701244813278
140738,3745,252,3997,14.86111111111111
140751,2632,194,2826,13.56701030927835
140759,2736,152,2888,18.0
140762,3185,242,3427,13.161157024793388
140765,540,1008,1548,0.5357142857142857
140766,2445,529,2974,4.621928166351607
140795,3688,144,3832,25.61111111111111
140810,2691,167,2858,16.11377245508982
140821,2459,136,2595,18.080882352941178
140827,3304,146,3450,22.63013698630137
140832,2971,259,3230,11.471042471042471
140842,874,246,1120,3.5528455284552845
140853,1577,224,1801,7.040178571428571
140860,676,42,718,16.095238095238095
140861,3012,171,3183,17.614035087719298
140863,3723,127,3850,29.31496062992126
140864,2007,716,2723,2.803072625698324
140869,3609,149,3758,24.221476510067117
140886,2192,202,2394,10.851485148514852
140925,2477,223,2700,11.10762331838565
140927,1097,167,1264,6.568862275449102
140934,3358,142,3500,23.64788732394366
140935,3749,148,3897,25.33108108108108
140940,2531,143,2674,17.6993006993007
140941,2948,100,3048,29.48
140943,1957,276,2233,7.090579710144928
140944,2310,186,2496,12.419354838709678
140965,1529,97,1626,15.762886597938143
140967,3504,218,3722,16.073394495412845
140975,3482,218,3700,15.972477064220184
140978,2811,146,2957,19.253424657534246
140981,2994,173,3167,17.30635838150289
140996,3715,189,3904,19.65608465608465
140999,2017,141,2158,14.304964539007091
141002,3177,169,3346,18.798816568047336
141013,3636,159,3795,22.867924528301888
141017,2194,649,2843,3.3805855161787366
141022,1815,180,1995,10.083333333333334
141023,2355,172,2527,13.69186046511628
141024,143,3725,3868,0.0383892617449664
141030,2974,268,3242,11.097014925373134
141032,2742,170,2912,16.129411764705882
141033,2082,281,2363,7.409252669039146
141043,3067,110,3177,27.881818181818183
141045,2785,207,2992,13.454106280193235
141055,1879,161,2040,11.670807453416147
141059,2592,91,2683,28.48351648351648
141063,3474,197,3671,17.634517766497463
141075,1187,320,1507,3.709375
141076,2304,197,2501,11.695431472081218
141077,2900,154,3054,18.83116883116883
141080,1960,205,2165,9.560975609756095
141088,2990,742,3732,4.029649595687332
141092,3331,253,3584,13.16600790513834
141097,606,3111,3717,0.1947926711668273
141107,1,3941,3942,0.0002537427048972
141114,2108,117,2225,18.017094017094017
141129,2962,204,3166,14.519607843137257
141131,1030,155,1185,6.645161290322581
141137,2472,214,2686,11.551401869158878
141144,3581,221,3802,16.20361990950226
141145,2528,169,2697,14.958579881656805
141146,3210,361,3571,8.89196675900277
141156,3749,198,3947,18.93434343434344
141165,3452,79,3531,43.69620253164557
141175,1844,388,2232,4.752577319587629
141183,3599,154,3753,23.37012987012987
141187,3059,145,3204,21.09655172413793
141199,1906,236,2142,8.076271186440678
141203,2896,250,3146,11.584
141206,1235,80,1315,15.4375
141209,3805,219,4024,17.374429223744293
141210,2282,205,2487,11.13170731707317
141226,3736,300,4036,12.453333333333331
141227,3201,129,3330,24.813953488372093
141238,2764,107,2871,25.83177570093458
141240,3756,262,4018,14.33587786259542
141242,1822,245,2067,7.436734693877551
141244,1625,290,1915,5.603448275862069
141253,2722,221,2943,12.316742081447964
141254,1947,92,2039,21.16304347826087
141265,1774,192,1966,9.239583333333334
141291,2422,157,2579,15.426751592356688
141297,2848,387,3235,7.359173126614987
141310,2425,262,2687,9.255725190839694
141312,1632,151,1783,10.80794701986755
141320,3343,167,3510,20.017964071856287
141335,2903,23,2926,126.21739130434784
141336,3532,212,3744,16.660377358490567
141344,1793,351,2144,5.1082621082621085
141349,2060,78,2138,26.41025641025641
141351,3196,96,3292,33.291666666666664
141353,3709,119,3828,31.16806722689076
141361,3016,238,3254,12.672268907563025
141370,2149,189,2338,11.37037037037037
141373,3482,237,3719,14.691983122362869
141375,651,135,786,4.822222222222222
141381,2031,905,2936,2.2441988950276244
141383,2230,297,2527,7.508417508417509
141391,1387,319,1706,4.347962382445141
141394,3578,198,3776,18.07070707070707
141395,690,149,839,4.630872483221476
141396,2407,18,2425,133.72222222222223
141407,3542,80,3622,44.275
141408,2591,175,2766,14.805714285714286
141409,3153,259,3412,12.173745173745171
141412,3075,141,3216,21.80851063829787
141442,3462,405,3867,8.548148148148147
141444,3509,182,3691,19.28021978021978
141445,2587,235,2822,11.008510638297873
141463,2314,204,2518,11.34313725490196
141476,2192,263,2455,8.334600760456274
141477,927,151,1078,6.139072847682119
141478,3435,145,3580,23.689655172413797
141479,2896,423,3319,6.846335697399527
141480,3189,141,3330,22.617021276595743
141483,2471,177,2648,13.96045197740113
141487,3150,232,3382,13.577586206896552
141492,1236,144,1380,8.583333333333334
141494,2120,117,2237,18.11965811965812
141507,2895,111,3006,26.08108108108108
141520,3905,175,4080,22.314285714285717
141535,3441,322,3763,10.686335403726709
141539,1801,290,2091,6.210344827586207
141556,1586,100,1686,15.86
141563,1898,176,2074,10.784090909090908
141567,3752,234,3986,16.034188034188034
141568,1708,94,1802,18.170212765957448
141578,2560,135,2695,18.96296296296296
141585,2966,410,3376,7.234146341463415
141588,1768,241,2009,7.33609958506224
141595,2151,508,2659,4.234251968503937
141599,3401,75,3476,45.34666666666666
141602,546,92,638,5.934782608695652
141603,1430,198,1628,7.222222222222222
141620,3385,150,3535,22.566666666666663
141621,1608,331,1939,4.858006042296073
141627,1121,155,1276,7.232258064516129
141635,2166,121,2287,17.90082644628099
141637,3317,178,3495,18.63483146067416
141639,3320,159,3479,20.88050314465409
141654,808,313,1121,2.5814696485623
141669,17,3379,3396,0.005031074282332
141674,3848,130,3978,29.6
141675,1146,146,1292,7.8493150684931505
141676,2359,189,2548,12.48148148148148
141677,3771,93,3864,40.54838709677419
141686,1531,164,1695,9.335365853658535
141693,3830,168,3998,22.797619047619047
141709,1101,122,1223,9.024590163934429
141721,3613,91,3704,39.7032967032967
141727,3708,202,3910,18.35643564356436
141734,1705,58,1763,29.39655172413793
141741,2560,435,2995,5.885057471264368
141755,2687,126,2813,21.325396825396822
141762,3266,161,3427,20.285714285714285
141767,3887,132,4019,29.446969696969692
141775,2393,254,2647,9.421259842519683
141776,2499,301,2800,8.30232558139535
141777,3877,146,4023,26.554794520547944
141783,2952,160,3112,18.45
141784,3254,142,3396,22.91549295774648
141787,2213,196,2409,11.290816326530612
141789,1460,187,1647,7.807486631016043
141795,2850,232,3082,12.28448275862069
141811,2171,223,2394,9.73542600896861
141816,3237,266,3503,12.169172932330827
141826,1579,179,1758,8.82122905027933
141847,2334,149,2483,15.664429530201344
141855,1633,79,1712,20.670886075949365
141857,3663,275,3938,13.32
141869,2655,116,2771,22.88793103448276
141889,2871,240,3111,11.9625
141902,3066,231,3297,13.272727272727272
141907,2306,111,2417,20.774774774774773
141922,3170,278,3448,11.402877697841726
141930,2324,126,2450,18.444444444444443
141945,2492,144,2636,17.305555555555557
141948,1937,163,2100,11.883435582822086
141952,3750,156,3906,24.03846153846154
141953,3183,176,3359,18.085227272727277
141965,2909,98,3007,29.68367346938776
141983,1465,93,1558,15.75268817204301
141994,3495,333,3828,10.495495495495495
141999,3146,106,3252,29.67924528301887
142014,3033,70,3103,43.32857142857143
142024,2746,239,2985,11.489539748953977
142036,2010,194,2204,10.360824742268042
142037,2882,168,3050,17.154761904761905
142039,742,1622,2364,0.4574599260172626
142041,1680,96,1776,17.5
142046,1,2950,2951,0.0003389830508474
142057,2993,66,3059,45.34848484848485
142060,3801,137,3938,27.744525547445257
142061,2702,281,2983,9.615658362989324
142066,1403,115,1518,12.2
142072,2318,137,2455,16.919708029197082
142075,1719,60,1779,28.65
142082,2308,57,2365,40.49122807017544
142083,2029,72,2101,28.18055555555556
142086,2808,70,2878,40.114285714285714
142090,2599,347,2946,7.489913544668588
142091,1382,232,1614,5.956896551724138
142096,4036,57,4093,70.80701754385964
142099,2717,58,2775,46.8448275862069
142100,2798,153,2951,18.287581699346404
142101,1720,150,1870,11.466666666666669
142102,3937,76,4013,51.80263157894737
142103,3529,255,3784,13.83921568627451
142109,2788,166,2954,16.795180722891565
142117,1883,156,2039,12.07051282051282
142119,1447,143,1590,10.118881118881118
142127,1443,115,1558,12.547826086956524
142134,2644,234,2878,11.2991452991453
142137,1585,216,1801,7.337962962962963
142165,1859,137,1996,13.569343065693433
142181,2117,111,2228,19.07207207207207
142184,3761,146,3907,25.76027397260274
142187,2556,203,2759,12.591133004926109
142193,647,152,799,4.256578947368421
142199,3219,124,3343,25.95967741935484
142201,2380,255,2635,9.333333333333334
142210,2866,342,3208,8.380116959064328
142213,2337,123,2460,19.0
142219,1934,159,2093,12.163522012578616
142220,1392,317,1709,4.391167192429022
142223,1449,165,1614,8.781818181818181
142224,1124,69,1193,16.28985507246377
142228,3703,260,3963,14.242307692307692
142229,3249,209,3458,15.545454545454543
142236,3032,74,3106,40.972972972972975
142242,3570,206,3776,17.33009708737864
142246,3086,146,3232,21.136986301369863
142248,3708,191,3899,19.413612565445025
142252,1594,329,1923,4.844984802431611
142257,1887,150,2037,12.58
142267,1690,90,1780,18.77777777777778
142268,3211,617,3828,5.2042139384116695
142269,3769,88,3857,42.82954545454545
142283,2655,348,3003,7.629310344827586
142291,3298,73,3371,45.17808219178082
142305,2568,197,2765,13.03553299492386
142316,2905,118,3023,24.61864406779661
142323,3180,186,3366,17.096774193548388
142327,2828,195,3023,14.502564102564104
142331,1561,207,1768,7.541062801932367
142337,3690,120,3810,30.75
142347,2324,195,2519,11.917948717948718
142355,3742,102,3844,36.68627450980392
142357,3907,76,3983,51.4078947368421
142370,3569,130,3699,27.453846153846158
142385,3142,151,3293,20.807947019867548
142389,3462,201,3663,17.223880597014926
142393,3332,356,3688,9.359550561797754
142397,2768,209,2977,13.24401913875598
142402,2306,225,2531,10.248888888888889
142405,2886,214,3100,13.485981308411215
142411,3374,441,3815,7.650793650793651
142413,3480,228,3708,15.263157894736842
142414,442,3542,3984,0.1247882552230378
142415,3442,270,3712,12.748148148148148
142419,2956,31,2987,95.35483870967742
142420,3464,111,3575,31.207207207207208
142423,2067,212,2279,9.75
142424,3367,215,3582,15.66046511627907
142425,2052,207,2259,9.91304347826087
142426,3687,30,3717,122.9
142428,2527,135,2662,18.71851851851852
142431,2480,116,2596,21.379310344827587
142433,2622,199,2821,13.175879396984923
142438,2147,181,2328,11.861878453038674
142444,3490,118,3608,29.57627118644068
142446,2015,118,2133,17.076271186440678
142447,2677,115,2792,23.278260869565216
142450,2464,154,2618,16.0
142456,2371,237,2608,10.0042194092827
142460,2365,46,2411,51.41304347826087
142466,44,2057,2101,0.0213903743315508
142475,2241,103,2344,21.75728155339806
142480,2347,149,2496,15.751677852348994
142482,367,3341,3708,0.1098473510924872
142486,2172,109,2281,19.926605504587155
142508,1399,667,2066,2.097451274362818
142511,2829,68,2897,41.60294117647059
142525,1775,109,1884,16.28440366972477
142536,3471,179,3650,19.391061452513966
142547,2603,295,2898,8.823728813559322
142553,2738,68,2806,40.26470588235294
142557,2119,55,2174,38.52727272727272
142565,2553,61,2614,41.85245901639344
142589,2786,185,2971,15.05945945945946
142594,3627,123,3750,29.48780487804878
142595,3615,365,3980,9.904109589041097
142605,1664,132,1796,12.606060606060606
142621,3368,235,3603,14.331914893617022
142626,3584,136,3720,26.352941176470587
142634,3502,413,3915,8.479418886198546
142635,3872,54,3926,71.70370370370371
142645,2990,209,3199,14.30622009569378
142652,3780,201,3981,18.80597014925373
142653,2071,150,2221,13.806666666666668
142661,2096,120,2216,17.466666666666665
142666,1201,127,1328,9.456692913385826
142669,2572,280,2852,9.185714285714283
142682,3693,209,3902,17.669856459330145
142691,2471,69,2540,35.81159420289855
142699,98,3217,3315,0.0304631644389182
142701,1420,181,1601,7.845303867403315
142719,2932,210,3142,13.961904761904762
142731,2241,148,2389,15.141891891891891
142735,2189,119,2308,18.39495798319328
142753,1957,223,2180,8.77578475336323
142761,3370,136,3506,24.779411764705884
142770,2789,323,3112,8.634674922600619
142796,3034,242,3276,12.537190082644628
142800,1942,114,2056,17.035087719298247
142813,3482,160,3642,21.7625
142818,2781,138,2919,20.15217391304348
142819,3790,75,3865,50.53333333333333
142823,2510,154,2664,16.2987012987013
142838,3555,190,3745,18.710526315789476
142847,1350,238,1588,5.6722689075630255
142850,2631,143,2774,18.3986013986014
142854,2981,111,3092,26.855855855855857
142856,3005,125,3130,24.04
142857,3057,178,3235,17.174157303370787
142884,2169,162,2331,13.38888888888889
142888,3891,133,4024,29.25563909774436
142889,3242,46,3288,70.47826086956522
142896,2062,144,2206,14.319444444444445
142902,3173,287,3460,11.05574912891986
142914,3584,201,3785,17.83084577114428
142920,1910,96,2006,19.89583333333333
142924,708,62,770,11.419354838709678
142929,2542,88,2630,28.88636363636364
142934,1762,204,1966,8.637254901960784
142950,2348,200,2548,11.74
142954,3734,100,3834,37.34
142955,3780,316,4096,11.962025316455696
142960,3438,100,3538,34.38
142966,3527,131,3658,26.923664122137403
142968,3959,134,4093,29.544776119402982
142977,2858,159,3017,17.9748427672956
142981,3526,181,3707,19.48066298342541
142987,2032,313,2345,6.492012779552716
142996,1146,77,1223,14.883116883116884
143004,1766,64,1830,27.59375
143010,2858,139,2997,20.56115107913669
143013,757,2842,3599,0.2663617171006333
143015,3846,237,4083,16.227848101265824
143022,2094,199,2293,10.522613065326633
143026,1753,215,1968,8.153488372093022
143030,2067,375,2442,5.512
143032,2552,230,2782,11.095652173913043
143041,1824,135,1959,13.511111111111113
143044,3499,184,3683,19.01630434782609
143051,1790,263,2053,6.806083650190114
143064,3018,255,3273,11.83529411764706
143084,1714,55,1769,31.163636363636364
143088,3082,265,3347,11.630188679245284
143090,2549,300,2849,8.496666666666666
143091,3214,103,3317,31.203883495145632
143117,2992,298,3290,10.04026845637584
143138,3026,207,3233,14.618357487922705
143153,3479,221,3700,15.7420814479638
143155,2240,107,2347,20.93457943925233
143167,1644,71,1715,23.154929577464788
143168,2941,155,3096,18.974193548387092
143187,3451,114,3565,30.271929824561404
143190,2743,157,2900,17.471337579617835
143193,3182,161,3343,19.763975155279503
143195,2015,150,2165,13.433333333333334
143198,439,154,593,2.8506493506493507
143213,3170,418,3588,7.583732057416268
143215,838,116,954,7.224137931034483
143221,153,2294,2447,0.0666957279860505
143226,3161,123,3284,25.69918699186992
143228,2310,959,3269,2.408759124087591
143229,2311,179,2490,12.910614525139664
143244,3288,131,3419,25.09923664122137
143245,2021,149,2170,13.563758389261745
143246,1832,101,1933,18.138613861386137
143249,2038,207,2245,9.845410628019325
143282,3899,177,4076,22.028248587570623
143293,24,2795,2819,0.0085867620751341
143298,481,2848,3329,0.1688904494382022
143301,3567,164,3731,21.75
143308,2850,87,2937,32.758620689655174
143311,3052,148,3200,20.62162162162162
143319,2563,167,2730,15.347305389221557
143321,2370,141,2511,16.80851063829787
143333,3776,117,3893,32.27350427350427
143338,3869,98,3967,39.47959183673469
143347,2593,130,2723,19.946153846153845
143361,2712,203,2915,13.35960591133005
143379,3230,177,3407,18.24858757062147
143429,2507,68,2575,36.86764705882353
143431,762,2857,3619,0.2667133356667833
143445,3326,294,3620,11.312925170068027
143448,3735,256,3991,14.58984375
143462,3843,164,4007,23.432926829268293
143468,3556,143,3699,24.867132867132867
143470,3116,232,3348,13.43103448275862
143495,3185,286,3471,11.136363636363637
143500,1992,26,2018,76.61538461538461
143503,226,1102,1328,0.20508166969147
143504,1180,128,1308,9.21875
143505,3790,144,3934,26.319444444444443
143506,268,2813,3081,0.0952719516530394
143519,3317,284,3601,11.679577464788732
143528,3118,290,3408,10.751724137931037
143532,2351,302,2653,7.78476821192053
143541,3254,272,3526,11.963235294117649
143551,2074,110,2184,18.854545454545452
143557,3614,86,3700,42.02325581395349
143569,3129,483,3612,6.478260869565218
143570,3713,382,4095,9.719895287958115
143579,2704,135,2839,20.02962962962963
143595,1882,2125,4007,0.8856470588235295
143612,2871,635,3506,4.521259842519685
143613,2891,75,2966,38.54666666666667
143624,2877,203,3080,14.172413793103448
143640,2305,124,2429,18.58870967741936
143647,2401,135,2536,17.785185185185185
143657,2531,144,2675,17.57638888888889
143660,3145,692,3837,4.544797687861272
143665,523,2063,2586,0.2535142995637421
143691,1874,110,1984,17.036363636363635
143694,3786,125,3911,30.288
143698,2768,163,2931,16.98159509202454
143702,1930,153,2083,12.61437908496732
143704,2814,85,2899,33.10588235294118
143707,949,136,1085,6.977941176470588
143724,1580,418,1998,3.779904306220096
143727,2940,228,3168,12.894736842105264
143738,3518,417,3935,8.436450839328538
143742,3807,24,3831,158.625
143745,1770,43,1813,41.16279069767442
143747,3636,264,3900,13.772727272727272
143749,2710,324,3034,8.364197530864198
143752,2452,120,2572,20.433333333333334
143760,2961,132,3093,22.431818181818183
143765,3435,199,3634,17.261306532663315
143767,3931,103,4034,38.16504854368932
143769,3218,411,3629,7.829683698296837
143800,3378,161,3539,20.981366459627328
143814,197,3675,3872,0.0536054421768707
143817,3134,398,3532,7.874371859296482
143819,2563,155,2718,16.53548387096774
143827,2948,374,3322,7.882352941176471
143834,3049,172,3221,17.726744186046513
143838,2491,59,2550,42.22033898305085
143839,3048,160,3208,19.05
143843,3599,463,4062,7.773218142548596
143845,1318,155,1473,8.503225806451614
143848,3619,164,3783,22.067073170731707
143849,2354,99,2453,23.77777777777778
143857,2527,66,2593,38.28787878787879
143858,3670,262,3932,14.00763358778626
143861,3453,177,3630,19.508474576271187
143869,2454,105,2559,23.37142857142857
143874,2817,67,2884,42.04477611940298
143876,2475,131,2606,18.893129770992367
143880,1910,159,2069,12.0125786163522
143885,2658,316,2974,8.41139240506329
143920,1068,182,1250,5.868131868131868
143931,3707,331,4038,11.19939577039275
143941,1874,94,1968,19.93617021276596
143985,3820,92,3912,41.52173913043478
144004,3749,110,3859,34.08181818181818
144008,1980,88,2068,22.5
144031,3946,121,4067,32.611570247933884
144036,3258,168,3426,19.392857142857142
144041,3597,246,3843,14.621951219512194
144057,888,2526,3414,0.3515439429928741
144076,1461,116,1577,12.594827586206897
144078,1119,305,1424,3.6688524590163936
144083,876,193,1069,4.538860103626943
144088,2390,165,2555,14.484848484848484
144089,1924,167,2091,11.520958083832337
144093,3369,161,3530,20.92546583850932
144094,3242,91,3333,35.62637362637363
144097,3581,201,3782,17.81592039800995
144115,2011,361,2372,5.570637119113574
144117,1004,151,1155,6.6490066225165565
144126,1671,138,1809,12.108695652173912
144141,1525,129,1654,11.821705426356589
144143,2943,237,3180,12.417721518987342
144146,173,2735,2908,0.063254113345521
144155,3549,270,3819,13.144444444444444
144159,2123,85,2208,24.97647058823529
144166,3644,152,3796,23.973684210526315
144167,3751,315,4066,11.907936507936508
144172,1184,85,1269,13.929411764705884
144195,3390,51,3441,66.47058823529412
144202,968,195,1163,4.964102564102564
144204,3567,173,3740,20.61849710982659
144205,3089,94,3183,32.861702127659576
144216,2481,143,2624,17.34965034965035
144219,2724,231,2955,11.792207792207792
144226,3806,221,4027,17.221719457013574
144239,3029,392,3421,7.72704081632653
144244,2972,132,3104,22.51515151515152
144251,3536,322,3858,10.98136645962733
144254,3038,634,3672,4.791798107255521
144262,2347,169,2516,13.887573964497042
144268,2372,885,3257,2.680225988700565
144280,3580,225,3805,15.911111111111111
144281,1307,217,1524,6.023041474654378
144284,907,144,1051,6.298611111111111
144294,3176,220,3396,14.436363636363636
144296,3495,93,3588,37.58064516129032
144298,2030,239,2269,8.493723849372385
144301,2625,240,2865,10.9375
144326,2809,185,2994,15.183783783783785
144334,3801,129,3930,29.46511627906977
144335,2722,195,2917,13.95897435897436
144362,1791,188,1979,9.52659574468085
144363,2755,155,2910,17.774193548387096
144365,3920,123,4043,31.869918699186996
144366,1291,132,1423,9.780303030303031
144370,708,121,829,5.851239669421488
144383,1844,252,2096,7.317460317460317
144388,3001,324,3325,9.262345679012345
144394,43,3590,3633,0.0119777158774373
144396,1666,155,1821,10.748387096774191
144397,2332,355,2687,6.569014084507042
144399,3932,153,4085,25.69934640522876
144412,1587,135,1722,11.755555555555556
144416,3666,239,3905,15.338912133891212
144422,2094,110,2204,19.036363636363635
144423,21,3284,3305,0.006394640682095
144432,2694,181,2875,14.883977900552486
144445,1901,94,1995,20.22340425531915
144450,3280,297,3577,11.043771043771043
144459,1177,51,1228,23.07843137254902
144461,3271,239,3510,13.686192468619248
144463,3536,399,3935,8.862155388471178
144464,3722,146,3868,25.493150684931507
144466,2781,211,2992,13.18009478672986
144468,531,335,866,1.5850746268656717
144494,3041,158,3199,19.246835443037973
144500,2788,188,2976,14.829787234042554
144504,2498,187,2685,13.358288770053475
144507,1855,161,2016,11.521739130434783
144511,1095,182,1277,6.016483516483516
144514,2598,119,2717,21.831932773109244
144529,3279,184,3463,17.820652173913043
144531,1505,280,1785,5.375
144541,2684,183,2867,14.666666666666666
144558,2873,206,3079,13.946601941747574
144563,2087,96,2183,21.73958333333333
144572,2096,279,2375,7.512544802867383
144573,3713,131,3844,28.34351145038168
144577,3288,194,3482,16.948453608247423
144580,3760,92,3852,40.869565217391305
144586,1339,312,1651,4.291666666666667
144589,3829,168,3997,22.791666666666668
144590,3249,386,3635,8.417098445595855
144608,2257,50,2307,45.14
144623,2582,223,2805,11.57847533632287
144624,2805,100,2905,28.05
144626,998,194,1192,5.144329896907217
144634,1111,201,1312,5.527363184079602
144639,1747,96,1843,18.197916666666668
144642,1258,64,1322,19.65625
144644,3670,200,3870,18.35
144662,3267,131,3398,24.938931297709924
144664,3531,291,3822,12.1340206185567
144666,2342,174,2516,13.459770114942527
144676,2593,50,2643,51.86
144677,2537,207,2744,12.256038647342995
144688,1224,57,1281,21.473684210526315
144696,958,91,1049,10.527472527472527
144701,2809,265,3074,10.6
144718,1193,66,1259,18.07575757575757
144731,3511,117,3628,30.00854700854701
144733,2202,96,2298,22.9375
144748,3788,118,3906,32.101694915254235
144755,1065,114,1179,9.342105263157896
144756,3502,62,3564,56.483870967741936
144757,3774,277,4051,13.624548736462094
144769,1795,65,1860,27.615384615384617
144770,1409,139,1548,10.136690647482014
144772,1347,163,1510,8.263803680981596
144782,2540,590,3130,4.305084745762712
144787,2542,176,2718,14.443181818181818
144794,3015,182,3197,16.565934065934066
144804,3381,354,3735,9.55084745762712
144824,2345,1711,4056,1.3705435417884275
144846,2929,311,3240,9.418006430868168
144853,468,2876,3344,0.1627260083449235
144870,2233,215,2448,10.386046511627908
144872,1976,241,2217,8.199170124481327
144879,3630,161,3791,22.546583850931675
144880,2057,109,2166,18.871559633027523
144885,1463,207,1670,7.067632850241546
144891,3885,210,4095,18.5
144903,1790,46,1836,38.91304347826087
144913,2947,108,3055,27.28703703703704
144916,756,196,952,3.857142857142857
144928,3589,471,4060,7.619957537154989
144929,3673,191,3864,19.2303664921466
144931,993,155,1148,6.406451612903226
144934,837,76,913,11.013157894736842
144936,2514,102,2616,24.647058823529413
144940,861,2260,3121,0.3809734513274336
144942,3590,143,3733,25.104895104895103
144943,3467,57,3524,60.82456140350877
144959,2679,184,2863,14.559782608695652
144966,3555,92,3647,38.641304347826086
144978,3096,346,3442,8.947976878612717
144979,1337,135,1472,9.903703703703703
144980,3458,534,3992,6.47565543071161
144993,3838,155,3993,24.76129032258065
144998,3007,260,3267,11.565384615384616
145008,3490,94,3584,37.12765957446808
145028,2874,223,3097,12.887892376681616
145029,3710,129,3839,28.75968992248062
145050,676,140,816,4.828571428571428
145057,904,155,1059,5.832258064516129
145058,3548,420,3968,8.447619047619048
145063,1243,312,1555,3.983974358974359
145073,3563,123,3686,28.96747967479675
145085,3335,115,3450,29.0
145088,3508,134,3642,26.17910447761194
145101,3368,513,3881,6.565302144249513
145105,2330,152,2482,15.328947368421051
145107,2665,113,2778,23.58407079646018
145109,2376,134,2510,17.73134328358209
145111,3563,226,3789,15.765486725663717
145115,3851,99,3950,38.898989898989896
145125,3248,129,3377,25.17829457364341
145142,1492,741,2233,2.0134952766531717
145145,2057,284,2341,7.242957746478873
145151,2844,214,3058,13.289719626168225
145171,2370,294,2664,8.061224489795919
145175,2758,273,3031,10.102564102564102
145180,2779,115,2894,24.16521739130435
145187,2747,293,3040,9.37542662116041
145188,2564,131,2695,19.572519083969464
145196,3811,166,3977,22.957831325301203
145197,3270,104,3374,31.442307692307693
145201,3498,127,3625,27.54330708661417
145223,3229,147,3376,21.965986394557824
145231,428,53,481,8.075471698113208
145233,3339,177,3516,18.864406779661017
145255,3905,131,4036,29.80916030534351
145258,2959,126,3085,23.484126984126984
145276,2610,272,2882,9.595588235294118
145291,1560,35,1595,44.57142857142857
145293,1894,140,2034,13.528571428571428
145314,1330,194,1524,6.855670103092783
145331,960,188,1148,5.1063829787234045
145332,2627,149,2776,17.630872483221477
145342,654,164,818,3.987804878048781
145343,2763,148,2911,18.66891891891892
145367,2670,37,2707,72.16216216216216
145387,3238,148,3386,21.87837837837838
145396,2614,301,2915,8.684385382059801
145407,3687,147,3834,25.081632653061224
145414,3633,205,3838,17.721951219512196
145417,1086,266,1352,4.082706766917293
145421,1136,36,1172,31.55555555555556
145435,3936,90,4026,43.73333333333333
145437,2598,198,2796,13.12121212121212
145442,2559,97,2656,26.38144329896907
145444,3400,216,3616,15.74074074074074
145445,1868,51,1919,36.62745098039216
145451,2018,219,2237,9.21461187214612
145455,2898,107,3005,27.08411214953271
145463,3257,163,3420,19.98159509202454
145467,2757,59,2816,46.72881355932204
145468,3856,236,4092,16.338983050847457
145471,2427,127,2554,19.11023622047244
145475,2515,91,2606,27.63736263736264
145477,3271,145,3416,22.55862068965517
145481,1931,963,2894,2.005192107995846
145489,8,32,40,0.25
145492,3723,211,3934,17.644549763033176
145493,2148,241,2389,8.91286307053942
145499,3339,82,3421,40.71951219512195
145504,1521,337,1858,4.513353115727003
145505,1708,287,1995,5.951219512195122
145512,2797,167,2964,16.748502994011975
145541,940,115,1055,8.173913043478262
145545,3501,381,3882,9.188976377952756
145553,3376,372,3748,9.075268817204302
145555,3069,187,3256,16.41176470588235
145569,3207,158,3365,20.29746835443038
145579,156,2095,2251,0.0744630071599045
145585,2681,55,2736,48.74545454545454
145590,2999,139,3138,21.575539568345324
145597,3857,177,4034,21.7909604519774
145599,3050,104,3154,29.32692307692308
145601,3822,121,3943,31.58677685950413
145604,1704,159,1863,10.716981132075473
145605,2898,211,3109,13.734597156398104
145612,796,98,894,8.122448979591837
145615,2565,40,2605,64.125
145618,3580,126,3706,28.41269841269841
145620,3830,198,4028,19.343434343434343
145621,3653,170,3823,21.488235294117647
145636,1927,503,2430,3.831013916500994
145639,1158,138,1296,8.391304347826088
145671,2901,213,3114,13.619718309859154
145674,1610,185,1795,8.702702702702704
145681,2105,152,2257,13.848684210526317
145688,537,811,1348,0.6621454993834772
145698,2580,127,2707,20.31496062992126
145711,2644,143,2787,18.48951048951049
145716,3621,161,3782,22.490683229813666
145730,1,3113,3114,0.0003212335367812
145735,3022,222,3244,13.612612612612612
145742,1940,316,2256,6.139240506329114
145757,2423,128,2551,18.9296875
145759,1914,171,2085,11.192982456140353
145762,3686,159,3845,23.18238993710692
145763,2292,282,2574,8.127659574468085
145767,3535,108,3643,32.73148148148148
145774,3052,116,3168,26.310344827586206
145777,2047,265,2312,7.724528301886792
145783,3446,100,3546,34.46
145801,3195,193,3388,16.55440414507772
145806,2232,117,2349,19.07692307692308
145816,3274,126,3400,25.984126984126984
145821,2306,198,2504,11.646464646464649
145832,2139,275,2414,7.778181818181818
145838,3230,109,3339,29.63302752293578
145855,3939,141,4080,27.93617021276596
145856,3690,102,3792,36.1764705882353
145859,3875,137,4012,28.28467153284672
145863,654,396,1050,1.6515151515151516
145866,1500,131,1631,11.450381679389311
145867,927,36,963,25.75
145869,2197,174,2371,12.626436781609195
145879,3616,272,3888,13.294117647058824
145887,3769,123,3892,30.642276422764223
145892,2853,242,3095,11.789256198347108
145895,3095,85,3180,36.41176470588236
145907,1724,237,1961,7.274261603375527
145912,1049,511,1560,2.0528375733855184
145919,1125,127,1252,8.858267716535433
145922,1383,97,1480,14.257731958762887
145932,1344,91,1435,14.76923076923077
145937,2340,100,2440,23.4
145941,2854,168,3022,16.988095238095237
145943,2378,299,2677,7.953177257525083
145945,490,2261,2751,0.2167182662538699
145946,2991,160,3151,18.69375
145958,2131,145,2276,14.696551724137931
145967,2762,88,2850,31.38636363636364
145976,2076,480,2556,4.325
145979,1951,543,2494,3.593001841620626
145990,2942,150,3092,19.613333333333333
145997,3149,151,3300,20.85430463576159
146002,1574,78,1652,20.17948717948718
146006,3854,168,4022,22.94047619047619
146014,3139,140,3279,22.42142857142857
146015,1216,275,1491,4.421818181818182
146017,2716,222,2938,12.234234234234236
146035,3470,119,3589,29.159663865546214
146036,3152,115,3267,27.408695652173915
146047,2155,284,2439,7.588028169014085
146068,1715,1102,2817,1.556261343012704
146077,3174,164,3338,19.353658536585368
146079,2733,204,2937,13.397058823529411
146081,3937,127,4064,31.0
146084,3630,279,3909,13.010752688172044
146095,1641,267,1908,6.146067415730337
146096,3324,289,3613,11.501730103806228
146119,31,1391,1422,0.0222861250898634
146127,3075,263,3338,11.692015209125476
146134,3836,193,4029,19.875647668393785
146135,3717,223,3940,16.668161434977577
146144,1750,217,1967,8.064516129032258
146146,3199,241,3440,13.273858921161828
146165,3849,131,3980,29.38167938931298
146168,2336,209,2545,11.177033492822966
146180,2142,135,2277,15.866666666666667
146181,3762,79,3841,47.62025316455696
146188,2810,188,2998,14.9468085106383
146208,2778,272,3050,10.213235294117649
146214,1132,140,1272,8.085714285714285
146219,2297,235,2532,9.774468085106385
146221,3457,115,3572,30.06086956521739
146222,2630,68,2698,38.6764705882353
146230,2442,77,2519,31.714285714285715
146233,3300,34,3334,97.05882352941175
146252,2258,79,2337,28.582278481012654
146260,2501,108,2609,23.15740740740741
146267,924,42,966,22.0
146268,3859,190,4049,20.310526315789478
146271,1326,145,1471,9.144827586206896
146274,3001,74,3075,40.554054054054056
146285,3066,174,3240,17.620689655172413
146286,1546,208,1754,7.4326923076923075
146291,1961,147,2108,13.34013605442177
146293,3413,163,3576,20.938650306748468
146301,3286,180,3466,18.25555555555556
146345,2888,67,2955,43.1044776119403
146346,3482,105,3587,33.161904761904765
146350,3669,113,3782,32.469026548672566
146351,3715,98,3813,37.90816326530612
146355,1799,187,1986,9.620320855614974
146358,1996,196,2192,10.183673469387756
146363,2950,132,3082,22.348484848484848
146380,609,132,741,4.613636363636363
146382,570,3391,3961,0.1680920082571513
146387,3358,73,3431,46.0
146393,1367,215,1582,6.358139534883721
146403,1159,212,1371,5.466981132075472
146411,2262,170,2432,13.305882352941175
146415,3807,191,3998,19.93193717277487
146416,3337,116,3453,28.767241379310345
146417,1280,79,1359,16.20253164556962
146418,2704,101,2805,26.77227722772277
146421,1638,224,1862,7.3125
146441,2114,1473,3587,1.4351663272233537
146443,2840,208,3048,13.653846153846152
146466,1635,107,1742,15.280373831775702
146471,3147,216,3363,14.569444444444445
146472,2315,575,2890,4.026086956521739
146473,2445,238,2683,10.27310924369748
146492,3054,46,3100,66.3913043478261
146499,3430,440,3870,7.795454545454546
146500,1063,127,1190,8.37007874015748
146501,3384,166,3550,20.3855421686747
146514,3852,163,4015,23.6319018404908
146531,2392,135,2527,17.71851851851852
146532,220,219,439,1.004566210045662
146544,3562,131,3693,27.19083969465649
146546,2797,93,2890,30.0752688172043
146552,2124,245,2369,8.66938775510204
146563,2190,67,2257,32.6865671641791
146565,2962,96,3058,30.854166666666668
146570,3128,318,3446,9.836477987421384
146574,2708,105,2813,25.79047619047619
146576,3148,132,3280,23.848484848484848
146577,3347,160,3507,20.91875
146585,3699,159,3858,23.264150943396228
146609,3618,414,4032,8.73913043478261
146613,3288,38,3326,86.52631578947368
146619,3351,87,3438,38.51724137931034
146624,2904,105,3009,27.65714285714286
146625,1820,189,2009,9.62962962962963
146628,2050,332,2382,6.174698795180723
146633,433,1527,1960,0.2835625409299279
146639,1054,89,1143,11.842696629213483
146653,3462,225,3687,15.386666666666668
146655,1360,146,1506,9.315068493150685
146664,1787,215,2002,8.311627906976744
146665,2614,46,2660,56.82608695652174
146667,1,3048,3049,0.0003280839895013
146671,956,188,1144,5.085106382978723
146676,3509,135,3644,25.992592592592597
146680,2429,183,2612,13.273224043715848
146685,3377,126,3503,26.8015873015873
146690,3355,185,3540,18.135135135135137
146703,3092,133,3225,23.24812030075188
146710,3721,68,3789,54.72058823529412
146714,1817,473,2290,3.8414376321353063
146720,1680,80,1760,21.0
146721,2419,383,2802,6.315926892950392
146726,2354,100,2454,23.54
146735,3684,242,3926,15.223140495867767
146738,3666,296,3962,12.385135135135137
146765,3569,169,3738,21.118343195266277
146766,3012,82,3094,36.73170731707317
146769,2870,325,3195,8.830769230769231
146788,3839,169,4008,22.715976331360945
146791,3171,114,3285,27.81578947368421
146795,3807,173,3980,22.00578034682081
146802,1726,361,2087,4.781163434903047
146807,2506,293,2799,8.552901023890785
146814,1824,237,2061,7.69620253164557
146817,1436,350,1786,4.102857142857143
146822,3048,176,3224,17.318181818181817
146834,2950,144,3094,20.48611111111111
146842,2440,93,2533,26.236559139784948
146853,1821,131,1952,13.900763358778626
146856,3915,157,4072,24.93630573248408
146873,3375,187,3562,18.048128342245988
146883,1475,449,1924,3.285077951002227
146884,2875,66,2941,43.56060606060606
146900,2197,150,2347,14.646666666666668
146903,1293,156,1449,8.288461538461538
146912,3104,131,3235,23.69465648854962
146921,2232,138,2370,16.17391304347826
146922,3261,83,3344,39.28915662650602
146926,3818,220,4038,17.354545454545455
146938,3025,103,3128,29.368932038834952
146940,827,92,919,8.98913043478261
146950,3203,139,3342,23.0431654676259
146954,1899,148,2047,12.83108108108108
146957,3371,31,3402,108.74193548387096
146960,2192,351,2543,6.245014245014245
146967,3175,205,3380,15.48780487804878
146973,3687,315,4002,11.704761904761904
146994,1968,109,2077,18.05504587155963
146997,2733,268,3001,10.197761194029852
147007,3851,106,3957,36.33018867924528
147012,3554,143,3697,24.853146853146853
147013,2592,112,2704,23.142857142857142
147017,2286,150,2436,15.24
147026,3866,148,4014,26.12162162162162
147030,3865,183,4048,21.12021857923497
147059,1578,189,1767,8.34920634920635
147068,1843,167,2010,11.035928143712574
147073,2387,127,2514,18.79527559055118
147074,1170,100,1270,11.7
147081,1553,105,1658,14.790476190476191
147082,3033,194,3227,15.6340206185567
147085,1173,147,1320,7.979591836734694
147087,2318,148,2466,15.66216216216216
147100,3505,159,3664,22.044025157232703
147104,3938,121,4059,32.54545454545455
147110,3281,255,3536,12.866666666666667
147116,3505,228,3733,15.37280701754386
147119,3437,272,3709,12.636029411764708
147123,1697,335,2032,5.065671641791044
147126,3440,126,3566,27.3015873015873
147129,1588,368,1956,4.315217391304348
147174,2607,220,2827,11.85
147180,1,760,761,0.0013157894736842
147181,3687,92,3779,40.07608695652174
147182,2738,187,2925,14.641711229946525
147190,3384,243,3627,13.925925925925926
147192,2710,55,2765,49.27272727272727
147198,2842,102,2944,27.862745098039216
147199,2911,79,2990,36.848101265822784
147215,3803,178,3981,21.365168539325843
147224,3948,140,4088,28.2
147225,3856,83,3939,46.45783132530121
147231,2381,159,2540,14.974842767295597
147232,3718,194,3912,19.164948453608247
147236,1840,151,1991,12.18543046357616
147243,2083,107,2190,19.46728971962617
147264,3575,114,3689,31.359649122807017
147266,3528,127,3655,27.77952755905512
147267,2800,192,2992,14.583333333333334
147271,2201,111,2312,19.82882882882883
147272,3547,121,3668,29.31404958677686
147278,501,1737,2238,0.2884283246977547
147286,2362,77,2439,30.675324675324678
147291,2086,103,2189,20.25242718446602
147293,2068,194,2262,10.65979381443299
147294,1542,87,1629,17.724137931034484
147304,1820,190,2010,9.578947368421051
147312,3204,151,3355,21.218543046357617
147324,3692,280,3972,13.185714285714283
147337,3783,139,3922,27.215827338129497
147338,2233,214,2447,10.434579439252335
147342,3658,304,3962,12.032894736842104
147344,1585,212,1797,7.476415094339623
147357,1916,243,2159,7.88477366255144
147368,3737,274,4011,13.638686131386862
147372,2085,224,2309,9.308035714285714
147399,21,3789,3810,0.0055423594615993
147405,2636,242,2878,10.892561983471074
147408,3865,96,3961,40.26041666666666
147409,3910,170,4080,23.0
147413,3434,194,3628,17.701030927835053
147417,463,3548,4011,0.1304960541149943
147433,2892,294,3186,9.83673469387755
147435,2998,228,3226,13.149122807017545
147443,3590,399,3989,8.997493734335839
147449,1644,130,1774,12.646153846153846
147451,2739,144,2883,19.02083333333333
147452,3802,106,3908,35.867924528301884
147453,2791,138,2929,20.22463768115942
147454,3376,127,3503,26.58267716535433
147459,2642,162,2804,16.308641975308642
147471,770,53,823,14.528301886792454
147475,3033,707,3740,4.28995756718529
147488,2347,179,2526,13.111731843575418
147498,1505,174,1679,8.649425287356323
147505,3079,115,3194,26.77391304347826
147515,3241,129,3370,25.124031007751935
147528,3395,194,3589,17.5
147535,1715,265,1980,6.471698113207547
147536,3455,158,3613,21.867088607594937
147544,1668,61,1729,27.34426229508197
147557,1251,114,1365,10.973684210526317
147573,2703,191,2894,14.151832460732985
147580,2586,316,2902,8.183544303797468
147582,2587,342,2929,7.564327485380117
147584,2648,66,2714,40.121212121212125
147588,3591,208,3799,17.264423076923077
147611,3585,209,3794,17.15311004784689
147614,3168,140,3308,22.62857142857143
147615,2709,172,2881,15.75
147616,1819,47,1866,38.70212765957447
147617,1232,167,1399,7.377245508982036
147618,2920,197,3117,14.82233502538071
147637,3094,39,3133,79.33333333333333
147652,3040,272,3312,11.176470588235292
147661,3589,166,3755,21.620481927710845
147664,74,2699,2773,0.0274175620600222
147665,3880,63,3943,61.58730158730159
147672,1541,102,1643,15.107843137254902
147674,2653,166,2819,15.981927710843374
147680,2794,266,3060,10.50375939849624
147707,3510,189,3699,18.571428571428573
147708,3778,291,4069,12.982817869415808
147718,3434,106,3540,32.39622641509434
147726,3570,283,3853,12.614840989399294
147728,2885,97,2982,29.742268041237114
147733,2956,80,3036,36.95
147735,3292,262,3554,12.564885496183209
147738,3123,232,3355,13.461206896551724
147739,943,346,1289,2.7254335260115607
147740,2890,153,3043,18.88888888888889
147759,3970,67,4037,59.25373134328358
147760,3690,227,3917,16.255506607929515
147765,1892,70,1962,27.02857142857143
147766,1295,208,1503,6.225961538461538
147790,3315,211,3526,15.710900473933648
147791,2408,154,2562,15.636363636363637
147799,2379,144,2523,16.520833333333332
147800,3496,364,3860,9.604395604395604
147804,1801,72,1873,25.01388888888889
147812,2710,225,2935,12.044444444444444
147813,1734,170,1904,10.2
147818,3807,154,3961,24.72077922077922
147828,3793,133,3926,28.518796992481203
147834,2994,112,3106,26.732142857142858
147841,3033,97,3130,31.2680412371134
147844,1946,142,2088,13.704225352112676
147852,2104,323,2427,6.513931888544891
147854,2968,166,3134,17.879518072289155
147860,3583,169,3752,21.201183431952664
147864,2926,326,3252,8.975460122699387
147868,1802,121,1923,14.892561983471074
147876,3017,112,3129,26.9375
147878,3745,292,4037,12.825342465753424
147903,2634,163,2797,16.15950920245399
147908,26,2228,2254,0.011669658886894
147913,3644,66,3710,55.21212121212121
147915,3099,586,3685,5.28839590443686
147916,1882,48,1930,39.208333333333336
147917,3823,115,3938,33.243478260869566
147925,3468,95,3563,36.50526315789474
147929,3693,26,3719,142.03846153846155
147933,2906,75,2981,38.74666666666667
147981,1742,268,2010,6.5
147982,3755,150,3905,25.03333333333333
147986,1258,159,1417,7.911949685534591
147991,1173,435,1608,2.696551724137931
147998,3518,157,3675,22.40764331210191
148007,2650,300,2950,8.833333333333334
148021,3801,133,3934,28.57894736842105
148022,2369,180,2549,13.161111111111111
148026,746,227,973,3.286343612334801
148038,2106,394,2500,5.345177664974619
148043,1046,65,1111,16.092307692307692
148044,3520,154,3674,22.857142857142858
148057,2712,124,2836,21.870967741935484
148058,2548,224,2772,11.375
148066,3438,77,3515,44.64935064935065
148067,3549,85,3634,41.752941176470586
148075,3700,336,4036,11.011904761904765
148079,2238,92,2330,24.32608695652174
148095,3552,162,3714,21.925925925925927
148101,2581,128,2709,20.1640625
148102,3436,357,3793,9.624649859943975
148106,1212,110,1322,11.018181818181818
148110,2677,178,2855,15.039325842696629
148113,1768,181,1949,9.767955801104971
148117,3261,392,3653,8.318877551020408
148119,1609,622,2231,2.5868167202572345
148125,3256,203,3459,16.039408866995075
148131,2719,172,2891,15.80813953488372
148147,2329,186,2515,12.521505376344086
148149,2921,151,3072,19.344370860927157
148152,3092,102,3194,30.31372549019608
148157,1923,372,2295,5.169354838709677
148167,2828,110,2938,25.70909090909091
148221,2441,242,2683,10.086776859504132
148228,3474,186,3660,18.677419354838708
148230,876,120,996,7.3
148231,3244,253,3497,12.82213438735178
148232,1221,112,1333,10.901785714285714
148237,944,721,1665,1.3092926490984744
148240,831,2968,3799,0.2799865229110512
148241,3618,123,3741,29.414634146341463
148251,2931,437,3368,6.7070938215102975
148256,1398,178,1576,7.853932584269663
148268,2944,99,3043,29.737373737373737
148270,2066,78,2144,26.487179487179485
148272,1102,160,1262,6.8875
148283,3678,251,3929,14.653386454183266
148285,3768,154,3922,24.467532467532468
148294,2012,155,2167,12.980645161290322
148299,2489,192,2681,12.963541666666666
148301,3489,320,3809,10.903125
148308,3156,289,3445,10.920415224913494
148332,3320,72,3392,46.11111111111112
148334,3758,67,3825,56.08955223880597
148356,2810,209,3019,13.444976076555024
148366,3940,115,4055,34.26086956521739
148370,65,1247,1312,0.0521251002405773
148376,2325,116,2441,20.04310344827586
148385,2522,172,2694,14.66279069767442
148388,1883,203,2086,9.275862068965518
148390,1082,339,1421,3.191740412979351
148403,2495,73,2568,34.178082191780824
148417,3804,189,3993,20.126984126984127
148429,1449,183,1632,7.918032786885246
148438,3114,189,3303,16.476190476190474
148456,837,93,930,9.0
148462,3737,235,3972,15.902127659574468
148464,2000,63,2063,31.746031746031747
148484,3671,142,3813,25.85211267605634
148487,2233,354,2587,6.307909604519774
148489,2335,65,2400,35.92307692307692
148496,3480,348,3828,10.0
148506,2239,181,2420,12.370165745856353
148512,3642,447,4089,8.14765100671141
148516,2375,46,2421,51.630434782608695
148517,3774,161,3935,23.440993788819878
148520,1914,414,2328,4.6231884057971016
148522,2776,234,3010,11.863247863247864
148541,3634,314,3948,11.573248407643312
148544,3111,164,3275,18.96951219512195
148547,3758,287,4045,13.094076655052264
148552,3763,174,3937,21.6264367816092
148557,1330,123,1453,10.8130081300813
148587,1427,154,1581,9.266233766233766
148595,3160,383,3543,8.25065274151436
148606,3625,407,4032,8.906633906633907
148610,3340,236,3576,14.152542372881356
148619,2340,184,2524,12.717391304347826
148630,3841,154,3995,24.94155844155844
148631,1963,199,2162,9.864321608040202
148637,416,2555,2971,0.1628180039138943
148639,3040,139,3179,21.8705035971223
148641,3665,129,3794,28.410852713178294
148642,2131,122,2253,17.4672131147541
148663,3354,348,3702,9.637931034482758
148668,2604,54,2658,48.22222222222222
148669,636,3184,3820,0.1997487437185929
148682,1617,110,1727,14.7
148719,1814,112,1926,16.196428571428573
148720,2346,150,2496,15.64
148722,1890,215,2105,8.790697674418604
148728,1176,115,1291,10.22608695652174
148746,234,115,349,2.034782608695652
148757,1255,156,1411,8.044871794871796
148758,3567,243,3810,14.679012345679013
148772,2951,188,3139,15.6968085106383
148790,3160,186,3346,16.989247311827956
148792,3756,192,3948,19.5625
148795,2607,390,2997,6.684615384615385
148799,779,186,965,4.188172043010753
148801,2009,164,2173,12.25
148803,3391,329,3720,10.306990881458969
148804,2243,54,2297,41.53703703703704
148805,2430,64,2494,37.96875
148807,3206,204,3410,15.715686274509803
148815,3009,62,3071,48.53225806451613
148825,3798,237,4035,16.025316455696203
148826,3771,295,4066,12.783050847457629
148833,2538,32,2570,79.3125
148838,3223,388,3611,8.306701030927835
148839,3629,317,3946,11.44794952681388
148857,2474,148,2622,16.716216216216218
148876,3869,39,3908,99.2051282051282
148880,602,1722,2324,0.3495934959349593
148886,3317,251,3568,13.215139442231076
148891,3758,186,3944,20.204301075268816
148898,1873,430,2303,4.355813953488372
148899,2884,167,3051,17.269461077844312
148902,2929,246,3175,11.90650406504065
148907,3796,220,4016,17.254545454545454
148924,2927,265,3192,11.045283018867924
148956,2626,300,2926,8.753333333333334
148968,3107,21,3128,147.95238095238096
148969,1828,176,2004,10.386363636363637
148972,1893,109,2002,17.36697247706422
148978,3021,149,3170,20.2751677852349
149001,1053,244,1297,4.315573770491803
149003,3845,102,3947,37.69607843137255
149007,2655,227,2882,11.69603524229075
149008,2396,126,2522,19.015873015873016
149017,3867,124,3991,31.18548387096774
149025,2903,281,3184,10.330960854092528
149030,2390,213,2603,11.220657276995306
149033,1240,289,1529,4.290657439446367
149056,2770,43,2813,64.4186046511628
149059,2309,282,2591,8.187943262411348
149074,2348,43,2391,54.604651162790695
149076,1940,341,2281,5.689149560117302
149081,3636,237,3873,15.341772151898734
149082,999,129,1128,7.744186046511628
149097,2118,71,2189,29.83098591549296
149107,2319,257,2576,9.023346303501944
149138,2350,137,2487,17.153284671532848
149140,2271,274,2545,8.288321167883211
149143,3473,223,3696,15.573991031390134
149145,2212,239,2451,9.255230125523012
149146,3669,119,3788,30.831932773109244
149150,3676,185,3861,19.87027027027027
149155,3898,116,4014,33.60344827586207
149163,2127,61,2188,34.868852459016395
149189,1559,48,1607,32.479166666666664
149204,3314,92,3406,36.02173913043478
149212,2301,122,2423,18.86065573770492
149227,3417,159,3576,21.49056603773585
149228,1066,290,1356,3.675862068965517
149229,3494,215,3709,16.251162790697673
149237,3372,196,3568,17.20408163265306
149250,3538,219,3757,16.15525114155251
149265,3342,714,4056,4.680672268907563
149285,2217,76,2293,29.17105263157895
149295,3722,222,3944,16.765765765765767
149300,1422,166,1588,8.566265060240964
149304,3911,161,4072,24.29192546583851
149311,2806,218,3024,12.871559633027523
149312,3311,292,3603,11.33904109589041
149317,2658,211,2869,12.597156398104266
149324,2565,193,2758,13.290155440414509
149326,2984,64,3048,46.625
149327,3806,92,3898,41.369565217391305
149347,3332,277,3609,12.028880866425991
149358,2881,115,2996,25.05217391304348
149362,3815,137,3952,27.846715328467152
149370,2117,99,2216,21.383838383838384
149376,2594,351,2945,7.39031339031339
149377,2689,173,2862,15.54335260115607
149386,2357,228,2585,10.337719298245617
149394,3227,251,3478,12.856573705179285
149401,2897,249,3146,11.634538152610444
149404,2947,220,3167,13.395454545454545
149440,1552,40,1592,38.8
149441,3349,246,3595,13.613821138211382
149442,2130,91,2221,23.406593406593405
149451,2057,170,2227,12.1
149459,3745,225,3970,16.644444444444446
149461,2468,158,2626,15.620253164556962
149462,2989,79,3068,37.83544303797469
149467,3728,348,4076,10.71264367816092
149479,1571,250,1821,6.284
149485,3407,187,3594,18.219251336898395
149488,2722,165,2887,16.496969696969696
149493,3640,251,3891,14.50199203187251
149494,3118,203,3321,15.35960591133005
149511,3558,153,3711,23.254901960784316
149513,1546,289,1835,5.349480968858131
149524,3398,118,3516,28.79661016949153
149544,3688,97,3785,38.02061855670103
149545,889,236,1125,3.766949152542373
149549,1194,73,1267,16.356164383561644
149551,3614,221,3835,16.352941176470587
149556,3229,225,3454,14.351111111111113
149564,2374,149,2523,15.93288590604027
149565,897,3191,4088,0.2811031024757129
149575,258,65,323,3.969230769230769
149580,675,132,807,5.113636363636363
149584,2969,477,3446,6.2243186582809225
149586,3159,107,3266,29.523364485981308
149591,3400,331,3731,10.27190332326284
149602,3490,220,3710,15.863636363636363
149615,3671,399,4070,9.200501253132831
149619,1881,227,2108,8.286343612334802
149630,3319,237,3556,14.0042194092827
149636,3166,248,3414,12.766129032258064
149645,2269,232,2501,9.780172413793103
149649,3145,168,3313,18.72023809523809
149658,1187,165,1352,7.193939393939394
149663,2045,236,2281,8.665254237288135
149676,3016,88,3104,34.27272727272727
149700,742,285,1027,2.6035087719298247
149723,45,1577,1622,0.0285351934051997
149738,3998,91,4089,43.934065934065934
149740,3088,271,3359,11.394833948339484
149745,2813,153,2966,18.38562091503268
149748,1734,96,1830,18.0625
149749,2429,162,2591,14.993827160493828
149760,2042,143,2185,14.27972027972028
149762,3764,188,3952,20.02127659574468
149787,3446,149,3595,23.12751677852349
149790,221,2074,2295,0.1065573770491803
149796,3205,173,3378,18.526011560693643
149801,3399,209,3608,16.263157894736842
149803,3432,144,3576,23.83333333333333
149814,3657,113,3770,32.36283185840708
149816,3252,376,3628,8.648936170212766
149819,3456,140,3596,24.685714285714287
149835,1720,200,1920,8.6
149841,2765,146,2911,18.938356164383563
149852,2978,108,3086,27.574074074074076
149856,1474,256,1730,5.7578125
149866,3030,164,3194,18.47560975609756
149868,1919,158,2077,12.145569620253164
149873,478,2931,3409,0.1630842715796656
149877,1953,222,2175,8.797297297297296
149879,1302,548,1850,2.375912408759124
149882,2910,60,2970,48.5
149899,2386,328,2714,7.274390243902439
149901,2436,163,2599,14.94478527607362
149906,3765,133,3898,28.30827067669173
149911,2777,172,2949,16.1453488372093
149921,2550,80,2630,31.875
149928,3726,75,3801,49.68
149929,3178,95,3273,33.45263157894737
149937,3035,100,3135,30.35
149938,1174,164,1338,7.158536585365853
149942,3071,310,3381,9.906451612903226
149952,1543,242,1785,6.37603305785124
149955,3946,106,4052,37.22641509433962
149989,2806,122,2928,23.0
149995,3501,142,3643,24.654929577464788
150013,332,3638,3970,0.091258933479934
150014,3505,174,3679,20.14367816091954
150033,3379,63,3442,53.63492063492063
150034,3236,206,3442,15.70873786407767
150043,1896,96,1992,19.75
150044,1474,94,1568,15.680851063829786
150049,1342,82,1424,16.365853658536587
150054,1636,281,1917,5.822064056939502
150075,3279,213,3492,15.394366197183098
150081,2938,105,3043,27.98095238095238
150100,3660,134,3794,27.31343283582089
150106,3604,264,3868,13.651515151515152
150107,2361,277,2638,8.52346570397112
150111,3829,118,3947,32.44915254237288
150121,813,52,865,15.634615384615383
150133,3350,343,3693,9.7667638483965
150134,640,2772,3412,0.2308802308802308
150150,2629,133,2762,19.76691729323308
150151,3354,67,3421,50.059701492537314
150153,3343,176,3519,18.994318181818183
150162,3310,184,3494,17.98913043478261
150194,3367,108,3475,31.175925925925927
150206,1958,513,2471,3.8167641325536064
150207,2815,439,3254,6.412300683371298
150218,2406,352,2758,6.8352272727272725
150219,760,1917,2677,0.396452790818988
150221,3083,107,3190,28.81308411214953
150241,1918,356,2274,5.387640449438202
150253,3581,165,3746,21.703030303030303
150261,3206,330,3536,9.715151515151517
150270,3758,68,3826,55.26470588235294
150275,1516,90,1606,16.844444444444445
150277,2167,125,2292,17.336
150282,3542,177,3719,20.01129943502825
150307,212,2982,3194,0.0710932260228034
150317,3782,263,4045,14.38022813688213
150336,2305,59,2364,39.067796610169495
150337,3574,123,3697,29.056910569105693
150340,3786,184,3970,20.57608695652174
150346,2850,151,3001,18.874172185430464
150350,2122,285,2407,7.445614035087719
150354,1843,323,2166,5.705882352941177
150373,2848,572,3420,4.979020979020979
150379,2204,243,2447,9.069958847736626
150380,74,2758,2832,0.0268310369833212
150387,1430,152,1582,9.407894736842104
150401,2320,45,2365,51.55555555555556
150413,2464,77,2541,32.0
150437,3154,215,3369,14.669767441860465
150450,3723,214,3937,17.397196261682243
150454,3552,146,3698,24.328767123287676
150472,2081,221,2302,9.41628959276018
150474,3866,140,4006,27.614285714285717
150483,2418,232,2650,10.422413793103448
150486,3331,369,3700,9.02710027100271
150490,2322,141,2463,16.46808510638298
150500,1422,432,1854,3.2916666666666665
150507,1869,118,1987,15.83898305084746
150538,2178,344,2522,6.3313953488372094
150555,775,95,870,8.157894736842104
150559,739,90,829,8.21111111111111
150580,860,162,1022,5.308641975308642
150584,2834,187,3021,15.155080213903744
150586,2794,961,3755,2.90738813735692
150587,3036,143,3179,21.23076923076923
150593,997,186,1183,5.360215053763441
150604,3600,434,4034,8.294930875576037
150606,3101,79,3180,39.25316455696203
150617,2262,155,2417,14.593548387096774
150629,1391,111,1502,12.531531531531533
150637,2177,184,2361,11.831521739130435
150639,3902,169,4071,23.088757396449704
150641,1062,131,1193,8.106870229007633
150652,3215,190,3405,16.92105263157895
150663,3746,193,3939,19.409326424870468
150669,1933,101,2034,19.138613861386137
150675,1801,296,2097,6.08445945945946
150693,1767,1177,2944,1.5012744265080713
150707,2887,194,3081,14.881443298969073
150709,3460,157,3617,22.038216560509557
150714,3129,293,3422,10.679180887372013
150720,2279,93,2372,24.50537634408602
150723,2887,34,2921,84.91176470588235
150730,3886,148,4034,26.25675675675676
150748,3360,190,3550,17.68421052631579
150756,3319,145,3464,22.889655172413796
150760,63,1929,1992,0.0326594090202177
150774,1341,223,1564,6.013452914798206
150775,1659,215,1874,7.716279069767442
150789,3276,214,3490,15.30841121495327
150799,970,89,1059,10.898876404494382
150803,113,2298,2411,0.0491731940818102
150806,2036,298,2334,6.832214765100671
150808,2860,297,3157,9.62962962962963
150809,2068,173,2241,11.953757225433526
150814,3384,168,3552,20.142857142857142
150824,56,3794,3850,0.014760147601476
150826,2750,78,2828,35.256410256410255
150830,2463,102,2565,24.147058823529413
150832,1841,200,2041,9.205
150841,2056,256,2312,8.03125
150844,1543,99,1642,15.585858585858588
150846,3864,181,4045,21.34806629834254
150848,2422,155,2577,15.625806451612902
150849,1731,241,1972,7.182572614107884
150852,2905,299,3204,9.715719063545151
150855,3856,164,4020,23.51219512195122
150857,3474,200,3674,17.37
150859,3618,217,3835,16.672811059907833
150862,2020,345,2365,5.855072463768116
150874,2886,204,3090,14.147058823529411
150888,2165,96,2261,22.55208333333333
150889,919,3172,4091,0.2897225725094577
150904,2776,84,2860,33.04761904761905
150917,3304,125,3429,26.432
150919,3577,335,3912,10.677611940298508
150923,3963,121,4084,32.75206611570248
150927,1564,50,1614,31.28
150939,1987,62,2049,32.04838709677419
150943,1186,295,1481,4.020338983050848
150954,2854,200,3054,14.27
150965,3943,139,4082,28.366906474820144
150967,791,72,863,10.98611111111111
150970,3146,150,3296,20.973333333333333
150971,2872,57,2929,50.3859649122807
150981,2283,160,2443,14.26875
150999,3466,348,3814,9.959770114942527
151019,3389,174,3563,19.477011494252874
151020,2963,180,3143,16.461111111111112
151023,1806,142,1948,12.71830985915493
151024,1851,264,2115,7.011363636363637
151027,3757,294,4051,12.77891156462585
151033,1865,100,1965,18.65
151049,1888,152,2040,12.421052631578949
151057,3124,217,3341,14.3963133640553
151070,2725,189,2914,14.417989417989418
151071,3822,69,3891,55.391304347826086
151073,2659,93,2752,28.591397849462364
151094,3386,121,3507,27.98347107438017
151103,2263,140,2403,16.164285714285715
151113,3750,183,3933,20.49180327868853
151114,1945,137,2082,14.197080291970805
151127,364,1724,2088,0.2111368909512761
151141,2972,74,3046,40.16216216216216
151147,2240,81,2321,27.65432098765432
151152,2930,298,3228,9.832214765100671
151154,1892,119,2011,15.899159663865548
151167,3710,164,3874,22.621951219512194
151178,3237,148,3385,21.87162162162162
151185,3532,233,3765,15.158798283261802
151190,1658,293,1951,5.658703071672355
151195,2846,60,2906,47.43333333333333
151199,1700,120,1820,14.166666666666666
151202,3774,213,3987,17.718309859154928
151205,3382,110,3492,30.745454545454542
151206,1487,78,1565,19.06410256410257
151207,2490,137,2627,18.175182481751825
151217,3530,105,3635,33.61904761904762
151231,3278,93,3371,35.24731182795699
151244,1118,176,1294,6.352272727272728
151254,3313,165,3478,20.07878787878788
151291,3071,152,3223,20.20394736842105
151300,2610,304,2914,8.585526315789474
151301,1407,61,1468,23.0655737704918
151310,2904,156,3060,18.615384615384617
151319,1965,239,2204,8.221757322175732
151364,3645,227,3872,16.05726872246696
151368,3366,212,3578,15.87735849056604
151370,3161,335,3496,9.435820895522388
151376,1828,419,2247,4.362768496420048
151381,2668,326,2994,8.184049079754601
151382,1498,238,1736,6.294117647058823
151396,1593,104,1697,15.317307692307692
151408,2924,115,3039,25.42608695652174
151412,1725,244,1969,7.069672131147541
151414,1673,59,1732,28.35593220338983
151424,3125,165,3290,18.939393939393938
151431,3266,488,3754,6.692622950819672
151448,2256,93,2349,24.258064516129032
151464,2240,111,2351,20.18018018018018
151472,2629,340,2969,7.732352941176471
151478,3222,336,3558,9.589285714285714
151487,2401,69,2470,34.79710144927536
151496,3498,152,3650,23.01315789473684
151498,1758,143,1901,12.293706293706292
151499,716,95,811,7.536842105263158
151503,3572,258,3830,13.844961240310075
151504,1977,130,2107,15.207692307692309
151511,3640,143,3783,25.454545454545453
151513,2307,273,2580,8.45054945054945
151523,1780,47,1827,37.87234042553192
151525,2456,839,3295,2.927294398092968
151528,2832,388,3220,7.298969072164948
151535,2236,416,2652,5.375
151536,2498,102,2600,24.49019607843137
151539,3422,104,3526,32.90384615384615
151541,1385,165,1550,8.393939393939394
151545,1964,168,2132,11.69047619047619
151546,3379,249,3628,13.570281124497992
151556,3653,86,3739,42.47674418604651
151557,2636,204,2840,12.92156862745098
151567,2621,92,2713,28.48913043478261
151573,3315,148,3463,22.39864864864865
151584,3556,244,3800,14.57377049180328
151585,3043,137,3180,22.21167883211679
151595,3088,174,3262,17.74712643678161
151598,2448,285,2733,8.589473684210526
151600,1947,147,2094,13.244897959183673
151619,3672,74,3746,49.62162162162162
151624,3223,418,3641,7.7105263157894735
151637,3207,177,3384,18.11864406779661
151641,1971,274,2245,7.193430656934306
151648,2482,223,2705,11.130044843049328
151661,1866,119,1985,15.680672268907562
151670,2051,210,2261,9.766666666666667
151671,3108,260,3368,11.953846153846154
151673,2600,153,2753,16.99346405228758
151676,2476,246,2722,10.065040650406504
151696,3849,96,3945,40.09375
151719,3319,284,3603,11.68661971830986
151766,1490,94,1584,15.851063829787234
151779,3116,135,3251,23.08148148148148
151790,3347,326,3673,10.266871165644172
151798,1,2801,2802,0.0003570153516601
151805,215,2816,3031,0.0763494318181818
151810,1810,88,1898,20.568181818181817
151813,2274,85,2359,26.75294117647059
151819,3048,103,3151,29.59223300970874
151820,1233,63,1296,19.571428571428573
151827,2393,100,2493,23.93
151840,3485,132,3617,26.401515151515152
151846,3157,91,3248,34.69230769230769
151864,3662,265,3927,13.818867924528302
151873,3015,829,3844,3.6369119420989136
151876,3121,109,3230,28.63302752293578
151901,3793,150,3943,25.286666666666665
151904,203,3383,3586,0.0600059119125036
151913,2059,253,2312,8.138339920948617
151915,3208,62,3270,51.74193548387097
151916,3399,175,3574,19.422857142857143
151924,3835,164,3999,23.384146341463413
151956,3505,191,3696,18.350785340314136
151959,2314,147,2461,15.741496598639456
151960,2492,329,2821,7.574468085106383
151971,2333,201,2534,11.606965174129352
151973,80,2563,2643,0.0312134217713616
151986,2775,129,2904,21.511627906976745
151999,1808,53,1861,34.113207547169814
152002,341,3154,3495,0.1081166772352568
152010,2667,545,3212,4.893577981651376
152019,3820,49,3869,77.95918367346938
152027,3281,142,3423,23.1056338028169
152030,1794,115,1909,15.6
152032,3117,98,3215,31.806122448979597
152045,3585,413,3998,8.680387409200968
152066,2041,146,2187,13.97945205479452
152082,3079,96,3175,32.072916666666664
152098,1624,104,1728,15.615384615384617
152104,519,392,911,1.3239795918367347
152111,1012,350,1362,2.8914285714285715
152121,2732,438,3170,6.237442922374429
152127,3744,179,3923,20.91620111731844
152130,3656,171,3827,21.380116959064328
152132,2626,135,2761,19.451851851851853
152148,331,78,409,4.243589743589744
152152,2261,162,2423,13.95679012345679
152156,1301,144,1445,9.03472222222222
152167,2751,187,2938,14.711229946524064
152173,2733,166,2899,16.46385542168675
152179,2308,316,2624,7.30379746835443
152180,3569,90,3659,39.65555555555556
152194,1920,200,2120,9.6
152210,3214,67,3281,47.97014925373134
152219,1346,208,1554,6.471153846153846
152222,2499,234,2733,10.67948717948718
152223,3724,324,4048,11.493827160493828
152226,3210,129,3339,24.88372093023256
152231,1440,229,1669,6.288209606986899
152232,1123,391,1514,2.8721227621483374
152238,873,236,1109,3.6991525423728815
152273,3826,36,3862,106.27777777777776
152280,1076,97,1173,11.09278350515464
152304,2489,144,2633,17.28472222222222
152311,1786,296,2082,6.033783783783784
152315,2089,58,2147,36.01724137931034
152333,2339,95,2434,24.621052631578948
152347,3033,342,3375,8.868421052631579
152349,238,55,293,4.327272727272727
152354,2295,245,2540,9.36734693877551
152357,3218,64,3282,50.28125
152360,3045,152,3197,20.032894736842103
152374,2026,141,2167,14.368794326241137
152381,2548,84,2632,30.33333333333333
152402,3584,112,3696,32.0
152421,2837,62,2899,45.75806451612903
152427,2640,178,2818,14.831460674157304
152433,2946,311,3257,9.47266881028939
152446,3280,281,3561,11.672597864768685
152448,2231,152,2383,14.677631578947368
152449,1295,116,1411,11.163793103448276
152450,2096,116,2212,18.06896551724138
152453,2453,391,2844,6.273657289002558
152458,2774,297,3071,9.34006734006734
152460,3638,92,3730,39.54347826086956
152461,1939,50,1989,38.78
152466,2702,234,2936,11.547008547008549
152470,3025,200,3225,15.125
152479,2441,376,2817,6.492021276595745
152483,995,353,1348,2.818696883852691
152489,2034,163,2197,12.478527607361965
152490,3531,81,3612,43.5925925925926
152513,2845,142,2987,20.035211267605632
152523,3740,210,3950,17.80952380952381
152540,3853,86,3939,44.80232558139535
152554,3261,70,3331,46.58571428571429
152564,2195,240,2435,9.145833333333334
152568,2067,171,2238,12.087719298245617
152571,2960,173,3133,17.109826589595375
152573,1557,177,1734,8.796610169491526
152582,2487,132,2619,18.84090909090909
152586,2895,155,3050,18.677419354838708
152588,2740,99,2839,27.67676767676768
152598,3429,247,3676,13.882591093117409
152599,2502,108,2610,23.166666666666668
152607,3645,171,3816,21.31578947368421
152609,2957,68,3025,43.48529411764706
152623,3138,95,3233,33.03157894736842
152624,2635,1088,3723,2.421875
152631,2730,231,2961,11.818181818181818
152636,3553,388,3941,9.15721649484536
152641,3319,619,3938,5.361873990306947
152651,2000,69,2069,28.98550724637681
152655,3135,83,3218,37.7710843373494
152664,2886,288,3174,10.020833333333334
152668,777,77,854,10.090909090909092
152669,70,2476,2546,0.0282714054927302
152670,2353,253,2606,9.300395256916996
152673,1807,200,2007,9.035
152674,3140,156,3296,20.128205128205128
152676,3697,222,3919,16.653153153153152
152683,3184,362,3546,8.795580110497237
152686,3668,177,3845,20.72316384180791
152701,2674,199,2873,13.43718592964824
152717,2459,166,2625,14.813253012048191
152720,429,3210,3639,0.1336448598130841
152721,3377,172,3549,19.63372093023256
152722,2484,102,2586,24.352941176470587
152723,3703,106,3809,34.93396226415094
152735,2113,85,2198,24.858823529411765
152738,2782,163,2945,17.067484662576685
152772,2539,147,2686,17.272108843537413
152774,784,82,866,9.560975609756095
152789,1282,178,1460,7.202247191011236
152796,3611,169,3780,21.366863905325445
152799,891,116,1007,7.681034482758621
152800,3526,40,3566,88.15
152807,1564,224,1788,6.982142857142857
152823,2375,200,2575,11.875
152829,2989,307,3296,9.73615635179153
152838,2987,95,3082,31.44210526315789
152844,1976,101,2077,19.564356435643564
152850,3718,258,3976,14.410852713178295
152856,2300,396,2696,5.808080808080808
152857,2369,74,2443,32.01351351351352
152858,293,3603,3896,0.0813211212878157
152868,2224,156,2380,14.256410256410255
152887,3329,114,3443,29.20175438596491
152896,2960,401,3361,7.381546134663342
152897,2552,234,2786,10.905982905982906
152911,3892,129,4021,30.170542635658915
152922,3083,184,3267,16.755434782608695
152924,1128,156,1284,7.230769230769231
152935,3778,187,3965,20.203208556149733
152936,1940,81,2021,23.950617283950617
152949,1699,159,1858,10.685534591194967
152950,1962,131,2093,14.97709923664122
152953,3819,227,4046,16.823788546255507
152959,3323,99,3422,33.56565656565657
152962,1431,126,1557,11.357142857142858
152975,3083,198,3281,15.570707070707073
152977,2530,91,2621,27.802197802197803
152978,2308,105,2413,21.98095238095238
152983,1830,64,1894,28.59375
152988,3713,97,3810,38.27835051546392
152991,3742,240,3982,15.591666666666669
153002,3519,164,3683,21.45731707317073
153003,3523,245,3768,14.379591836734694
153007,3558,136,3694,26.16176470588235
153016,2504,194,2698,12.90721649484536
153027,2430,139,2569,17.48201438848921
153032,3897,191,4088,20.403141361256544
153033,3014,198,3212,15.22222222222222
153041,2782,182,2964,15.285714285714286
153065,2033,176,2209,11.551136363636363
153082,1877,136,2013,13.801470588235292
153088,2822,200,3022,14.11
153099,1555,131,1686,11.870229007633588
153101,2079,175,2254,11.88
153102,2546,97,2643,26.24742268041237
153104,3057,236,3293,12.953389830508474
153105,3663,123,3786,29.78048780487805
153109,2199,136,2335,16.169117647058822
153119,2844,227,3071,12.52863436123348
153139,2110,208,2318,10.14423076923077
153154,3466,269,3735,12.884758364312267
153159,2444,65,2509,37.6
153173,3792,281,4073,13.494661921708184
153183,1616,238,1854,6.7899159663865545
153186,3866,147,4013,26.29931972789116
153201,3552,183,3735,19.40983606557377
153211,3438,231,3669,14.883116883116884
153213,1999,121,2120,16.520661157024794
153215,3492,185,3677,18.87567567567568
153218,140,3409,3549,0.0410677618069815
153222,2135,119,2254,17.941176470588236
153241,3059,162,3221,18.882716049382715
153242,3313,323,3636,10.256965944272446
153246,382,1459,1841,0.2618231665524331
153247,3387,367,3754,9.228882833787466
153254,3771,219,3990,17.21917808219178
153257,598,111,709,5.387387387387387
153265,3653,137,3790,26.66423357664233
153267,3692,110,3802,33.56363636363636
153268,3188,80,3268,39.85
153272,3494,180,3674,19.41111111111111
153274,3517,188,3705,18.70744680851064
153284,3160,317,3477,9.96845425867508
153309,2274,166,2440,13.698795180722891
153311,3246,284,3530,11.429577464788732
153312,1703,135,1838,12.614814814814816
153314,3245,108,3353,30.046296296296298
153316,2284,188,2472,12.148936170212766
153337,1677,416,2093,4.03125
153342,2112,129,2241,16.372093023255815
153387,3615,132,3747,27.38636363636364
153411,3571,258,3829,13.84108527131783
153421,2782,196,2978,14.193877551020408
153431,563,83,646,6.783132530120482
153432,2512,218,2730,11.522935779816514
153433,2018,114,2132,17.70175438596491
153439,3854,90,3944,42.82222222222222
153442,2606,86,2692,30.302325581395348
153456,1828,346,2174,5.283236994219653
153457,3417,172,3589,19.86627906976744
153458,3448,136,3584,25.352941176470587
153475,1098,160,1258,6.8625
153489,3033,157,3190,19.318471337579616
153494,2556,300,2856,8.52
153512,1832,43,1875,42.604651162790695
153516,2041,950,2991,2.148421052631579
153522,3263,211,3474,15.464454976303315
153524,3073,70,3143,43.9
153542,2804,176,2980,15.931818181818182
153543,712,138,850,5.159420289855072
153544,2040,64,2104,31.875
153559,3768,162,3930,23.25925925925926
153561,3831,104,3935,36.83653846153846
153565,3377,114,3491,29.62280701754386
153582,1872,63,1935,29.714285714285715
153588,3241,112,3353,28.9375
153598,2331,58,2389,40.189655172413794
153619,2536,36,2572,70.44444444444444
153620,2630,1013,3643,2.596248766041461
153627,2397,422,2819,5.680094786729858
153637,2640,256,2896,10.3125
153641,1387,136,1523,10.198529411764708
153654,3353,161,3514,20.82608695652174
153686,3225,127,3352,25.39370078740157
153688,2230,420,2650,5.309523809523809
153692,2268,163,2431,13.914110429447852
153701,2127,113,2240,18.82300884955752
153711,1612,140,1752,11.514285714285714
153730,3617,225,3842,16.075555555555557
153734,3607,126,3733,28.626984126984127
153737,3071,91,3162,33.747252747252745
153739,1971,246,2217,8.012195121951219
153740,3706,180,3886,20.58888888888889
153746,2430,420,2850,5.785714285714286
153753,2810,230,3040,12.217391304347826
153765,3430,186,3616,18.440860215053764
153779,1544,189,1733,8.16931216931217
153790,1962,88,2050,22.295454545454547
153791,3899,147,4046,26.52380952380953
153796,2967,84,3051,35.32142857142857
153804,1934,283,2217,6.833922261484099
153811,1907,88,1995,21.670454545454547
153814,2646,567,3213,4.666666666666667
153820,1528,290,1818,5.268965517241379
153822,2711,162,2873,16.734567901234566
153827,622,193,815,3.22279792746114
153848,3672,126,3798,29.142857142857142
153853,3239,103,3342,31.446601941747574
153861,3879,127,4006,30.54330708661417
153871,3169,141,3310,22.47517730496454
153881,3271,71,3342,46.070422535211264
153886,2963,146,3109,20.294520547945204
153891,2305,106,2411,21.745283018867923
153895,2686,89,2775,30.17977528089888
153897,2587,288,2875,8.98263888888889
153924,3417,318,3735,10.745283018867925
153927,2313,76,2389,30.43421052631579
153931,98,1846,1944,0.0530877573131094
153934,2177,180,2357,12.094444444444443
153944,1843,177,2020,10.412429378531073
153993,3074,39,3113,78.82051282051282
153996,2282,253,2535,9.019762845849804
153997,3479,180,3659,19.32777777777778
153999,2449,241,2690,10.161825726141078
154015,3610,138,3748,26.159420289855078
154021,2197,152,2349,14.453947368421051
154029,1832,135,1967,13.57037037037037
154031,3141,176,3317,17.84659090909091
154036,2775,139,2914,19.964028776978417
154042,2348,68,2416,34.529411764705884
154049,3641,216,3857,16.85648148148148
154053,2014,343,2357,5.871720116618076
154059,3055,99,3154,30.858585858585855
154065,3556,172,3728,20.67441860465116
154067,2208,260,2468,8.492307692307692
154068,2050,50,2100,41.0
154083,2901,257,3158,11.287937743190662
154084,1069,338,1407,3.162721893491124
154086,3337,139,3476,24.00719424460432
154093,3690,303,3993,12.178217821782178
154094,2281,165,2446,13.824242424242424
154120,2934,174,3108,16.862068965517242
154127,3875,62,3937,62.5
154128,1530,102,1632,15.0
154130,2635,194,2829,13.582474226804123
154132,3033,121,3154,25.06611570247934
154136,3505,100,3605,35.05
154155,2436,149,2585,16.348993288590606
154162,2018,121,2139,16.677685950413224
154180,3376,278,3654,12.143884892086332
154181,2468,141,2609,17.50354609929078
154189,2484,202,2686,12.297029702970296
154192,3785,171,3956,22.13450292397661
154209,2518,180,2698,13.988888888888887
154212,1125,171,1296,6.578947368421052
154220,3721,303,4024,12.28052805280528
154229,3698,96,3794,38.520833333333336
154237,1507,123,1630,12.252032520325203
154243,1954,136,2090,14.367647058823527
154247,3799,161,3960,23.596273291925467
154266,2784,514,3298,5.416342412451362
154270,3767,179,3946,21.044692737430168
154273,3584,78,3662,45.94871794871795
154277,1265,2266,3531,0.558252427184466
154279,3649,109,3758,33.477064220183486
154288,2431,200,2631,12.155
154319,3537,47,3584,75.25531914893617
154324,1654,216,1870,7.657407407407407
154331,1853,99,1952,18.71717171717172
154334,3354,416,3770,8.0625
154340,881,30,911,29.366666666666667
154345,2209,150,2359,14.726666666666668
154349,3140,157,3297,20.0
154358,2180,100,2280,21.8
154374,3378,194,3572,17.412371134020617
154385,358,1975,2333,0.1812658227848101
154388,2803,46,2849,60.93478260869565
154392,2960,151,3111,19.60264900662252
154400,1547,76,1623,20.355263157894736
154411,2083,41,2124,50.80487804878049
154415,2834,178,3012,15.92134831460674
154427,3780,190,3970,19.894736842105264
154434,819,120,939,6.825
154439,1605,157,1762,10.222929936305732
154455,2151,51,2202,42.1764705882353
154460,3306,293,3599,11.283276450511943
154462,2108,156,2264,13.512820512820513
154471,3446,231,3677,14.917748917748918
154475,2931,72,3003,40.708333333333336
154481,2434,113,2547,21.53982300884956
154500,2204,243,2447,9.069958847736626
154505,570,1906,2476,0.2990556138509968
154509,3189,322,3511,9.903726708074537
154515,2634,103,2737,25.57281553398058
154516,2539,113,2652,22.469026548672566
154528,3875,157,4032,24.681528662420384
154547,3056,266,3322,11.48872180451128
154550,3262,180,3442,18.122222222222224
154558,3515,170,3685,20.676470588235293
154559,2867,249,3116,11.514056224899598
154561,2321,108,2429,21.49074074074074
154577,1712,258,1970,6.635658914728682
154579,3259,174,3433,18.729885057471265
154580,2626,208,2834,12.625
154591,2896,75,2971,38.61333333333334
154603,3362,244,3606,13.778688524590164
154605,2942,156,3098,18.85897435897436
154619,2969,222,3191,13.373873873873874
154621,1156,113,1269,10.230088495575222
154633,2516,156,2672,16.128205128205128
154641,3137,99,3236,31.68686868686869
154644,1821,35,1856,52.02857142857143
154658,2835,240,3075,11.8125
154664,1136,209,1345,5.435406698564593
154666,3150,70,3220,45.0
154671,1997,188,2185,10.622340425531917
154677,3273,191,3464,17.13612565445026
154680,2929,57,2986,51.3859649122807
154691,1578,179,1757,8.815642458100559
154700,2783,121,2904,23.0
154702,1285,197,1482,6.522842639593908
154726,347,3371,3718,0.1029368140017798
154739,3371,182,3553,18.521978021978025
154762,2269,213,2482,10.652582159624414
154765,3685,109,3794,33.80733944954128
154766,1700,220,1920,7.727272727272727
154773,3420,56,3476,61.07142857142857
154791,803,132,935,6.083333333333333
154793,2051,111,2162,18.47747747747748
154795,78,3622,3700,0.0215350635008282
154799,3166,153,3319,20.69281045751634
154805,2712,845,3557,3.2094674556213016
154822,1486,189,1675,7.862433862433862
154830,2952,154,3106,19.16883116883117
154832,2505,236,2741,10.614406779661016
154835,2937,328,3265,8.954268292682928
154859,3063,143,3206,21.41958041958042
154867,3721,96,3817,38.76041666666666
154878,1421,77,1498,18.454545454545453
154887,3065,181,3246,16.933701657458563
154894,2928,236,3164,12.40677966101695
154897,2560,146,2706,17.534246575342465
154900,1986,121,2107,16.41322314049587
154911,3531,452,3983,7.811946902654867
154915,2543,165,2708,15.412121212121212
154917,3547,131,3678,27.0763358778626
154929,2048,55,2103,37.23636363636364
154933,1816,379,2195,4.79155672823219
154946,3192,305,3497,10.465573770491805
154950,3032,64,3096,47.375
154952,3232,164,3396,19.70731707317073
154955,3235,126,3361,25.67460317460317
154964,2857,396,3253,7.214646464646464
154967,2936,104,3040,28.23076923076923
154973,3612,151,3763,23.920529801324506
154975,2377,94,2471,25.28723404255319
154977,1037,104,1141,9.971153846153848
154980,3649,149,3798,24.48993288590604
154988,1172,133,1305,8.81203007518797
154993,2572,208,2780,12.365384615384617
154996,3228,241,3469,13.394190871369297
155004,2040,69,2109,29.565217391304348
155008,2719,198,2917,13.732323232323232
155016,400,3090,3490,0.1294498381877022
155023,2896,286,3182,10.125874125874128
155029,2058,160,2218,12.8625
155030,1772,205,1977,8.64390243902439
155031,1647,147,1794,11.20408163265306
155044,2706,63,2769,42.95238095238095
155048,3726,259,3985,14.386100386100386
155049,1456,180,1636,8.088888888888889
155051,3426,135,3561,25.377777777777776
155055,3263,296,3559,11.02364864864865
155057,2641,152,2793,17.375
155063,2579,149,2728,17.308724832214764
155085,2772,297,3069,9.333333333333334
155091,1380,333,1713,4.144144144144144
155094,3277,293,3570,11.184300341296929
155097,2135,241,2376,8.858921161825727
155105,230,61,291,3.7704918032786887
155108,3641,156,3797,23.33974358974359
155109,2727,343,3070,7.950437317784257
155110,3626,216,3842,16.787037037037038
155115,2332,145,2477,16.082758620689656
155138,3578,230,3808,15.556521739130435
155139,1805,161,1966,11.211180124223604
155164,3245,208,3453,15.600961538461538
155165,3360,87,3447,38.62068965517241
155200,3337,163,3500,20.47239263803681
155216,2783,124,2907,22.443548387096776
155218,778,57,835,13.649122807017545
155221,2281,77,2358,29.623376623376625
155225,2863,298,3161,9.60738255033557
155231,2256,229,2485,9.851528384279476
155234,2064,82,2146,25.170731707317078
155237,1317,204,1521,6.455882352941177
155238,2899,128,3027,22.6484375
155245,2282,49,2331,46.57142857142857
155255,3089,63,3152,49.03174603174603
155257,1558,49,1607,31.79591836734694
155260,1905,112,2017,17.008928571428573
155268,2511,193,2704,13.010362694300518
155284,3678,138,3816,26.65217391304348
155285,3147,129,3276,24.3953488372093
155286,3762,196,3958,19.193877551020407
155289,2180,92,2272,23.695652173913043
155291,3234,199,3433,16.251256281407034
155297,2880,135,3015,21.33333333333333
155303,1046,2926,3972,0.3574846206425154
155309,1335,196,1531,6.811224489795919
155311,3185,270,3455,11.796296296296296
155312,3269,120,3389,27.241666666666667
155328,3393,339,3732,10.008849557522124
155329,926,239,1165,3.8744769874476983
155330,1875,143,2018,13.111888111888112
155347,1941,120,2061,16.175
155366,3199,113,3312,28.309734513274336
155371,2806,56,2862,50.10714285714285
155374,2862,117,2979,24.46153846153846
155375,2657,172,2829,15.44767441860465
155376,3950,92,4042,42.93478260869565
155383,1139,766,1905,1.4869451697127938
155384,3653,160,3813,22.83125
155407,1992,151,2143,13.19205298013245
155412,4035,58,4093,69.56896551724138
155417,1644,299,1943,5.498327759197324
155429,3726,226,3952,16.486725663716815
155453,3535,144,3679,24.54861111111111
155463,2926,74,3000,39.54054054054054
155464,3190,650,3840,4.907692307692308
155477,3019,818,3837,3.690709046454768
155478,1979,193,2172,10.253886010362692
155482,3029,146,3175,20.746575342465757
155486,490,18,508,27.22222222222222
155489,3600,239,3839,15.06276150627615
155497,3156,130,3286,24.27692307692308
155504,2740,217,2957,12.626728110599078
155508,3518,238,3756,14.781512605042018
155519,1756,103,1859,17.04854368932039
155522,3033,136,3169,22.301470588235293
155523,2343,185,2528,12.664864864864866
155535,3846,195,4041,19.723076923076924
155548,2980,129,3109,23.100775193798448
155553,3340,54,3394,61.851851851851855
155565,3687,306,3993,12.049019607843135
155566,3890,122,4012,31.885245901639344
155569,2070,175,2245,11.82857142857143
155574,2783,236,3019,11.792372881355933
155583,2715,57,2772,47.63157894736842
155591,2688,112,2800,24.0
155603,1241,2188,3429,0.5671846435100548
155607,3679,338,4017,10.884615384615383
155610,3400,364,3764,9.34065934065934
155614,3308,114,3422,29.017543859649123
155618,1619,136,1755,11.904411764705882
155635,3732,102,3834,36.588235294117645
155641,2980,82,3062,36.34146341463415
155646,1578,37,1615,42.648648648648646
155649,3019,271,3290,11.140221402214022
155659,1760,149,1909,11.812080536912752
155669,3530,150,3680,23.53333333333333
155671,3416,139,3555,24.575539568345324
155677,2918,113,3031,25.82300884955752
155683,3107,209,3316,14.866028708133973
155697,3696,184,3880,20.08695652173913
155704,3030,210,3240,14.428571428571429
155708,1545,23,1568,67.17391304347827
155709,1772,135,1907,13.125925925925928
155715,2202,429,2631,5.1328671328671325
155717,3030,82,3112,36.95121951219512
155731,3334,219,3553,15.223744292237445
155742,2051,384,2435,5.341145833333333
155761,3175,351,3526,9.045584045584045
155775,3722,119,3841,31.277310924369747
155777,3858,144,4002,26.791666666666668
155779,3934,117,4051,33.623931623931625
155788,2236,196,2432,11.408163265306122
155791,3371,201,3572,16.771144278606965
155794,3603,95,3698,37.92631578947368
155800,2614,198,2812,13.202020202020202
155803,3029,153,3182,19.797385620915037
155804,2901,308,3209,9.418831168831169
155808,2592,100,2692,25.92
155814,2592,238,2830,10.890756302521009
155815,2023,131,2154,15.442748091603054
155821,2363,144,2507,16.40972222222222
155832,2481,176,2657,14.096590909090908
155834,2348,179,2527,13.11731843575419
155840,3394,242,3636,14.024793388429751
155858,3795,143,3938,26.53846153846154
155859,1603,41,1644,39.09756097560975
155863,1992,187,2179,10.6524064171123
155864,3078,213,3291,14.450704225352112
155879,3138,371,3509,8.45822102425876
155884,2440,232,2672,10.517241379310343
155887,1966,193,2159,10.186528497409329
155894,3146,302,3448,10.417218543046358
155896,911,95,1006,9.589473684210526
155902,2667,103,2770,25.893203883495147
155906,3091,334,3425,9.254491017964073
155916,2286,312,2598,7.326923076923077
155936,3744,235,3979,15.93191489361702
155938,1690,145,1835,11.655172413793103
155943,3937,122,4059,32.27049180327869
155948,1577,113,1690,13.95575221238938
155957,1292,416,1708,3.105769230769231
155991,532,66,598,8.06060606060606
156010,2793,170,2963,16.429411764705883
156015,2041,130,2171,15.7
156028,3474,179,3653,19.40782122905028
156029,2954,241,3195,12.257261410788384
156053,3518,86,3604,40.906976744186046
156059,2726,201,2927,13.562189054726367
156061,2523,172,2695,14.668604651162791
156072,1432,192,1624,7.458333333333333
156073,1675,159,1834,10.534591194968554
156080,1561,90,1651,17.344444444444445
156085,2507,325,2832,7.713846153846154
156088,3541,257,3798,13.778210116731518
156097,3584,58,3642,61.793103448275865
156098,2550,157,2707,16.24203821656051
156101,269,78,347,3.448717948717949
156104,1089,2304,3393,0.47265625
156119,2436,255,2691,9.552941176470588
156127,908,253,1161,3.588932806324111
156132,3217,186,3403,17.295698924731184
156135,3799,37,3836,102.67567567567568
156148,2634,331,2965,7.957703927492447
156153,3694,355,4049,10.4056338028169
156155,2292,38,2330,60.31578947368421
156159,3427,151,3578,22.6953642384106
156178,753,2046,2799,0.3680351906158358
156187,3100,29,3129,106.89655172413794
156203,1378,148,1526,9.31081081081081
156213,790,148,938,5.337837837837838
156214,2855,64,2919,44.609375
156217,239,1254,1493,0.1905901116427432
156221,1421,64,1485,22.203125
156222,1517,77,1594,19.7012987012987
156223,1690,281,1971,6.01423487544484
156230,3838,251,4089,15.290836653386457
156246,2757,106,2863,26.00943396226415
156267,457,2613,3070,0.1748947569843092
156275,3739,176,3915,21.244318181818183
156278,3521,183,3704,19.240437158469945
156284,1521,151,1672,10.072847682119203
156301,1141,226,1367,5.048672566371682
156316,2232,114,2346,19.57894736842105
156319,1421,155,1576,9.167741935483871
156324,3146,83,3229,37.90361445783133
156326,2660,115,2775,23.130434782608692
156328,3491,179,3670,19.502793296089383
156330,1896,108,2004,17.555555555555557
156333,3477,315,3792,11.038095238095238
156346,2257,45,2302,50.15555555555556
156348,1545,260,1805,5.9423076923076925
156350,2729,90,2819,30.322222222222223
156352,3738,127,3865,29.433070866141733
156356,2917,94,3011,31.03191489361702
156378,3687,235,3922,15.68936170212766
156384,2176,96,2272,22.666666666666668
156399,2385,158,2543,15.09493670886076
156400,2081,155,2236,13.425806451612903
156415,2988,270,3258,11.066666666666666
156416,2910,155,3065,18.774193548387096
156428,1504,163,1667,9.226993865030677
156429,2377,302,2679,7.870860927152318
156430,2370,438,2808,5.410958904109589
156431,1617,158,1775,10.234177215189874
156433,2339,155,2494,15.09032258064516
156436,902,130,1032,6.938461538461539
156442,3051,527,3578,5.7893738140417454
156456,2144,216,2360,9.925925925925926
156464,1829,270,2099,6.774074074074074
156466,3605,142,3747,25.38732394366197
156468,2276,296,2572,7.689189189189189
156473,576,147,723,3.918367346938776
156476,2273,143,2416,15.895104895104897
156485,1777,220,1997,8.077272727272728
156497,3404,67,3471,50.80597014925373
156517,3369,181,3550,18.613259668508288
156526,2385,185,2570,12.891891891891891
156530,2259,91,2350,24.824175824175825
156539,2629,218,2847,12.059633027522937
156571,2775,244,3019,11.37295081967213
156574,3347,196,3543,17.0765306122449
156578,2847,225,3072,12.653333333333334
156586,1363,167,1530,8.161676646706587
156588,1109,359,1468,3.0891364902506964
156589,1,3649,3650,0.000274047684297
156596,1456,118,1574,12.33898305084746
156597,2585,187,2772,13.823529411764708
156599,2059,126,2185,16.341269841269842
156606,2920,243,3163,12.016460905349794
156621,2991,88,3079,33.98863636363637
156624,3397,386,3783,8.800518134715025
156625,3648,87,3735,41.93103448275862
156633,2968,423,3391,7.016548463356974
156640,3485,324,3809,10.756172839506172
156644,2489,249,2738,9.995983935742972
156646,3671,255,3926,14.39607843137255
156647,2201,74,2275,29.74324324324324
156649,2843,62,2905,45.854838709677416
156656,3503,78,3581,44.91025641025641
156669,971,185,1156,5.248648648648649
156672,2061,155,2216,13.296774193548387
156678,3758,85,3843,44.21176470588235
156682,3908,132,4040,29.60606060606061
156688,3097,147,3244,21.068027210884352
156695,2494,110,2604,22.672727272727272
156700,3495,159,3654,21.9811320754717
156703,2428,118,2546,20.57627118644068
156704,3956,102,4058,38.78431372549019
156705,645,107,752,6.02803738317757
156711,1512,65,1577,23.26153846153846
156726,2188,84,2272,26.047619047619047
156729,429,3023,3452,0.1419120079391333
156732,3038,179,3217,16.972067039106147
156739,534,168,702,3.1785714285714284
156751,3367,110,3477,30.60909090909091
156762,1157,274,1431,4.2226277372262775
156776,3291,395,3686,8.331645569620253
156788,2433,99,2532,24.57575757575757
156790,1927,78,2005,24.705128205128204
156798,2435,405,2840,6.012345679012346
156799,3807,162,3969,23.5
156807,2975,161,3136,18.47826086956522
156815,3524,60,3584,58.73333333333333
156831,1270,245,1515,5.183673469387755
156832,3583,65,3648,55.12307692307692
156843,2300,285,2585,8.070175438596491
156847,1872,146,2018,12.821917808219178
156851,2337,127,2464,18.401574803149607
156858,3255,270,3525,12.055555555555555
156861,3053,93,3146,32.82795698924731
156863,3128,306,3434,10.22222222222222
156865,2025,170,2195,11.911764705882351
156867,2712,110,2822,24.654545454545456
156868,1803,286,2089,6.304195804195804
156872,1218,180,1398,6.766666666666667
156874,3326,237,3563,14.033755274261605
156878,3159,142,3301,22.24647887323944
156893,2907,261,3168,11.137931034482758
156901,1540,308,1848,5.0
156906,1689,200,1889,8.445
156919,2820,245,3065,11.510204081632653
156920,3778,231,4009,16.354978354978353
156922,3268,197,3465,16.588832487309645
156932,489,30,519,16.3
156939,2739,180,2919,15.216666666666669
156942,3181,146,3327,21.78767123287671
156950,3641,171,3812,21.292397660818715
156963,2657,183,2840,14.519125683060109
156970,3314,254,3568,13.047244094488187
156973,2954,276,3230,10.702898550724637
156978,1983,175,2158,11.331428571428573
156993,2413,182,2595,13.25824175824176
157004,3756,234,3990,16.05128205128205
157011,2735,515,3250,5.310679611650485
157014,1372,367,1739,3.7384196185286105
157025,2309,243,2552,9.502057613168724
157038,3365,166,3531,20.2710843373494
157055,3423,319,3742,10.730407523510973
157060,3881,138,4019,28.1231884057971
157070,2483,219,2702,11.337899543378995
157072,727,260,987,2.796153846153846
157076,2708,74,2782,36.5945945945946
157085,3737,234,3971,15.97008547008547
157100,1963,141,2104,13.921985815602836
157118,1776,131,1907,13.557251908396946
157124,1758,183,1941,9.60655737704918
157126,3411,63,3474,54.142857142857146
157129,2824,607,3431,4.652388797364086
157130,3183,242,3425,13.152892561983473
157136,3706,124,3830,29.887096774193548
157143,2094,125,2219,16.752
157148,2171,184,2355,11.798913043478262
157153,2980,383,3363,7.780678851174935
157157,2325,136,2461,17.095588235294116
157158,3641,166,3807,21.933734939759034
157163,1172,82,1254,14.292682926829269
157171,3420,355,3775,9.633802816901408
157177,1670,151,1821,11.059602649006624
157193,3317,271,3588,12.239852398523984
157198,2620,70,2690,37.42857142857143
157215,2766,254,3020,10.88976377952756
157224,3506,227,3733,15.444933920704846
157225,914,238,1152,3.8403361344537816
157231,2592,270,2862,9.6
157232,1909,252,2161,7.575396825396825
157236,2160,131,2291,16.48854961832061
157241,2076,90,2166,23.066666666666663
157262,2106,189,2295,11.142857142857142
157264,2638,95,2733,27.768421052631577
157270,3731,82,3813,45.5
157278,2356,107,2463,22.01869158878505
157285,3510,539,4049,6.512059369202226
157288,2369,191,2560,12.403141361256544
157292,3321,246,3567,13.5
157311,3348,110,3458,30.43636363636364
157317,1042,588,1630,1.772108843537415
157323,2120,132,2252,16.060606060606062
157325,3782,132,3914,28.651515151515152
157326,2904,108,3012,26.88888888888889
157335,2356,226,2582,10.424778761061948
157336,1605,248,1853,6.471774193548387
157340,3415,34,3449,100.44117647058825
157342,1468,120,1588,12.233333333333333
157348,3310,157,3467,21.0828025477707
157353,3436,274,3710,12.54014598540146
157365,3390,107,3497,31.682242990654206
157373,3388,145,3533,23.36551724137931
157375,2050,74,2124,27.7027027027027
157398,2861,162,3023,17.660493827160494
157400,2326,54,2380,43.07407407407408
157405,3613,202,3815,17.886138613861387
157408,3257,159,3416,20.48427672955975
157426,621,247,868,2.51417004048583
157427,3227,493,3720,6.545638945233265
157435,2987,215,3202,13.893023255813954
157439,2858,174,3032,16.42528735632184
157440,1577,208,1785,7.581730769230769
157447,2272,147,2419,15.45578231292517
157449,3923,151,4074,25.980132450331126
157459,2482,170,2652,14.6
157469,3690,106,3796,34.81132075471698
157485,3321,175,3496,18.97714285714286
157486,2749,261,3010,10.53256704980843
157489,1696,151,1847,11.2317880794702
157499,2245,452,2697,4.966814159292035
157509,3149,54,3203,58.31481481481482
157517,2910,100,3010,29.1
157518,3482,108,3590,32.24074074074074
157521,56,3826,3882,0.014636696288552
157523,2763,86,2849,32.127906976744185
157524,1250,73,1323,17.123287671232877
157528,2360,149,2509,15.838926174496644
157541,2689,139,2828,19.3453237410072
157545,1487,327,1814,4.547400611620796
157551,3283,205,3488,16.014634146341464
157561,3726,178,3904,20.93258426966292
157562,1524,154,1678,9.896103896103895
157566,3722,169,3891,22.023668639053252
157580,3443,77,3520,44.71428571428572
157588,2636,263,2899,10.022813688212928
157590,2193,130,2323,16.869230769230768
157599,3615,147,3762,24.59183673469388
157610,1828,133,1961,13.74436090225564
157611,2045,223,2268,9.170403587443946
157637,3174,199,3373,15.949748743718592
157639,1520,94,1614,16.170212765957448
157646,1154,182,1336,6.34065934065934
157649,926,2952,3878,0.3136856368563686
157650,3552,129,3681,27.53488372093023
157654,2151,89,2240,24.168539325842698
157656,3782,136,3918,27.808823529411764
157667,2611,211,2822,12.374407582938389
157669,2774,115,2889,24.121739130434783
157672,3794,262,4056,14.48091603053435
157675,3832,165,3997,23.224242424242423
157676,3068,366,3434,8.382513661202186
157677,2807,195,3002,14.394871794871795
157678,2951,150,3101,19.67333333333333
157679,861,217,1078,3.967741935483871
157689,3838,229,4067,16.759825327510917
157694,2789,157,2946,17.764331210191084
157714,2177,70,2247,31.1
157721,2660,302,2962,8.80794701986755
157725,3275,55,3330,59.54545454545455
157728,3227,125,3352,25.816
157734,2529,273,2802,9.263736263736265
157745,1527,182,1709,8.39010989010989
157748,3620,127,3747,28.50393700787401
157754,3559,179,3738,19.88268156424581
157773,2886,105,2991,27.485714285714284
157778,2537,139,2676,18.25179856115108
157786,3232,175,3407,18.46857142857143
157798,2278,126,2404,18.07936507936508
157799,3103,330,3433,9.403030303030302
157813,2354,127,2481,18.53543307086614
157820,2825,185,3010,15.27027027027027
157822,3319,185,3504,17.94054054054054
157842,2632,89,2721,29.573033707865168
157860,3667,190,3857,19.3
157865,3508,104,3612,33.73076923076923
157870,1927,184,2111,10.472826086956522
157876,3985,108,4093,36.89814814814815
157877,2711,248,2959,10.931451612903226
157890,3195,37,3232,86.35135135135135
157896,1536,291,1827,5.278350515463917
157897,3016,61,3077,49.44262295081968
157904,2672,172,2844,15.534883720930232
157906,1304,158,1462,8.253164556962025
157909,3163,230,3393,13.752173913043478
157916,1853,402,2255,4.609452736318408
157925,1700,176,1876,9.659090909090908
157928,3904,77,3981,50.701298701298704
157945,3535,168,3703,21.041666666666668
157949,3649,235,3884,15.527659574468084
157950,2533,146,2679,17.34931506849315
157959,3839,103,3942,37.271844660194176
157964,2854,118,2972,24.1864406779661
157993,3526,141,3667,25.00709219858156
157995,2007,149,2156,13.46979865771812
157997,1946,154,2100,12.636363636363637
158004,3817,101,3918,37.79207920792079
158020,1932,295,2227,6.549152542372881
158028,984,240,1224,4.1
158031,2881,229,3110,12.580786026200874
158035,1060,3028,4088,0.3500660501981505
158042,2052,106,2158,19.358490566037737
158044,2846,96,2942,29.64583333333333
158045,3518,117,3635,30.068376068376068
158051,3455,239,3694,14.456066945606697
158052,2909,203,3112,14.330049261083744
158064,3727,122,3849,30.549180327868854
158078,1179,155,1334,7.606451612903226
158089,2170,119,2289,18.235294117647054
158090,2225,93,2318,23.9247311827957
158092,3882,102,3984,38.05882352941177
158094,1746,248,1994,7.040322580645161
158114,1733,74,1807,23.41891891891892
158115,3864,159,4023,24.30188679245283
158120,2674,67,2741,39.91044776119403
158122,1843,248,2091,7.431451612903226
158129,3277,725,4002,4.52
158134,3320,253,3573,13.122529644268775
158141,2462,105,2567,23.44761904761905
158142,1,662,663,0.0015105740181268
158156,2826,437,3263,6.466819221967963
158166,2393,177,2570,13.519774011299434
158169,3525,388,3913,9.085051546391751
158185,2681,256,2937,10.47265625
158188,3301,451,3752,7.319290465631929
158195,2331,137,2468,17.014598540145986
158230,1632,204,1836,8.0
158240,2052,370,2422,5.545945945945946
158241,2411,506,2917,4.764822134387352
158248,2021,203,2224,9.955665024630544
158252,1932,62,1994,31.161290322580644
158258,3320,147,3467,22.58503401360544
158273,2537,108,2645,23.49074074074074
158274,2521,100,2621,25.21
158288,3144,78,3222,40.30769230769231
158289,3399,131,3530,25.946564885496183
158294,3355,497,3852,6.750503018108652
158300,2771,161,2932,17.211180124223603
158307,3614,113,3727,31.98230088495575
158322,3774,269,4043,14.029739776951672
158324,2228,289,2517,7.709342560553633
158332,3421,216,3637,15.837962962962964
158350,3651,150,3801,24.34
158351,1634,109,1743,14.990825688073397
158360,1658,66,1724,25.12121212121212
158363,1920,163,2083,11.779141104294478
158369,1693,396,2089,4.275252525252525
158370,2737,506,3243,5.409090909090909
158372,1768,61,1829,28.983606557377048
158376,2477,323,2800,7.6687306501547985
158387,3703,167,3870,22.17365269461078
158396,3045,400,3445,7.6125
158400,3297,191,3488,17.26178010471204
158401,1753,84,1837,20.86904761904762
158402,2221,1310,3531,1.6954198473282442
158406,1843,160,2003,11.51875
158416,1624,107,1731,15.177570093457945
158424,1537,94,1631,16.351063829787233
158425,3957,125,4082,31.656
158428,2776,175,2951,15.862857142857145
158432,802,266,1068,3.0150375939849625
158449,2900,89,2989,32.58426966292135
158450,3507,182,3689,19.26923076923077
158452,2329,232,2561,10.038793103448276
158454,2464,72,2536,34.22222222222222
158482,2441,194,2635,12.582474226804123
158485,2432,93,2525,26.150537634408604
158487,3419,161,3580,21.236024844720497
158488,2620,222,2842,11.8018018018018
158508,3100,241,3341,12.863070539419088
158513,3363,100,3463,33.63
158516,2709,92,2801,29.445652173913043
158523,3395,142,3537,23.908450704225352
158539,3296,100,3396,32.96
158540,2448,78,2526,31.384615384615383
158541,1420,158,1578,8.987341772151899
158543,3289,187,3476,17.58823529411765
158547,3729,172,3901,21.680232558139537
158550,2219,511,2730,4.342465753424658
158552,3726,63,3789,59.142857142857146
158556,3158,116,3274,27.224137931034484
158574,3277,139,3416,23.575539568345324
158582,1448,71,1519,20.3943661971831
158603,2788,259,3047,10.764478764478763
158604,2800,110,2910,25.454545454545453
158605,1077,446,1523,2.414798206278027
158607,2747,198,2945,13.873737373737374
158617,2732,334,3066,8.179640718562874
158619,889,3022,3911,0.2941760423560556
158620,3026,90,3116,33.62222222222222
158629,3962,115,4077,34.45217391304348
158650,3160,177,3337,17.853107344632768
158657,3632,183,3815,19.846994535519126
158684,3212,120,3332,26.766666666666666
158695,3344,46,3390,72.69565217391305
158699,4001,31,4032,129.06451612903226
158713,3524,221,3745,15.945701357466064
158726,3367,265,3632,12.705660377358493
158728,3308,55,3363,60.14545454545455
158729,942,159,1101,5.9245283018867925
158734,2323,172,2495,13.505813953488373
158758,2312,81,2393,28.54320987654321
158759,3004,289,3293,10.39446366782007
158760,3353,190,3543,17.647368421052633
158766,3362,172,3534,19.546511627906977
158781,2350,364,2714,6.456043956043956
158790,872,167,1039,5.221556886227545
158792,2575,220,2795,11.704545454545457
158799,3694,312,4006,11.83974358974359
158820,1742,288,2030,6.048611111111111
158821,3279,220,3499,14.904545454545454
158825,3807,107,3914,35.57943925233645
158829,719,202,921,3.5594059405940595
158835,3325,100,3425,33.25
158849,2348,96,2444,24.45833333333333
158860,3512,255,3767,13.772549019607844
158869,2036,55,2091,37.018181818181816
158872,1939,344,2283,5.636627906976744
158873,2150,213,2363,10.093896713615024
158876,2878,71,2949,40.53521126760563
158879,2797,329,3126,8.501519756838906
158882,3201,128,3329,25.0078125
158890,2705,55,2760,49.18181818181818
158891,2434,572,3006,4.255244755244755
158895,3337,242,3579,13.789256198347108
158899,2527,204,2731,12.387254901960784
158901,2268,413,2681,5.491525423728813
158913,1352,111,1463,12.18018018018018
158918,3896,155,4051,25.135483870967743
158923,2651,130,2781,20.392307692307693
158925,2356,124,2480,19.0
158927,1298,55,1353,23.6
158941,1526,246,1772,6.203252032520325
158947,3349,174,3523,19.24712643678161
158951,2594,77,2671,33.688311688311686
158957,3089,151,3240,20.456953642384107
158975,1994,461,2455,4.325379609544469
158981,1806,263,2069,6.866920152091255
158983,3018,127,3145,23.763779527559056
159000,1645,244,1889,6.741803278688525
159007,3062,109,3171,28.091743119266056
159018,1713,214,1927,8.004672897196262
159030,2672,454,3126,5.88546255506608
159031,2181,122,2303,17.87704918032787
159043,2855,142,2997,20.1056338028169
159047,2331,101,2432,23.07920792079208
159048,3795,232,4027,16.357758620689655
159062,1904,250,2154,7.616
159075,2549,151,2700,16.880794701986755
159084,2539,290,2829,8.755172413793103
159093,3910,82,3992,47.68292682926829
159094,1938,277,2215,6.996389891696751
159100,3531,163,3694,21.66257668711657
159106,2609,395,3004,6.60506329113924
159108,3321,196,3517,16.943877551020407
159109,1413,164,1577,8.615853658536585
159114,700,624,1324,1.1217948717948718
159122,3790,112,3902,33.839285714285715
159127,1795,117,1912,15.341880341880342
159130,2981,240,3221,12.420833333333333
159135,2265,68,2333,33.30882352941177
159140,2022,158,2180,12.79746835443038
159155,1895,162,2057,11.697530864197532
159161,2334,223,2557,10.466367713004484
159162,1191,234,1425,5.089743589743589
159171,3294,122,3416,27.0
159172,2371,102,2473,23.245098039215687
159174,2782,120,2902,23.183333333333334
159179,2014,414,2428,4.8647342995169085
159181,2194,176,2370,12.465909090909092
159188,2157,335,2492,6.438805970149254
159201,3398,115,3513,29.547826086956523
159211,2271,190,2461,11.952631578947368
159212,1390,184,1574,7.554347826086956
159237,2770,80,2850,34.625
159243,1765,218,1983,8.096330275229358
159245,910,693,1603,1.3131313131313131
159248,1724,607,2331,2.8401976935749587
159251,1588,254,1842,6.251968503937008
159255,1740,58,1798,30.0
159291,2288,117,2405,19.55555555555556
159294,3325,192,3517,17.317708333333332
159301,3178,147,3325,21.61904761904762
159306,2325,136,2461,17.095588235294116
159315,2396,282,2678,8.49645390070922
159317,3239,206,3445,15.723300970873789
159321,3768,91,3859,41.40659340659341
159322,2119,348,2467,6.089080459770115
159332,3450,240,3690,14.375
159334,3174,171,3345,18.56140350877193
159338,3458,104,3562,33.25
159339,2755,79,2834,34.87341772151899
159343,2187,162,2349,13.5
159356,3772,197,3969,19.14720812182741
159381,2219,364,2583,6.096153846153846
159384,1000,83,1083,12.048192771084338
159386,3523,125,3648,28.184
159387,3153,340,3493,9.273529411764706
159391,2992,246,3238,12.16260162601626
159393,1935,128,2063,15.1171875
159420,1026,342,1368,3.0
159425,1889,49,1938,38.55102040816327
159426,141,2495,2636,0.0565130260521042
159438,3873,92,3965,42.09782608695652
159451,3443,108,3551,31.87962962962963
159455,2810,254,3064,11.062992125984252
159460,462,83,545,5.566265060240964
159463,3583,304,3887,11.786184210526317
159474,3450,104,3554,33.17307692307692
159479,3250,198,3448,16.414141414141415
159482,2814,95,2909,29.621052631578948
159492,2745,214,2959,12.82710280373832
159499,693,102,795,6.794117647058823
159503,3175,211,3386,15.04739336492891
159509,3852,237,4089,16.253164556962027
159511,3238,114,3352,28.403508771929825
159515,3017,329,3346,9.170212765957446
159525,2408,84,2492,28.666666666666668
159526,2543,162,2705,15.697530864197532
159535,2364,191,2555,12.37696335078534
159546,3387,59,3446,57.40677966101695
159549,2164,172,2336,12.581395348837209
159553,2171,290,2461,7.4862068965517246
159573,2344,76,2420,30.84210526315789
159578,3581,139,3720,25.762589928057555
159580,1163,70,1233,16.614285714285714
159604,3863,201,4064,19.218905472636816
159605,3363,233,3596,14.433476394849786
159607,2728,218,2946,12.513761467889909
159609,2407,199,2606,12.095477386934672
159612,1452,243,1695,5.9753086419753085
159615,1752,390,2142,4.492307692307692
159626,2812,141,2953,19.94326241134752
159631,2489,299,2788,8.324414715719064
159633,1535,151,1686,10.165562913907284
159642,2730,252,2982,10.833333333333334
159653,3841,195,4036,19.6974358974359
159654,2549,143,2692,17.825174825174827
159660,2148,95,2243,22.610526315789475
159661,3703,80,3783,46.2875
159672,3523,144,3667,24.46527777777778
159673,2567,249,2816,10.309236947791163
159678,3830,100,3930,38.3
159681,2771,257,3028,10.782101167315176
159697,2457,195,2652,12.6
159714,3715,200,3915,18.575
159716,1733,26,1759,66.65384615384616
159729,2078,91,2169,22.83516483516484
159736,3705,355,4060,10.43661971830986
159744,1575,114,1689,13.81578947368421
159745,1291,147,1438,8.782312925170068
159754,3735,107,3842,34.90654205607477
159768,1465,203,1668,7.216748768472907
159772,1829,73,1902,25.054794520547944
159773,2263,181,2444,12.502762430939226
159781,3649,234,3883,15.594017094017094
159782,2214,230,2444,9.62608695652174
159787,2163,521,2684,4.151631477927063
159791,2748,112,2860,24.535714285714285
159792,3168,142,3310,22.309859154929576
159796,2878,349,3227,8.246418338108883
159802,2427,237,2664,10.240506329113924
159815,3505,155,3660,22.61290322580645
159826,3871,161,4032,24.043478260869566
159830,2541,196,2737,12.964285714285714
159834,4006,82,4088,48.85365853658536
159843,1996,124,2120,16.096774193548388
159854,2792,172,2964,16.232558139534884
159860,3559,114,3673,31.219298245614038
159875,3521,246,3767,14.3130081300813
159876,1789,242,2031,7.392561983471074
159882,3023,120,3143,25.191666666666663
159884,3718,86,3804,43.23255813953488
159886,3315,176,3491,18.835227272727277
159888,309,416,725,0.7427884615384616
159895,13,3812,3825,0.0034102833158447
159900,3622,154,3776,23.51948051948052
159904,2238,148,2386,15.12162162162162
159914,2941,116,3057,25.353448275862068
159943,2916,73,2989,39.945205479452056
159950,2790,200,2990,13.95
159961,1501,87,1588,17.25287356321839
159970,3669,291,3960,12.608247422680412
159978,2043,273,2316,7.483516483516484
160000,2361,277,2638,8.52346570397112
160002,3033,270,3303,11.233333333333333
160010,2553,107,2660,23.85981308411215
160012,2535,235,2770,10.787234042553193
160016,3246,269,3515,12.066914498141264
160017,2510,270,2780,9.296296296296296
160019,3287,275,3562,11.952727272727271
160025,2463,53,2516,46.471698113207545
160031,4003,18,4021,222.38888888888889
160062,1957,196,2153,9.98469387755102
160073,1670,153,1823,10.915032679738562
160074,1910,215,2125,8.883720930232558
160077,3154,198,3352,15.929292929292927
160081,3725,146,3871,25.513698630136982
160098,2940,101,3041,29.10891089108911
160102,3670,114,3784,32.19298245614035
160109,2274,202,2476,11.257425742574258
160112,1568,145,1713,10.813793103448276
160114,2925,124,3049,23.58870967741936
160117,1900,116,2016,16.379310344827587
160121,3611,131,3742,27.564885496183205
160130,1836,98,1934,18.73469387755102
160139,302,54,356,5.592592592592593
160146,1617,160,1777,10.10625
160157,3907,142,4049,27.51408450704225
160160,2122,178,2300,11.92134831460674
160165,2615,139,2754,18.81294964028777
160171,1901,97,1998,19.5979381443299
160179,3378,151,3529,22.37086092715232
160203,1729,216,1945,8.00462962962963
160209,2303,148,2451,15.56081081081081
160215,1021,118,1139,8.652542372881356
160217,708,55,763,12.872727272727271
160233,3630,173,3803,20.982658959537574
160234,927,126,1053,7.357142857142857
160237,3156,191,3347,16.523560209424083
160238,3555,251,3806,14.163346613545816
160239,2472,290,2762,8.524137931034483
160254,3040,102,3142,29.80392156862745
160258,2100,182,2282,11.538461538461538
160267,3587,70,3657,51.24285714285714
160269,2297,25,2322,91.88
160273,2975,99,3074,30.05050505050505
160280,3468,167,3635,20.766467065868262
160299,2671,819,3490,3.2612942612942613
160305,3518,264,3782,13.325757575757576
160306,3835,222,4057,17.274774774774773
160317,2696,167,2863,16.143712574850298
160320,1106,107,1213,10.336448598130842
160321,3851,121,3972,31.826446280991732
160332,2967,165,3132,17.98181818181818
160340,3298,248,3546,13.298387096774194
160345,2502,548,3050,4.565693430656935
160355,2566,184,2750,13.945652173913045
160362,3654,223,3877,16.385650224215247
160365,1666,89,1755,18.719101123595507
160370,2781,166,2947,16.753012048192772
160377,2772,426,3198,6.507042253521127
160385,1589,72,1661,22.069444444444443
160401,1916,299,2215,6.408026755852843
160411,3499,137,3636,25.54014598540146
160415,2026,209,2235,9.69377990430622
160431,2794,269,3063,10.386617100371748
160432,2551,150,2701,17.006666666666668
160437,1724,114,1838,15.12280701754386
160451,3445,112,3557,30.758928571428573
160457,1112,274,1386,4.0583941605839415
160460,2743,103,2846,26.631067961165048
160461,3057,238,3295,12.844537815126053
160462,3796,100,3896,37.96
160490,2366,174,2540,13.597701149425289
160498,3650,171,3821,21.34502923976608
160499,3327,215,3542,15.474418604651165
160504,1111,1836,2947,0.605119825708061
160509,161,1751,1912,0.0919474585950885
160512,2830,93,2923,30.43010752688172
160516,2931,101,3032,29.019801980198014
160520,3698,218,3916,16.96330275229358
160524,2053,131,2184,15.67175572519084
160531,3595,218,3813,16.490825688073393
160534,3889,91,3980,42.73626373626374
160543,2684,162,2846,16.567901234567902
160554,3649,202,3851,18.064356435643564
160555,3178,149,3327,21.328859060402685
160556,1573,245,1818,6.420408163265306
160558,2959,160,3119,18.49375
160559,3207,79,3286,40.59493670886076
160561,2120,253,2373,8.379446640316205
160567,1583,260,1843,6.088461538461538
160568,3592,238,3830,15.092436974789916
160570,2503,235,2738,10.651063829787232
160572,3019,186,3205,16.231182795698924
160576,3470,326,3796,10.644171779141104
160587,3149,471,3620,6.685774946921444
160588,2763,116,2879,23.81896551724138
160590,168,1678,1846,0.100119189511323
160604,2104,159,2263,13.232704402515724
160610,2016,175,2191,11.52
160627,3035,124,3159,24.475806451612904
160639,2328,237,2565,9.822784810126585
160642,3628,241,3869,15.053941908713693
160655,2217,131,2348,16.923664122137403
160663,3955,118,4073,33.516949152542374
160664,1859,62,1921,29.983870967741936
160677,2596,222,2818,11.693693693693694
160689,3848,100,3948,38.48
160697,3731,253,3984,14.74703557312253
160700,1,2048,2049,0.00048828125
160701,2508,147,2655,17.06122448979592
160707,3290,243,3533,13.539094650205762
160716,3946,98,4044,40.265306122448976
160731,1936,152,2088,12.736842105263158
160732,3039,371,3410,8.191374663072777
160745,1485,211,1696,7.037914691943128
160762,2841,117,2958,24.28205128205128
160766,805,124,929,6.491935483870968
160776,3779,193,3972,19.58031088082901
160779,2733,53,2786,51.56603773584906
160781,3157,203,3360,15.551724137931034
160786,1905,373,2278,5.107238605898123
160791,3710,32,3742,115.9375
160821,2334,112,2446,20.839285714285715
160843,1429,148,1577,9.655405405405403
160850,1876,57,1933,32.91228070175438
160864,3337,103,3440,32.398058252427184
160868,2996,86,3082,34.83720930232558
160872,3911,124,4035,31.54032258064516
160877,3635,92,3727,39.51086956521739
160882,3530,51,3581,69.2156862745098
160883,3050,140,3190,21.785714285714285
160892,2400,251,2651,9.56175298804781
160893,1114,123,1237,9.05691056910569
160927,2210,245,2455,9.020408163265309
160931,3822,184,4006,20.77173913043478
160942,2574,262,2836,9.82442748091603
160943,2336,177,2513,13.19774011299435
160960,2623,54,2677,48.57407407407408
160973,970,94,1064,10.319148936170214
160975,3894,184,4078,21.16304347826087
160980,3405,205,3610,16.609756097560975
160992,2688,224,2912,12.0
160993,3112,57,3169,54.59649122807018
161003,1679,88,1767,19.079545454545453
161006,3648,332,3980,10.987951807228916
161011,2370,115,2485,20.608695652173918
161014,3085,92,3177,33.53260869565217
161030,1534,188,1722,8.159574468085106
161035,2253,275,2528,8.192727272727273
161041,2652,204,2856,13.0
161047,2035,345,2380,5.898550724637682
161048,3787,194,3981,19.52061855670103
161062,3344,737,4081,4.537313432835821
161067,1307,649,1956,2.0138674884437595
161071,953,71,1024,13.422535211267606
161075,1383,214,1597,6.462616822429907
161087,2245,97,2342,23.144329896907216
161096,2573,218,2791,11.80275229357798
161113,3583,230,3813,15.578260869565218
161133,2153,216,2369,9.967592592592592
161135,1510,116,1626,13.017241379310343
161137,2448,58,2506,42.206896551724135
161153,3380,143,3523,23.63636363636364
161157,3679,136,3815,27.051470588235293
161161,2927,374,3301,7.82620320855615
161180,1786,134,1920,13.328358208955224
161191,2555,72,2627,35.486111111111114
161195,3465,186,3651,18.62903225806452
161198,2776,255,3031,10.886274509803922
161203,43,2761,2804,0.015574067366896
161208,737,3124,3861,0.2359154929577464
161210,3567,361,3928,9.880886426592795
161215,2866,89,2955,32.20224719101124
161232,1266,90,1356,14.066666666666666
161247,3066,159,3225,19.28301886792453
161269,3113,147,3260,21.17687074829932
161274,3386,262,3648,12.923664122137405
161280,3599,422,4021,8.528436018957345
161284,3118,136,3254,22.926470588235293
161288,1675,281,1956,5.960854092526691
161295,1481,117,1598,12.658119658119658
161296,3411,97,3508,35.16494845360825
161301,3958,82,4040,48.26829268292683
161315,2664,120,2784,22.2
161316,2778,50,2828,55.56
161337,3193,95,3288,33.61052631578947
161344,2784,107,2891,26.01869158878505
161352,3374,79,3453,42.70886075949367
161354,2212,90,2302,24.57777777777778
161359,2202,151,2353,14.582781456953642
161362,2521,348,2869,7.244252873563219
161381,3613,179,3792,20.18435754189944
161384,2680,176,2856,15.227272727272728
161386,2965,213,3178,13.92018779342723
161391,1985,80,2065,24.8125
161393,1100,136,1236,8.088235294117647
161406,3646,279,3925,13.06810035842294
161419,3116,396,3512,7.868686868686868
161424,3256,182,3438,17.89010989010989
161428,3976,73,4049,54.465753424657535
161450,3635,297,3932,12.23905723905724
161455,2586,167,2753,15.48502994011976
161465,3107,194,3301,16.015463917525775
161482,2686,125,2811,21.488
161484,3375,74,3449,45.608108108108105
161487,1880,158,2038,11.89873417721519
161500,2002,186,2188,10.763440860215054
161505,1956,188,2144,10.404255319148936
161511,2086,156,2242,13.371794871794872
161513,2880,149,3029,19.328859060402685
161521,3568,152,3720,23.473684210526315
161526,3833,113,3946,33.92035398230089
161530,2384,187,2571,12.748663101604278
161541,2414,163,2577,14.809815950920246
161551,2729,166,2895,16.43975903614458
161557,259,1111,1370,0.2331233123312331
161574,2166,354,2520,6.11864406779661
161577,2277,243,2520,9.37037037037037
161578,2890,117,3007,24.700854700854705
161586,2724,79,2803,34.48101265822785
161595,1990,157,2147,12.67515923566879
161600,3577,452,4029,7.913716814159292
161610,3579,268,3847,13.3544776119403
161611,3534,210,3744,16.82857142857143
161613,2623,67,2690,39.149253731343286
161621,2349,234,2583,10.038461538461538
161642,2149,101,2250,21.27722772277228
161646,3179,129,3308,24.643410852713178
161661,3335,188,3523,17.73936170212766
161662,3688,192,3880,19.20833333333333
161664,2755,428,3183,6.436915887850467
161667,1854,89,1943,20.831460674157302
161668,2960,113,3073,26.194690265486727
161675,1915,201,2116,9.527363184079602
161687,3938,130,4068,30.29230769230769
161690,1050,206,1256,5.097087378640777
161693,191,3548,3739,0.0538331454340473
161713,2996,177,3173,16.926553672316384
161731,3572,302,3874,11.827814569536423
161745,1638,177,1815,9.254237288135592
161781,1552,112,1664,13.857142857142858
161782,3251,353,3604,9.209631728045323
161783,396,157,553,2.522292993630573
161798,1887,323,2210,5.842105263157895
161805,2356,157,2513,15.006369426751592
161813,1524,144,1668,10.583333333333334
161817,2898,188,3086,15.414893617021276
161819,2186,255,2441,8.572549019607843
161824,3900,151,4051,25.827814569536425
161833,2974,93,3067,31.978494623655912
161843,2045,256,2301,7.98828125
161854,2823,463,3286,6.09719222462203
161857,2669,67,2736,39.83582089552239
161859,3522,167,3689,21.08982035928144
161861,3359,145,3504,23.16551724137931
161864,1923,263,2186,7.311787072243346
161868,1553,88,1641,17.647727272727273
161871,1031,84,1115,12.273809523809524
161883,3904,87,3991,44.87356321839081
161889,2165,172,2337,12.58720930232558
161900,3259,226,3485,14.420353982300885
161906,1415,1863,3278,0.7595276435856146
161910,3746,207,3953,18.096618357487923
161921,2822,124,2946,22.758064516129032
161924,3690,154,3844,23.96103896103896
161925,2584,176,2760,14.681818181818182
161933,3550,237,3787,14.978902953586498
161934,2722,203,2925,13.408866995073891
161942,2972,138,3110,21.536231884057973
161943,477,209,686,2.2822966507177034
161947,2857,127,2984,22.496062992125985
161951,2363,273,2636,8.655677655677655
161955,3431,207,3638,16.57487922705314
161967,896,2822,3718,0.3175053153791637
161977,763,71,834,10.746478873239436
161979,3673,201,3874,18.27363184079602
161982,2426,154,2580,15.753246753246753
161993,3328,222,3550,14.99099099099099
161995,3355,171,3526,19.619883040935672
162011,2481,217,2698,11.433179723502304
162014,2302,88,2390,26.15909090909091
162022,3821,134,3955,28.51492537313433
162043,3115,664,3779,4.691265060240964
162049,2232,182,2414,12.263736263736265
162058,2397,110,2507,21.79090909090909
162064,1931,242,2173,7.979338842975206
162069,3287,343,3630,9.583090379008746
162082,3201,135,3336,23.711111111111112
162091,3165,205,3370,15.439024390243905
162103,2760,230,2990,12.0
162105,2871,202,3073,14.212871287128714
162114,3715,225,3940,16.511111111111113
162117,3080,105,3185,29.33333333333333
162148,1422,161,1583,8.832298136645962
162152,1156,361,1517,3.2022160664819945
162153,1519,311,1830,4.884244372990354
162157,3702,257,3959,14.40466926070039
162160,2164,70,2234,30.914285714285715
162181,2071,35,2106,59.17142857142857
162182,2141,166,2307,12.897590361445785
162190,2620,278,2898,9.424460431654676
162191,3656,268,3924,13.64179104477612
162198,2400,97,2497,24.742268041237114
162201,2002,184,2186,10.880434782608695
162210,1051,159,1210,6.610062893081761
162214,1266,154,1420,8.220779220779221
162220,726,139,865,5.223021582733813
162231,3510,162,3672,21.666666666666668
162235,2569,203,2772,12.655172413793103
162236,1757,159,1916,11.050314465408803
162256,2596,406,3002,6.394088669950739
162258,3794,157,3951,24.1656050955414
162259,1960,143,2103,13.706293706293708
162267,3110,129,3239,24.108527131782942
162268,3719,112,3831,33.205357142857146
162287,1423,307,1730,4.635179153094462
162290,3339,240,3579,13.9125
162296,3282,190,3472,17.273684210526316
162297,3854,89,3943,43.30337078651685
162304,2363,83,2446,28.46987951807229
162313,3311,191,3502,17.335078534031414
162316,2178,90,2268,24.2
162318,3259,124,3383,26.282258064516128
162322,2929,132,3061,22.189393939393938
162329,2811,267,3078,10.52808988764045
162332,2428,125,2553,19.424
162339,817,126,943,6.484126984126984
162341,2741,62,2803,44.20967741935484
162344,3806,188,3994,20.24468085106383
162358,1145,238,1383,4.810924369747899
162361,3061,162,3223,18.895061728395063
162366,1273,115,1388,11.069565217391304
162371,3609,342,3951,10.552631578947368
162375,1586,131,1717,12.106870229007631
162378,950,81,1031,11.728395061728396
162390,2097,63,2160,33.285714285714285
162391,2447,474,2921,5.162447257383966
162406,3260,167,3427,19.520958083832337
162407,3658,116,3774,31.53448275862069
162411,398,3657,4055,0.1088323762646978
162415,2977,112,3089,26.580357142857142
162418,2879,359,3238,8.01949860724234
162424,3239,317,3556,10.217665615141955
162431,3203,138,3341,23.21014492753623
162436,1826,101,1927,18.07920792079208
162451,1558,135,1693,11.54074074074074
162455,2501,671,3172,3.727272727272727
162464,1809,147,1956,12.306122448979592
162467,2135,159,2294,13.427672955974844
162475,2802,155,2957,18.07741935483871
162483,1533,208,1741,7.3701923076923075
162485,2897,195,3092,14.856410256410255
162487,3317,164,3481,20.22560975609756
162503,3561,103,3664,34.57281553398058
162506,2073,76,2149,27.276315789473685
162531,2427,105,2532,23.114285714285717
162539,3584,52,3636,68.92307692307692
162542,3621,233,3854,15.54077253218884
162564,2472,131,2603,18.870229007633583
162572,3735,266,4001,14.041353383458649
162580,1147,152,1299,7.546052631578948
162587,277,282,559,0.9822695035460992
162590,3298,173,3471,19.063583815028903
162591,30,2646,2676,0.0113378684807256
162602,3495,219,3714,15.95890410958904
162618,3921,98,4019,40.01020408163265
162622,2605,283,2888,9.20494699646643
162627,2784,51,2835,54.588235294117645
162637,2265,63,2328,35.95238095238095
162641,2184,476,2660,4.588235294117647
162644,3922,170,4092,23.07058823529412
162646,3570,143,3713,24.965034965034967
162650,3808,55,3863,69.23636363636363
162652,3717,329,4046,11.297872340425531
162654,2388,145,2533,16.46896551724138
162665,911,254,1165,3.5866141732283463
162688,3755,78,3833,48.14102564102564
162690,3657,141,3798,25.93617021276596
162696,3830,166,3996,23.072289156626507
162698,3728,251,3979,14.852589641434262
162706,667,3183,3850,0.2095507382972039
162717,3690,108,3798,34.166666666666664
162735,3433,327,3760,10.498470948012232
162751,1584,423,2007,3.74468085106383
162752,3344,303,3647,11.036303630363037
162754,1616,140,1756,11.542857142857144
162759,1586,354,1940,4.480225988700565
162773,3468,231,3699,15.012987012987011
162796,1212,85,1297,14.258823529411766
162828,3641,229,3870,15.899563318777291
162829,3772,194,3966,19.443298969072163
162830,60,2868,2928,0.0209205020920502
162836,1661,283,1944,5.869257950530035
162846,1325,80,1405,16.5625
162855,2243,100,2343,22.43
162857,1316,2635,3951,0.4994307400379507
162866,1907,185,2092,10.308108108108108
162868,25,1026,1051,0.0243664717348927
162870,3058,99,3157,30.88888888888889
162877,2468,101,2569,24.43564356435644
162884,3493,190,3683,18.38421052631579
162885,3384,249,3633,13.590361445783133
162886,2800,235,3035,11.914893617021276
162897,2763,74,2837,37.33783783783784
162906,2961,148,3109,20.00675675675676
162912,1318,271,1589,4.863468634686347
162922,2446,68,2514,35.97058823529412
162925,3523,253,3776,13.924901185770752
162933,2624,175,2799,14.994285714285716
162934,3145,208,3353,15.120192307692308
162937,2814,253,3067,11.122529644268775
162943,2507,138,2645,18.166666666666668
162951,3387,215,3602,15.753488372093024
162952,1318,350,1668,3.7657142857142856
162956,2054,329,2383,6.243161094224924
162961,1865,169,2034,11.03550295857988
162969,4013,81,4094,49.54320987654321
162980,3375,232,3607,14.547413793103448
162982,3113,132,3245,23.58333333333333
162994,2310,290,2600,7.9655172413793105
162995,2084,114,2198,18.28070175438597
163025,3572,123,3695,29.040650406504064
163026,3439,62,3501,55.46774193548387
163029,3243,516,3759,6.284883720930233
163041,664,261,925,2.5440613026819925
163057,2728,240,2968,11.366666666666667
163061,3380,208,3588,16.25
163065,2491,201,2692,12.393034825870648
163069,3048,127,3175,24.0
163071,83,90,173,0.9222222222222224
163076,3365,137,3502,24.56204379562044
163077,1741,116,1857,15.008620689655173
163080,3340,96,3436,34.791666666666664
163082,3521,118,3639,29.838983050847457
163088,3652,181,3833,20.176795580110497
163100,3141,186,3327,16.887096774193548
163101,1486,102,1588,14.568627450980392
163113,264,2747,3011,0.0961048416454313
163119,3282,132,3414,24.863636363636363
163123,1315,212,1527,6.202830188679245
163131,1394,463,1857,3.010799136069114
163148,1496,230,1726,6.504347826086956
163153,2781,304,3085,9.148026315789474
163171,526,147,673,3.578231292517007
163180,3993,92,4085,43.40217391304348
163183,3840,137,3977,28.02919708029197
163188,3045,102,3147,29.852941176470587
163194,3186,189,3375,16.857142857142858
163198,3645,270,3915,13.5
163222,3032,83,3115,36.53012048192771
163232,1688,179,1867,9.430167597765363
163238,1969,297,2266,6.62962962962963
163247,1474,158,1632,9.329113924050631
163268,2383,392,2775,6.079081632653061
163269,1713,471,2184,3.636942675159236
163273,2248,306,2554,7.34640522875817
163306,3116,110,3226,28.327272727272728
163325,1565,57,1622,27.45614035087719
163337,3026,245,3271,12.351020408163263
163338,1565,921,2486,1.6992399565689469
163343,2644,95,2739,27.83157894736842
163348,2263,320,2583,7.071875
163363,2299,183,2482,12.562841530054644
163368,3742,339,4081,11.03834808259587
163375,2470,363,2833,6.804407713498622
163376,3731,126,3857,29.61111111111111
163377,1670,146,1816,11.438356164383562
163379,2432,406,2838,5.990147783251231
163383,2252,222,2474,10.144144144144144
163386,2563,71,2634,36.098591549295776
163394,3065,88,3153,34.82954545454545
163400,3847,91,3938,42.27472527472528
163439,2351,234,2585,10.047008547008549
163441,2936,120,3056,24.466666666666665
163466,1866,158,2024,11.810126582278482
163470,853,402,1255,2.121890547263681
163478,2078,144,2222,14.430555555555555
163489,1542,308,1850,5.0064935064935066
163502,3418,512,3930,6.67578125
163503,2403,360,2763,6.675
163504,377,216,593,1.7453703703703705
163513,3198,289,3487,11.065743944636678
163524,3638,348,3986,10.454022988505749
163529,2394,102,2496,23.47058823529412
163538,3127,93,3220,33.623655913978496
163546,3174,237,3411,13.39240506329114
163548,2802,141,2943,19.872340425531917
163549,3868,179,4047,21.608938547486037
163565,1855,183,2038,10.136612021857925
163568,2333,244,2577,9.561475409836063
163571,1834,127,1961,14.440944881889765
163598,2652,100,2752,26.52
163599,3400,693,4093,4.9062049062049065
163601,3329,288,3617,11.55902777777778
163614,3817,103,3920,37.05825242718446
163617,3264,193,3457,16.911917098445596
163618,3367,211,3578,15.95734597156398
163619,2044,93,2137,21.978494623655912
163624,3565,431,3996,8.271461716937354
163627,3688,131,3819,28.15267175572519
163640,3364,193,3557,17.430051813471504
163641,2955,128,3083,23.0859375
163651,2335,221,2556,10.565610859728508
163660,2676,106,2782,25.245283018867923
163662,3529,215,3744,16.413953488372094
163678,3293,232,3525,14.19396551724138
163681,3326,255,3581,13.04313725490196
163687,2786,134,2920,20.791044776119403
163709,3450,152,3602,22.69736842105263
163722,2843,48,2891,59.22916666666666
163729,2711,40,2751,67.775
163736,2658,181,2839,14.685082872928175
163755,2314,201,2515,11.512437810945274
163762,2899,131,3030,22.129770992366414
163770,3214,452,3666,7.110619469026549
163772,3496,76,3572,46.0
163773,3946,60,4006,65.76666666666667
163787,3785,237,4022,15.970464135021096
163790,1529,218,1747,7.013761467889908
163792,3399,177,3576,19.203389830508478
163793,2175,159,2334,13.679245283018869
163799,3750,71,3821,52.816901408450704
163800,1152,125,1277,9.216
163811,2977,214,3191,13.911214953271028
163820,3268,116,3384,28.17241379310345
163843,251,1156,1407,0.2171280276816609
163867,669,83,752,8.060240963855422
163868,2666,245,2911,10.881632653061224
163870,2728,360,3088,7.5777777777777775
163877,3057,186,3243,16.43548387096774
163895,1311,153,1464,8.568627450980392
163897,3404,36,3440,94.55555555555556
163902,1594,342,1936,4.6608187134502925
163904,3763,115,3878,32.721739130434784
163912,2789,312,3101,8.939102564102564
163926,2430,68,2498,35.73529411764706
163929,3589,166,3755,21.620481927710845
163934,3070,236,3306,13.008474576271189
163941,3912,150,4062,26.08
163942,3028,93,3121,32.55913978494624
163953,2934,82,3016,35.78048780487805
163954,1581,225,1806,7.026666666666666
163958,37,3028,3065,0.0122192866578599
163962,2489,78,2567,31.91025641025641
163970,2414,369,2783,6.542005420054201
163977,3671,140,3811,26.22142857142857
163990,1455,66,1521,22.045454545454547
163999,3690,192,3882,19.21875
164013,2703,272,2975,9.9375
164023,3361,342,3703,9.82748538011696
164036,3672,145,3817,25.32413793103448
164055,3652,144,3796,25.36111111111111
164057,2884,317,3201,9.097791798107256
164058,3015,126,3141,23.928571428571427
164061,2691,157,2848,17.14012738853503
164083,878,92,970,9.543478260869565
164085,2913,93,3006,31.32258064516129
164090,3452,118,3570,29.25423728813559
164091,2940,322,3262,9.130434782608695
164099,2263,186,2449,12.166666666666666
164100,3587,396,3983,9.058080808080808
164103,3661,195,3856,18.77435897435897
164109,2883,239,3122,12.06276150627615
164115,2167,190,2357,11.405263157894735
164120,1543,118,1661,13.076271186440678
164122,2440,110,2550,22.181818181818183
164141,804,182,986,4.417582417582418
164148,3774,254,4028,14.858267716535432
164159,2077,90,2167,23.07777777777778
164165,2308,128,2436,18.03125
164168,1,2373,2374,0.0004214075010535
164171,2970,189,3159,15.714285714285714
164193,2756,206,2962,13.37864077669903
164202,619,3000,3619,0.2063333333333333
164216,1274,115,1389,11.078260869565218
164218,3490,362,3852,9.640883977900552
164238,2905,81,2986,35.8641975308642
164244,2469,282,2751,8.75531914893617
164249,3867,52,3919,74.36538461538461
164253,2659,165,2824,16.115151515151513
164254,3828,213,4041,17.971830985915492
164257,1905,63,1968,30.23809523809524
164263,2786,109,2895,25.55963302752293
164276,1232,124,1356,9.935483870967742
164282,2057,198,2255,10.38888888888889
164283,1270,118,1388,10.76271186440678
164294,2779,170,2949,16.347058823529412
164316,2392,308,2700,7.766233766233766
164317,1279,558,1837,2.292114695340502
164321,160,1423,1583,0.1124385101897399
164324,3361,175,3536,19.205714285714286
164326,286,3083,3369,0.092766785598443
164329,3613,192,3805,18.81770833333333
164342,2001,253,2254,7.909090909090909
164351,3589,431,4020,8.327146171693736
164356,3248,445,3693,7.298876404494382
164357,1355,212,1567,6.3915094339622645
164376,2164,191,2355,11.329842931937172
164383,3017,68,3085,44.36764705882353
164385,3700,224,3924,16.517857142857142
164389,3666,178,3844,20.59550561797753
164394,3665,158,3823,23.196202531645568
164396,3686,181,3867,20.364640883977906
164400,3072,120,3192,25.6
164404,1285,112,1397,11.473214285714286
164429,713,2660,3373,0.2680451127819548
164439,788,84,872,9.38095238095238
164443,2946,60,3006,49.1
164447,218,2644,2862,0.0824508320726172
164451,2387,138,2525,17.297101449275363
164452,3731,149,3880,25.04026845637584
164453,2221,147,2368,15.108843537414966
164456,3635,158,3793,23.00632911392405
164471,3798,218,4016,17.422018348623855
164478,1851,81,1932,22.85185185185185
164479,1987,215,2202,9.24186046511628
164491,3075,145,3220,21.20689655172414
164492,2316,222,2538,10.432432432432432
164493,3602,118,3720,30.52542372881356
164496,3738,205,3943,18.23414634146341
164498,3533,164,3697,21.54268292682927
164517,3365,128,3493,26.2890625
164529,3656,416,4072,8.788461538461538
164540,2263,235,2498,9.629787234042553
164546,1997,109,2106,18.321100917431192
164553,2253,128,2381,17.6015625
164560,2499,54,2553,46.27777777777778
164567,4046,34,4080,119.0
164569,2392,786,3178,3.04325699745547
164571,3491,353,3844,9.889518413597736
164575,2297,44,2341,52.20454545454545
164578,2590,140,2730,18.5
164581,3829,150,3979,25.526666666666667
164585,3759,90,3849,41.766666666666666
164605,3816,106,3922,36.0
164610,3705,228,3933,16.25
164626,1443,80,1523,18.0375
164630,3793,105,3898,36.12380952380953
164631,3291,232,3523,14.185344827586206
164634,2618,81,2699,32.32098765432099
164641,1873,194,2067,9.654639175257731
164645,1674,198,1872,8.454545454545455
164650,2236,1621,3857,1.379395434916718
164670,2406,218,2624,11.036697247706424
164671,3348,228,3576,14.68421052631579
164677,2877,243,3120,11.839506172839506
164681,2740,205,2945,13.365853658536585
164692,1940,120,2060,16.166666666666668
164714,1272,219,1491,5.808219178082192
164734,2778,127,2905,21.874015748031496
164740,1703,107,1810,15.91588785046729
164741,3212,81,3293,39.65432098765432
164742,1349,111,1460,12.153153153153154
164749,2372,163,2535,14.552147239263803
164766,2362,259,2621,9.11969111969112
164774,1055,1973,3028,0.5347187024835276
164778,1834,123,1957,14.910569105691057
164779,3076,190,3266,16.189473684210526
164780,2798,183,2981,15.289617486338798
164781,2542,297,2839,8.558922558922559
164789,3085,39,3124,79.1025641025641
164811,706,147,853,4.802721088435374
164825,3117,477,3594,6.534591194968553
164831,2253,201,2454,11.208955223880595
164833,3517,225,3742,15.63111111111111
164836,3452,70,3522,49.31428571428572
164839,2229,47,2276,47.42553191489362
164851,2237,327,2564,6.840978593272172
164857,2946,525,3471,5.611428571428571
164862,1728,145,1873,11.917241379310346
164868,704,1050,1754,0.6704761904761904
164871,4002,68,4070,58.85294117647059
164876,2469,95,2564,25.989473684210527
164882,3601,104,3705,34.625
164889,880,105,985,8.380952380952381
164904,2286,119,2405,19.210084033613445
164914,3542,161,3703,22.0
164917,2199,124,2323,17.733870967741936
164919,2571,804,3375,3.1977611940298507
164921,3064,209,3273,14.660287081339712
164930,3393,201,3594,16.880597014925375
164938,1163,162,1325,7.179012345679013
164945,2653,215,2868,12.33953488372093
164949,3843,137,3980,28.05109489051095
164954,2923,75,2998,38.973333333333336
164973,2995,294,3289,10.187074829931973
164982,2325,24,2349,96.875
164985,3396,124,3520,27.387096774193548
165002,2234,170,2404,13.141176470588237
165006,3918,58,3976,67.55172413793103
165007,1591,46,1637,34.58695652173913
165048,2380,277,2657,8.592057761732852
165054,3956,133,4089,29.74436090225564
165065,3241,89,3330,36.41573033707865
165066,3117,116,3233,26.870689655172413
165101,1441,570,2011,2.5280701754385966
165111,2961,88,3049,33.64772727272727
165128,1448,257,1705,5.634241245136187
165131,3126,101,3227,30.95049504950495
165132,1,38,39,0.0263157894736842
165136,2891,207,3098,13.966183574879228
165137,3137,199,3336,15.763819095477388
165158,3547,163,3710,21.76073619631902
165170,1126,333,1459,3.3813813813813813
165184,1351,101,1452,13.376237623762377
165200,1956,34,1990,57.52941176470589
165202,2477,228,2705,10.864035087719298
165203,2368,253,2621,9.359683794466402
165208,3512,237,3749,14.818565400843882
165211,2962,252,3214,11.753968253968257
165228,1612,109,1721,14.788990825688073
165230,2700,154,2854,17.532467532467532
165232,3703,315,4018,11.755555555555556
165235,3234,191,3425,16.93193717277487
165239,2561,242,2803,10.582644628099173
165245,2548,154,2702,16.545454545454547
165246,2703,119,2822,22.714285714285715
165253,1670,268,1938,6.231343283582089
165256,1580,174,1754,9.080459770114942
165257,3148,113,3261,27.858407079646017
165258,3331,162,3493,20.561728395061728
165262,2866,296,3162,9.682432432432432
165268,2592,66,2658,39.27272727272727
165277,314,1914,2228,0.1640543364681295
165295,3594,70,3664,51.34285714285714
165307,2036,74,2110,27.513513513513512
165308,451,2117,2568,0.2130373169579593
165321,2672,208,2880,12.846153846153848
165359,3327,298,3625,11.164429530201344
165379,3721,91,3812,40.89010989010989
165388,3590,235,3825,15.27659574468085
165395,3720,112,3832,33.214285714285715
165402,2268,124,2392,18.29032258064516
165409,3097,221,3318,14.013574660633484
165412,122,2824,2946,0.0432011331444759
165419,3865,63,3928,61.34920634920635
165422,3577,57,3634,62.75438596491228
165423,3247,93,3340,34.913978494623656
165433,2564,171,2735,14.994152046783626
165438,2114,188,2302,11.24468085106383
165445,3321,140,3461,23.72142857142857
165448,1267,142,1409,8.922535211267606
165449,2600,49,2649,53.06122448979592
165455,2451,99,2550,24.75757575757576
165459,2064,277,2341,7.451263537906137
165467,1552,287,1839,5.407665505226481
165476,3130,211,3341,14.834123222748817
165479,2047,434,2481,4.716589861751152
165483,1105,48,1153,23.02083333333333
165490,3274,214,3488,15.299065420560748
165506,3809,267,4076,14.265917602996256
165509,2275,98,2373,23.214285714285715
165511,2016,103,2119,19.57281553398058
165515,2890,154,3044,18.766233766233768
165528,2549,44,2593,57.93181818181818
165529,3352,212,3564,15.81132075471698
165530,3121,200,3321,15.605
165538,2886,47,2933,61.40425531914894
165547,1501,99,1600,15.16161616161616
165552,2501,178,2679,14.05056179775281
165555,2238,60,2298,37.3
165577,2754,36,2790,76.5
165581,3723,264,3987,14.102272727272728
165593,2132,201,2333,10.606965174129352
165600,3895,163,4058,23.895705521472397
165602,1584,106,1690,14.943396226415096
165610,3365,152,3517,22.13815789473684
165616,827,104,931,7.951923076923077
165638,2242,193,2435,11.61658031088083
165642,2278,127,2405,17.937007874015748
165649,2298,73,2371,31.47945205479452
165655,3368,493,3861,6.831643002028398
165656,3198,169,3367,18.923076923076923
165658,3777,115,3892,32.84347826086957
165659,3562,247,3809,14.421052631578949
165661,2581,179,2760,14.41899441340782
165678,3409,296,3705,11.516891891891891
165686,3644,119,3763,30.6218487394958
165697,3698,221,3919,16.733031674208146
165702,3666,253,3919,14.4901185770751
165704,2336,206,2542,11.33980582524272
165709,3650,303,3953,12.046204620462046
165722,77,1838,1915,0.0418933623503808
165730,2582,69,2651,37.42028985507246
165744,3955,111,4066,35.630630630630634
165751,1113,226,1339,4.924778761061947
165759,2834,155,2989,18.283870967741937
165761,50,1839,1889,0.0271886895051658
165766,2525,193,2718,13.082901554404144
165767,3560,131,3691,27.17557251908397
165768,3289,176,3465,18.6875
165770,3204,41,3245,78.14634146341463
165772,2313,253,2566,9.142292490118576
165776,3304,205,3509,16.117073170731707
165803,1291,247,1538,5.22672064777328
165810,2343,114,2457,20.55263157894737
165812,1195,312,1507,3.830128205128205
165815,767,154,921,4.98051948051948
165817,2248,83,2331,27.08433734939759
165821,460,3411,3871,0.1348578129580768
165823,1972,45,2017,43.82222222222222
165824,404,1561,1965,0.2588084561178732
165832,3282,88,3370,37.29545454545455
165838,2236,86,2322,26.0
165846,3493,141,3634,24.77304964539007
165852,3461,240,3701,14.420833333333333
165855,1505,184,1689,8.179347826086957
165856,1663,103,1766,16.145631067961165
165857,3001,249,3250,12.052208835341366
165862,2837,125,2962,22.696
165876,3673,172,3845,21.3546511627907
165878,3546,267,3813,13.280898876404494
165881,2432,202,2634,12.03960396039604
165896,3524,141,3665,24.99290780141844
165900,2565,294,2859,8.724489795918368
165908,3623,275,3898,13.174545454545454
165910,2778,116,2894,23.948275862068964
165920,1492,139,1631,10.733812949640289
165926,2261,118,2379,19.161016949152543
165931,1219,179,1398,6.810055865921788
165937,2478,120,2598,20.65
165946,2749,130,2879,21.146153846153847
165947,2320,145,2465,16.0
165954,3313,51,3364,64.96078431372548
165955,1555,76,1631,20.460526315789476
165964,2339,83,2422,28.180722891566266
165965,3667,196,3863,18.709183673469383
165968,3612,176,3788,20.522727272727277
165979,2797,213,3010,13.131455399061032
165993,3586,156,3742,22.987179487179485
165994,2131,235,2366,9.06808510638298
166015,3496,35,3531,99.88571428571429
166024,2159,169,2328,12.775147928994082
166025,1307,375,1682,3.485333333333333
166031,3610,241,3851,14.979253112033197
166033,3944,118,4062,33.42372881355932
166040,3422,118,3540,29.0
166043,1210,162,1372,7.469135802469136
166050,1392,589,1981,2.363327674023769
166059,3193,82,3275,38.9390243902439
166063,2966,126,3092,23.53968253968254
166065,2523,122,2645,20.68032786885246
166067,135,3218,3353,0.0419515226848974
166073,2604,194,2798,13.422680412371134
166084,3808,170,3978,22.4
166089,2293,318,2611,7.210691823899371
166098,842,195,1037,4.317948717948718
166100,3162,59,3221,53.59322033898305
166101,2008,189,2197,10.624338624338623
166109,937,139,1076,6.741007194244604
166110,651,3404,4055,0.1912455934195064
166116,3183,153,3336,20.80392156862745
166128,998,261,1259,3.8237547892720314
166147,3538,183,3721,19.33333333333333
166150,2792,208,3000,13.423076923076923
166156,3681,82,3763,44.89024390243903
166158,3110,287,3397,10.83623693379791
166161,2753,73,2826,37.71232876712329
166171,856,150,1006,5.706666666666667
166173,3502,115,3617,30.45217391304348
166177,2363,202,2565,11.698019801980198
166178,2109,33,2142,63.90909090909091
166179,1974,140,2114,14.1
166184,1766,215,1981,8.213953488372093
166186,2270,72,2342,31.52777777777778
166188,3211,171,3382,18.77777777777778
166195,2997,120,3117,24.975
166197,1726,540,2266,3.196296296296296
166199,2525,400,2925,6.3125
166204,1930,177,2107,10.903954802259888
166232,1700,308,2008,5.51948051948052
166234,2457,90,2547,27.3
166238,1240,239,1479,5.188284518828452
166239,695,1692,2387,0.4107565011820331
166249,3005,72,3077,41.73611111111112
166262,2542,265,2807,9.592452830188678
166278,3800,182,3982,20.87912087912088
166305,3172,209,3381,15.177033492822966
166308,1500,152,1652,9.86842105263158
166314,1403,271,1674,5.177121771217712
166316,1896,31,1927,61.16129032258065
166318,1560,304,1864,5.131578947368421
166323,3447,64,3511,53.859375
166325,3475,122,3597,28.483606557377048
166328,2248,161,2409,13.96273291925466
166337,1813,194,2007,9.345360824742269
166348,2716,51,2767,53.25490196078432
166389,2525,974,3499,2.5924024640657084
166397,133,3129,3262,0.0425055928411633
166404,739,150,889,4.926666666666667
166405,2888,148,3036,19.513513513513512
166412,3541,337,3878,10.507418397626113
166430,2364,88,2452,26.863636363636363
166435,1768,48,1816,36.833333333333336
166440,2670,89,2759,30.0
166455,3791,139,3930,27.27338129496403
166480,3042,132,3174,23.045454545454547
166484,3453,163,3616,21.1840490797546
166499,1340,457,1797,2.9321663019693656
166508,4017,79,4096,50.848101265822784
166516,1023,2916,3939,0.3508230452674897
166536,2871,229,3100,12.537117903930133
166540,2225,118,2343,18.85593220338983
166542,3649,199,3848,18.33668341708543
166552,2586,257,2843,10.06225680933852
166556,2523,277,2800,9.108303249097473
166557,1724,623,2347,2.767255216693419
166558,2429,88,2517,27.602272727272727
166561,1675,392,2067,4.2729591836734695
166564,2119,177,2296,11.97175141242938
166587,1907,167,2074,11.419161676646707
166593,2149,143,2292,15.027972027972028
166594,1188,151,1339,7.867549668874172
166599,1762,75,1837,23.49333333333333
166600,3439,122,3561,28.188524590163933
166607,2414,81,2495,29.80246913580247
166614,1308,43,1351,30.41860465116279
166624,3117,48,3165,64.9375
166645,1164,174,1338,6.689655172413793
166647,3646,97,3743,37.58762886597938
166648,1185,393,1578,3.015267175572519
166651,1702,135,1837,12.607407407407408
166669,3566,204,3770,17.480392156862745
166670,3292,218,3510,15.10091743119266
166680,3536,246,3782,14.373983739837398
166691,2501,116,2617,21.560344827586206
166695,2214,166,2380,13.337349397590362
166712,1894,331,2225,5.722054380664653
166715,3088,146,3234,21.15068493150685
166722,2074,224,2298,9.258928571428571
166724,3647,207,3854,17.618357487922705
166738,2890,136,3026,21.25
166744,3760,186,3946,20.21505376344086
166745,1754,429,2183,4.088578088578089
166752,2803,145,2948,19.33103448275862
166753,3793,24,3817,158.04166666666666
166762,1925,111,2036,17.34234234234234
166765,3106,147,3253,21.12925170068027
166767,2423,224,2647,10.816964285714286
166774,2599,78,2677,33.32051282051282
166783,1182,220,1402,5.372727272727273
166796,2996,239,3235,12.535564853556483
166827,3005,391,3396,7.68542199488491
166835,2294,113,2407,20.300884955752213
166856,3663,160,3823,22.89375
166860,2888,344,3232,8.395348837209303
166868,2428,144,2572,16.86111111111111
166877,2663,210,2873,12.68095238095238
166879,3657,118,3775,30.991525423728813
166880,1763,130,1893,13.56153846153846
166896,3743,204,3947,18.348039215686278
166897,823,146,969,5.636986301369863
166910,3558,323,3881,11.01547987616099
166916,3652,136,3788,26.852941176470587
166917,3178,134,3312,23.71641791044776
166918,2689,206,2895,13.053398058252426
166931,3513,284,3797,12.369718309859154
166947,3654,117,3771,31.23076923076923
166949,2148,110,2258,19.527272727272727
166952,2983,250,3233,11.932
166976,2660,174,2834,15.28735632183908
166985,2880,80,2960,36.0
166993,2989,130,3119,22.99230769230769
167000,2996,209,3205,14.334928229665072
167004,3187,110,3297,28.972727272727276
167008,3032,164,3196,18.48780487804878
167010,3649,61,3710,59.81967213114754
167022,3122,956,4078,3.265690376569037
167026,3449,136,3585,25.360294117647054
167035,3642,352,3994,10.346590909090908
167036,3553,303,3856,11.726072607260726
167037,2987,118,3105,25.3135593220339
167049,3771,191,3962,19.7434554973822
167050,2531,124,2655,20.411290322580644
167056,1806,199,2005,9.075376884422113
167060,3697,203,3900,18.211822660098523
167074,3868,150,4018,25.786666666666665
167076,2905,85,2990,34.1764705882353
167079,249,3746,3995,0.0664709022957821
167084,3577,76,3653,47.06578947368421
167088,3328,238,3566,13.983193277310924
167097,3925,137,4062,28.64963503649635
167103,3866,163,4029,23.717791411042946
167106,3709,53,3762,69.98113207547169
167108,1881,186,2067,10.112903225806452
167123,2176,57,2233,38.175438596491226
167126,2800,234,3034,11.965811965811966
167130,3134,214,3348,14.644859813084112
167139,1038,143,1181,7.258741258741258
167143,3452,576,4028,5.993055555555555
167162,3175,216,3391,14.699074074074074
167165,2710,126,2836,21.50793650793651
167173,2943,100,3043,29.43
167175,1827,129,1956,14.16279069767442
167179,995,226,1221,4.402654867256637
167182,1192,259,1451,4.602316602316602
167185,2305,826,3131,2.790556900726392
167186,2113,273,2386,7.73992673992674
167196,3173,187,3360,16.967914438502675
167198,2927,46,2973,63.630434782608695
167212,2915,204,3119,14.28921568627451
167214,1272,119,1391,10.6890756302521
167226,3353,114,3467,29.412280701754387
167237,3729,89,3818,41.89887640449438
167239,1568,211,1779,7.431279620853081
167249,2947,314,3261,9.385350318471335
167263,1830,209,2039,8.75598086124402
167267,2694,88,2782,30.613636363636363
167272,3552,141,3693,25.19148936170213
167283,3439,225,3664,15.284444444444444
167320,494,153,647,3.2287581699346406
167345,1303,237,1540,5.4978902953586495
167352,3933,109,4042,36.08256880733945
167364,2002,88,2090,22.75
167368,2993,162,3155,18.47530864197531
167371,1006,170,1176,5.91764705882353
167382,3110,262,3372,11.870229007633588
167385,3866,170,4036,22.74117647058824
167390,3422,114,3536,30.017543859649123
167391,2157,47,2204,45.8936170212766
167406,1890,713,2603,2.6507713884992987
167407,3636,286,3922,12.713286713286712
167412,2594,47,2641,55.191489361702125
167416,2206,116,2322,19.017241379310345
167418,2598,134,2732,19.388059701492537
167430,3823,109,3932,35.07339449541284
167433,3653,85,3738,42.976470588235294
167438,2592,244,2836,10.62295081967213
167442,3644,51,3695,71.45098039215686
167451,3809,138,3947,27.60144927536232
167453,3330,269,3599,12.37918215613383
167461,1632,142,1774,11.492957746478874
167465,613,112,725,5.473214285714286
167475,2161,292,2453,7.4006849315068495
167478,3632,121,3753,30.016528925619838
167484,3583,184,3767,19.472826086956523
167490,3216,174,3390,18.48275862068965
167506,2309,179,2488,12.899441340782124
167516,2282,125,2407,18.256
167525,3885,66,3951,58.86363636363637
167530,2605,304,2909,8.569078947368421
167541,3070,204,3274,15.049019607843135
167554,3654,148,3802,24.68918918918919
167556,2783,173,2956,16.08670520231214
167557,2187,116,2303,18.853448275862068
167559,3097,272,3369,11.386029411764708
167568,2544,193,2737,13.181347150259068
167576,2244,336,2580,6.678571428571429
167577,3339,408,3747,8.183823529411764
167585,1689,124,1813,13.620967741935484
167588,3372,122,3494,27.639344262295083
167592,3355,214,3569,15.677570093457945
167594,2745,112,2857,24.508928571428573
167598,2457,220,2677,11.168181818181818
167606,2712,142,2854,19.098591549295776
167607,2396,99,2495,24.2020202020202
167608,3349,177,3526,18.92090395480226
167620,3194,187,3381,17.080213903743317
167625,1787,33,1820,54.15151515151515
167626,921,108,1029,8.527777777777779
167631,3583,58,3641,61.77586206896552
167640,1862,300,2162,6.206666666666667
167666,1398,252,1650,5.547619047619048
167669,2923,83,3006,35.21686746987952
167674,2058,133,2191,15.473684210526317
167690,1851,192,2043,9.640625
167694,2522,301,2823,8.378737541528238
167704,2708,171,2879,15.83625730994152
167706,3555,480,4035,7.40625
167713,2509,138,2647,18.181159420289852
167715,2929,112,3041,26.151785714285715
167727,2567,139,2706,18.467625899280577
167729,2846,180,3026,15.811111111111112
167749,3910,69,3979,56.66666666666666
167755,2692,266,2958,10.1203007518797
167764,3716,165,3881,22.52121212121212
167771,1995,199,2194,10.025125628140705
167777,566,3394,3960,0.1667648791985857
167784,2401,392,2793,6.125
167800,3866,85,3951,45.48235294117647
167803,2177,86,2263,25.313953488372093
167812,795,500,1295,1.59
167817,3303,405,3708,8.155555555555555
167821,3230,115,3345,28.08695652173913
167829,1944,88,2032,22.09090909090909
167857,2828,358,3186,7.899441340782123
167860,2924,201,3125,14.54726368159204
167868,162,2827,2989,0.057304563141139
167871,1774,269,2043,6.594795539033457
167872,3070,122,3192,25.16393442622951
167873,2710,126,2836,21.50793650793651
167875,3848,184,4032,20.91304347826087
167885,2736,254,2990,10.771653543307089
167886,901,262,1163,3.438931297709924
167891,955,2214,3169,0.4313459801264679
167896,1712,189,1901,9.05820105820106
167899,1991,331,2322,6.015105740181269
167900,2008,96,2104,20.916666666666668
167912,558,105,663,5.314285714285714
167916,3795,143,3938,26.53846153846154
167919,1033,109,1142,9.477064220183486
167922,3472,91,3563,38.15384615384615
167927,2930,137,3067,21.38686131386861
167938,2342,108,2450,21.685185185185187
167945,1963,136,2099,14.433823529411764
167947,3866,140,4006,27.614285714285717
167949,1825,219,2044,8.333333333333334
167960,3478,74,3552,47.0
167967,2219,331,2550,6.7039274924471295
167970,2029,181,2210,11.209944751381215
167972,2491,228,2719,10.925438596491228
167988,3125,208,3333,15.024038461538462
167997,2486,72,2558,34.52777777777778
168002,3109,167,3276,18.61676646706587
168008,1651,174,1825,9.488505747126435
168009,1496,87,1583,17.195402298850574
168027,3631,202,3833,17.975247524752476
168039,3598,68,3666,52.91176470588236
168042,3152,145,3297,21.73793103448276
168057,2665,152,2817,17.532894736842106
168065,3864,106,3970,36.45283018867924
168066,737,317,1054,2.324921135646688
168080,698,1795,2493,0.388857938718663
168093,2061,94,2155,21.925531914893615
168095,2972,103,3075,28.854368932038835
168108,3852,97,3949,39.71134020618557
168129,315,2981,3296,0.1056692385105669
168132,3760,306,4066,12.287581699346406
168136,3442,57,3499,60.3859649122807
168140,21,3765,3786,0.0055776892430278
168143,3193,122,3315,26.172131147540984
168144,2687,202,2889,13.301980198019802
168155,1165,87,1252,13.39080459770115
168163,3196,149,3345,21.4496644295302
168189,3427,69,3496,49.66666666666666
168191,3007,68,3075,44.22058823529412
168194,2359,443,2802,5.3250564334085775
168197,2906,141,3047,20.609929078014183
168200,2865,266,3131,10.770676691729324
168202,3719,62,3781,59.983870967741936
168230,2624,53,2677,49.50943396226416
168235,1996,137,2133,14.569343065693433
168240,2713,282,2995,9.620567375886525
168251,3319,208,3527,15.95673076923077
168252,1551,192,1743,8.078125
168255,2328,256,2584,9.09375
168270,3990,90,4080,44.333333333333336
168273,4054,38,4092,106.6842105263158
168275,1708,156,1864,10.948717948717947
168279,3766,285,4051,13.214035087719298
168283,3222,591,3813,5.451776649746193
168285,3548,150,3698,23.65333333333333
168298,3887,185,4072,21.01081081081081
168311,2163,139,2302,15.56115107913669
168326,2252,152,2404,14.81578947368421
168332,1687,852,2539,1.9800469483568075
168349,2239,195,2434,11.482051282051282
168355,2975,196,3171,15.178571428571429
168357,1910,111,2021,17.207207207207208
168363,3272,275,3547,11.898181818181818
168367,937,2141,3078,0.4376459598318543
168369,2218,292,2510,7.595890410958904
168371,2441,233,2674,10.476394849785407
168376,2546,212,2758,12.00943396226415
168380,3747,260,4007,14.41153846153846
168384,3676,283,3959,12.98939929328622
168385,2903,61,2964,47.59016393442623
168406,2384,157,2541,15.18471337579618
168413,1930,378,2308,5.105820105820106
168414,2776,63,2839,44.06349206349206
168416,3576,156,3732,22.923076923076923
168422,3829,176,4005,21.755681818181817
168431,1923,35,1958,54.94285714285714
168433,3207,112,3319,28.633928571428573
168445,218,3083,3301,0.0707103470645475
168469,3836,129,3965,29.73643410852713
168480,2199,50,2249,43.98
168481,1250,114,1364,10.964912280701755
168487,1872,147,2019,12.73469387755102
168495,1907,250,2157,7.628
168519,2726,308,3034,8.85064935064935
168520,3855,164,4019,23.50609756097561
168521,534,256,790,2.0859375
168545,3969,75,4044,52.92
168551,1364,94,1458,14.51063829787234
168568,1022,192,1214,5.322916666666667
168569,3867,174,4041,22.224137931034484
168575,1447,194,1641,7.458762886597938
168584,2033,84,2117,24.202380952380956
168585,3729,87,3816,42.86206896551724
168593,886,190,1076,4.663157894736842
168594,1075,228,1303,4.714912280701754
168595,2502,280,2782,8.935714285714285
168597,3951,133,4084,29.706766917293237
168600,3380,474,3854,7.1308016877637135
168609,2399,514,2913,4.667315175097277
168610,3429,211,3640,16.251184834123222
168619,3637,203,3840,17.91625615763547
168624,2546,176,2722,14.465909090909092
168640,3374,146,3520,23.10958904109589
168647,3568,481,4049,7.417879417879418
168659,2428,442,2870,5.493212669683258
168660,1630,178,1808,9.157303370786517
168671,3655,198,3853,18.45959595959596
168672,3731,122,3853,30.581967213114755
168678,3399,97,3496,35.04123711340206
168685,2070,138,2208,15.0
168704,3649,246,3895,14.833333333333334
168705,578,296,874,1.9527027027027024
168708,2061,201,2262,10.25373134328358
168709,1862,144,2006,12.930555555555555
168712,2600,251,2851,10.358565737051793
168713,2941,153,3094,19.22222222222222
168715,1437,177,1614,8.11864406779661
168733,2865,700,3565,4.092857142857143
168744,662,312,974,2.121794871794872
168760,3716,192,3908,19.354166666666668
168763,2857,140,2997,20.40714285714286
168766,3576,213,3789,16.788732394366196
168772,2406,418,2824,5.755980861244019
168778,2823,121,2944,23.33057851239669
168780,1784,108,1892,16.51851851851852
168781,2501,31,2532,80.6774193548387
168787,2647,220,2867,12.03181818181818
168790,3801,85,3886,44.71764705882353
168794,3545,226,3771,15.6858407079646
168804,3858,175,4033,22.045714285714286
168805,3685,311,3996,11.84887459807074
168812,2858,262,3120,10.908396946564883
168813,3676,356,4032,10.325842696629213
168823,3098,152,3250,20.38157894736842
168830,2238,187,2425,11.967914438502676
168832,3741,220,3961,17.004545454545454
168833,3951,123,4074,32.1219512195122
168842,2349,198,2547,11.863636363636363
168848,828,157,985,5.273885350318471
168864,2647,140,2787,18.90714285714286
168871,3109,136,3245,22.860294117647054
168872,2625,142,2767,18.485915492957748
168880,1829,243,2072,7.526748971193416
168882,2353,115,2468,20.46086956521739
168892,3859,169,4028,22.83431952662722
168897,2575,157,2732,16.401273885350317
168914,1789,110,1899,16.263636363636362
168915,3297,153,3450,21.54901960784314
168918,2324,139,2463,16.719424460431654
168927,3589,157,3746,22.85987261146497
168948,1535,124,1659,12.379032258064516
168970,3334,328,3662,10.164634146341465
168973,3206,249,3455,12.875502008032129
168975,3696,237,3933,15.59493670886076
168979,3653,125,3778,29.224
168992,2314,189,2503,12.243386243386244
168999,3323,171,3494,19.432748538011698
169010,2901,216,3117,13.430555555555555
169028,2103,332,2435,6.334337349397591
169034,69,3867,3936,0.0178432893716058
169050,2095,233,2328,8.991416309012875
169052,3243,150,3393,21.62
169060,3744,140,3884,26.742857142857144
169061,871,182,1053,4.785714285714286
169070,2353,333,2686,7.066066066066066
169080,3256,270,3526,12.059259259259258
169081,2534,155,2689,16.348387096774193
169091,119,241,360,0.4937759336099585
169093,3440,304,3744,11.31578947368421
169097,2454,192,2646,12.78125
169101,17,1861,1878,0.0091348737238044
169103,884,176,1060,5.0227272727272725
169104,2164,130,2294,16.646153846153847
169110,459,2263,2722,0.2028281042863455
169111,3281,36,3317,91.13888888888889
169112,2394,204,2598,11.735294117647058
169117,2381,292,2673,8.154109589041095
169131,2014,339,2353,5.941002949852507
169141,2638,295,2933,8.942372881355933
169154,847,224,1071,3.78125
169160,2668,232,2900,11.5
169164,3564,168,3732,21.214285714285715
169171,2668,321,2989,8.311526479750778
169198,2723,144,2867,18.90972222222222
169207,2825,175,3000,16.142857142857142
169220,2042,166,2208,12.301204819277109
169239,1863,278,2141,6.701438848920863
169249,805,2028,2833,0.3969428007889546
169250,1168,143,1311,8.167832167832168
169257,3726,203,3929,18.354679802955665
169274,651,1503,2154,0.4331337325349301
169290,2078,71,2149,29.267605633802816
169306,930,239,1169,3.8912133891213383
169307,3594,351,3945,10.239316239316238
169321,692,3332,4024,0.2076830732292917
169325,1893,93,1986,20.35483870967742
169330,4035,56,4091,72.05357142857143
169336,3832,105,3937,36.49523809523809
169339,2667,105,2772,25.4
169344,3559,171,3730,20.81286549707602
169359,2822,161,2983,17.527950310559007
169363,2721,321,3042,8.476635514018692
169380,2897,106,3003,27.33018867924528
169394,3075,266,3341,11.56015037593985
169404,1363,146,1509,9.335616438356164
169412,3143,121,3264,25.975206611570247
169418,3786,212,3998,17.858490566037737
169429,2033,188,2221,10.813829787234043
169434,2726,42,2768,64.9047619047619
169443,2725,137,2862,19.89051094890511
169449,1929,44,1973,43.84090909090909
169454,1542,86,1628,17.930232558139537
169464,2780,89,2869,31.235955056179776
169472,2559,136,2695,18.81617647058824
169473,3060,96,3156,31.875
169474,3882,178,4060,21.808988764044944
169476,2152,208,2360,10.346153846153848
169480,3862,155,4017,24.916129032258063
169486,1839,859,2698,2.1408614668218857
169501,1,2226,2227,0.0004492362982929
169505,1451,94,1545,15.436170212765957
169518,3048,519,3567,5.872832369942197
169537,2289,172,2461,13.30813953488372
169548,2669,166,2835,16.07831325301205
169556,3272,54,3326,60.5925925925926
169559,2208,224,2432,9.857142857142858
169575,729,100,829,7.29
169578,3347,334,3681,10.020958083832337
169581,3683,178,3861,20.691011235955056
169583,1850,101,1951,18.31683168316832
169590,1913,40,1953,47.825
169595,3313,71,3384,46.66197183098591
169596,3045,322,3367,9.456521739130435
169603,3444,254,3698,13.559055118110235
169614,2733,314,3047,8.703821656050955
169634,2827,340,3167,8.314705882352941
169635,2652,257,2909,10.319066147859925
169640,2494,74,2568,33.7027027027027
169641,283,35,318,8.085714285714285
169642,2369,245,2614,9.66938775510204
169647,3748,134,3882,27.970149253731343
169658,3433,290,3723,11.83793103448276
169662,2424,261,2685,9.28735632183908
169670,1719,67,1786,25.65671641791045
169673,3060,197,3257,15.532994923857869
169687,3259,218,3477,14.94954128440367
169689,1849,211,2060,8.763033175355451
169692,3264,231,3495,14.12987012987013
169695,3560,213,3773,16.71361502347418
169696,3896,191,4087,20.397905759162303
169703,3395,187,3582,18.155080213903744
169711,2132,201,2333,10.606965174129352
169725,95,2131,2226,0.0445800093852651
169735,2549,95,2644,26.83157894736842
169752,3656,67,3723,54.56716417910448
169754,3228,291,3519,11.09278350515464
169771,2689,177,2866,15.192090395480228
169781,1946,101,2047,19.26732673267327
169788,1652,126,1778,13.11111111111111
169791,3051,208,3259,14.66826923076923
169829,2090,237,2327,8.818565400843882
169838,2912,78,2990,37.333333333333336
169842,3003,240,3243,12.5125
169852,2409,342,2751,7.043859649122807
169865,820,361,1181,2.2714681440443214
169870,3254,221,3475,14.723981900452488
169872,1820,103,1923,17.66990291262136
169873,3235,238,3473,13.592436974789916
169880,1006,121,1127,8.314049586776859
169884,3836,142,3978,27.01408450704225
169888,3874,213,4087,18.187793427230048
169896,1927,316,2243,6.098101265822785
169922,3092,141,3233,21.9290780141844
169924,730,164,894,4.451219512195122
169926,3564,486,4050,7.333333333333333
169945,2134,89,2223,23.97752808988764
169953,1621,98,1719,16.540816326530614
169956,1797,104,1901,17.278846153846153
169957,3631,167,3798,21.74251497005988
169962,2639,323,2962,8.170278637770897
169966,3192,253,3445,12.616600790513834
169968,3583,158,3741,22.67721518987342
169974,2034,103,2137,19.74757281553398
169986,3106,180,3286,17.255555555555556
169988,3644,107,3751,34.05607476635514
170001,3265,167,3432,19.550898203592816
170007,3208,84,3292,38.19047619047619
170008,2804,151,2955,18.56953642384106
170025,2926,332,3258,8.813253012048193
170037,1023,2869,3892,0.356570233530847
170040,3239,127,3366,25.50393700787401
170050,2538,94,2632,27.0
170058,3442,77,3519,44.701298701298704
170059,1263,204,1467,6.191176470588236
170066,3599,205,3804,17.55609756097561
170070,2416,74,2490,32.648648648648646
170078,3064,141,3205,21.73049645390071
170082,2857,372,3229,7.68010752688172
170090,3305,123,3428,26.869918699186996
170094,2258,59,2317,38.271186440677965
170103,3105,217,3322,14.308755760368664
170113,2686,177,2863,15.175141242937851
170130,2041,87,2128,23.45977011494253
170138,1506,735,2241,2.048979591836735
170139,2313,126,2439,18.357142857142858
170146,765,2196,2961,0.3483606557377049
170152,2969,187,3156,15.877005347593585
170156,436,3346,3782,0.1303048416019127
170160,3376,142,3518,23.774647887323944
170165,2976,141,3117,21.106382978723403
170169,3893,109,4002,35.71559633027523
170171,1632,75,1707,21.76
170172,3097,277,3374,11.180505415162456
170175,2126,263,2389,8.083650190114069
170186,3865,89,3954,43.42696629213483
170196,1954,617,2571,3.166936790923825
170198,1920,117,2037,16.41025641025641
170199,2738,202,2940,13.554455445544557
170202,3050,133,3183,22.93233082706767
170214,2574,105,2679,24.51428571428572
170225,2709,58,2767,46.706896551724135
170228,2867,188,3055,15.25
170231,2872,187,3059,15.358288770053475
170242,3365,409,3774,8.227383863080684
170249,2229,272,2501,8.194852941176471
170250,3774,277,4051,13.624548736462094
170262,2473,183,2656,13.513661202185792
170267,3502,116,3618,30.189655172413797
170285,1799,129,1928,13.945736434108529
170287,3863,113,3976,34.1858407079646
170301,3050,115,3165,26.52173913043478
170307,3306,64,3370,51.65625
170309,2909,154,3063,18.88961038961039
170318,2391,153,2544,15.627450980392156
170323,2460,35,2495,70.28571428571429
170325,3291,230,3521,14.308695652173911
170335,3996,68,4064,58.76470588235294
170341,3835,86,3921,44.593023255813954
170346,1662,107,1769,15.532710280373832
170349,1631,174,1805,9.373563218390805
170378,3558,342,3900,10.403508771929824
170384,3354,140,3494,23.957142857142856
170385,2756,210,2966,13.123809523809523
170387,313,2949,3262,0.1061376737877246
170395,3076,183,3259,16.808743169398905
170400,3888,120,4008,32.4
170401,2262,484,2746,4.6735537190082646
170407,3405,379,3784,8.984168865435356
170409,2790,206,2996,13.54368932038835
170410,2377,162,2539,14.67283950617284
170415,3871,138,4009,28.05072463768116
170427,2317,152,2469,15.24342105263158
170432,2617,184,2801,14.222826086956522
170450,3674,228,3902,16.114035087719298
170460,2239,473,2712,4.733615221987315
170468,3670,167,3837,21.976047904191617
170499,1449,82,1531,17.670731707317074
170507,2122,133,2255,15.954887218045112
170520,3601,105,3706,34.2952380952381
170525,2826,149,2975,18.96644295302013
170535,3755,190,3945,19.76315789473684
170551,2415,152,2567,15.888157894736842
170555,1410,372,1782,3.7903225806451615
170566,3497,103,3600,33.95145631067961
170570,3756,133,3889,28.2406015037594
170573,2050,224,2274,9.151785714285714
170582,3268,146,3414,22.383561643835616
170584,2259,278,2537,8.12589928057554
170587,3222,51,3273,63.1764705882353
170595,3334,85,3419,39.22352941176471
170600,1052,467,1519,2.252676659528908
170621,3280,365,3645,8.986301369863014
170623,2527,198,2725,12.762626262626265
170630,3476,203,3679,17.123152709359605
170638,3733,38,3771,98.23684210526316
170639,624,3187,3811,0.1957954188892375
170643,2200,286,2486,7.6923076923076925
170644,2980,180,3160,16.555555555555557
170646,3010,115,3125,26.17391304347826
170649,2261,124,2385,18.233870967741936
170650,3313,175,3488,18.93142857142857
170663,3610,339,3949,10.64896755162242
170666,1927,172,2099,11.203488372093023
170669,3095,98,3193,31.581632653061224
170680,3189,100,3289,31.89
170687,2016,138,2154,14.608695652173912
170694,2011,287,2298,7.006968641114983
170704,1733,224,1957,7.736607142857143
170705,3134,174,3308,18.011494252873565
170709,3275,125,3400,26.2
170721,1018,145,1163,7.020689655172414
170724,3803,206,4009,18.461165048543688
170736,2907,167,3074,17.407185628742514
170738,3050,170,3220,17.941176470588236
170740,2548,92,2640,27.695652173913043
170746,2483,90,2573,27.58888888888889
170751,1269,486,1755,2.611111111111111
170757,2430,88,2518,27.613636363636363
170766,3746,187,3933,20.032085561497325
170768,2274,206,2480,11.03883495145631
170772,3323,140,3463,23.735714285714284
170780,2125,429,2554,4.953379953379954
170784,2055,164,2219,12.53048780487805
170790,2766,79,2845,35.0126582278481
170803,3478,158,3636,22.0126582278481
170808,426,3420,3846,0.1245614035087719
170814,3765,67,3832,56.19402985074627
170821,3517,74,3591,47.52702702702703
170824,135,1985,2120,0.0680100755667506
170826,1967,50,2017,39.34
170828,2926,132,3058,22.166666666666668
170833,1538,67,1605,22.95522388059701
170839,3760,150,3910,25.066666666666663
170840,2941,168,3109,17.50595238095238
170843,982,2223,3205,0.4417453891138101
170845,3784,171,3955,22.128654970760238
170848,2989,388,3377,7.703608247422681
170854,1859,90,1949,20.655555555555555
170871,3002,303,3305,9.907590759075909
170880,2270,155,2425,14.64516129032258
170883,891,111,1002,8.027027027027026
170900,3953,123,4076,32.13821138211382
170912,2774,175,2949,15.851428571428572
170938,1931,178,2109,10.848314606741573
170950,2638,146,2784,18.068493150684933
170951,2714,277,2991,9.797833935018051
170957,2432,179,2611,13.58659217877095
170962,3217,246,3463,13.077235772357724
170969,1483,36,1519,41.19444444444444
170970,780,260,1040,3.0
170974,2847,208,3055,13.6875
170975,3538,188,3726,18.81914893617021
170976,3657,209,3866,17.497607655502392
170980,2014,249,2263,8.088353413654618
170986,1955,234,2189,8.354700854700855
170996,3329,252,3581,13.21031746031746
171000,3478,190,3668,18.305263157894736
171004,826,58,884,14.241379310344827
171010,3812,146,3958,26.10958904109589
171020,3108,39,3147,79.6923076923077
171030,3487,140,3627,24.90714285714286
171043,405,1991,2396,0.2034153691612255
171057,2280,134,2414,17.01492537313433
171062,2212,213,2425,10.384976525821596
171072,1128,2762,3890,0.4083997103548153
171073,1907,183,2090,10.420765027322403
171075,3578,184,3762,19.445652173913043
171085,378,3147,3525,0.1201143946615824
171093,1887,153,2040,12.333333333333334
171122,22,2178,2200,0.0101010101010101
171126,2298,328,2626,7.0060975609756095
171127,2562,75,2637,34.16
171128,4015,42,4057,95.5952380952381
171135,3748,200,3948,18.74
171138,2610,231,2841,11.2987012987013
171146,2860,148,3008,19.324324324324323
171149,1878,272,2150,6.904411764705882
171152,3281,128,3409,25.6328125
171163,2839,212,3051,13.391509433962264
171172,2335,86,2421,27.15116279069768
171197,3916,120,4036,32.63333333333333
171199,2154,196,2350,10.989795918367347
171202,2614,208,2822,12.567307692307692
171204,1990,97,2087,20.51546391752577
171214,156,560,716,0.2785714285714286
171234,2603,219,2822,11.885844748858448
171236,1259,207,1466,6.082125603864735
171237,3708,102,3810,36.35294117647059
171242,846,232,1078,3.646551724137931
171246,2464,977,3441,2.5220061412487205
171262,2428,98,2526,24.775510204081638
171270,1396,157,1553,8.89171974522293
171275,1677,123,1800,13.634146341463415
171291,2649,88,2737,30.102272727272727
171307,3910,126,4036,31.03174603174603
171322,668,112,780,5.964285714285714
171335,3072,90,3162,34.13333333333333
171345,3384,469,3853,7.2153518123667375
171352,1362,2638,4000,0.5163002274450341
171358,3727,118,3845,31.584745762711865
171362,2720,276,2996,9.855072463768115
171378,3295,202,3497,16.31188118811881
171381,2681,336,3017,7.979166666666667
171400,2422,156,2578,15.525641025641026
171404,2431,129,2560,18.84496124031008
171413,3514,84,3598,41.833333333333336
171420,2365,131,2496,18.053435114503817
171460,3686,116,3802,31.77586206896552
171466,2156,202,2358,10.673267326732674
171484,3754,223,3977,16.83408071748879
171486,1611,122,1733,13.204918032786884
171489,3233,169,3402,19.130177514792894
171497,530,27,557,19.62962962962963
171509,2049,227,2276,9.026431718061676
171510,3260,110,3370,29.63636363636364
171517,3898,198,4096,19.68686868686869
171529,1414,203,1617,6.965517241379311
171534,1012,2997,4009,0.337671004337671
171541,3947,146,4093,27.034246575342465
171579,1610,107,1717,15.046728971962615
171580,2238,76,2314,29.44736842105263
171583,3183,142,3325,22.41549295774648
171585,1488,320,1808,4.65
171588,2445,92,2537,26.57608695652174
171590,3818,94,3912,40.61702127659574
171594,3889,156,4045,24.92948717948718
171613,3145,109,3254,28.853211009174316
171652,3838,75,3913,51.17333333333333
171681,3859,89,3948,43.35955056179776
171688,1665,141,1806,11.808510638297872
171691,2594,225,2819,11.528888888888888
171698,2120,75,2195,28.266666666666666
171705,2901,195,3096,14.876923076923076
171710,3404,165,3569,20.63030303030303
171716,3830,156,3986,24.55128205128205
171717,3485,248,3733,14.05241935483871
171722,2593,143,2736,18.132867132867133
171734,3736,197,3933,18.96446700507614
171738,2433,37,2470,65.75675675675676
171742,2657,1130,3787,2.3513274336283185
171748,643,162,805,3.969135802469136
171750,824,105,929,7.847619047619047
171756,3508,81,3589,43.30864197530864
171757,3797,149,3946,25.483221476510067
171764,2688,113,2801,23.787610619469028
171768,2862,161,3023,17.77639751552795
171774,3470,208,3678,16.682692307692307
171790,3653,272,3925,13.430147058823527
171792,2198,92,2290,23.89130434782609
171795,1560,116,1676,13.448275862068966
171797,2844,179,3023,15.888268156424582
171804,3252,568,3820,5.725352112676056
171805,3024,279,3303,10.838709677419354
171813,3052,109,3161,28.0
171820,898,240,1138,3.7416666666666663
171821,3434,131,3565,26.213740458015263
171822,2484,65,2549,38.215384615384615
171825,2768,120,2888,23.066666666666663
171828,461,99,560,4.656565656565657
171835,2541,129,2670,19.69767441860465
171861,1123,122,1245,9.204918032786884
171864,1519,641,2160,2.3697347893915754
171874,2631,126,2757,20.88095238095238
171880,1099,228,1327,4.8201754385964914
171887,2229,131,2360,17.015267175572518
171893,2774,107,2881,25.92523364485981
171896,2821,113,2934,24.964601769911503
171897,3149,68,3217,46.30882352941177
171901,149,2883,3032,0.0516822754075615
171903,2916,133,3049,21.924812030075188
171906,53,3528,3581,0.0150226757369614
171907,1316,83,1399,15.855421686746988
171908,3559,129,3688,27.589147286821703
171909,2141,189,2330,11.328042328042327
171918,2546,73,2619,34.87671232876713
171926,3216,355,3571,9.059154929577463
171939,3899,163,4062,23.920245398773005
171943,3915,132,4047,29.65909090909091
171945,2817,201,3018,14.014925373134329
171951,816,148,964,5.513513513513513
171959,3860,235,4095,16.425531914893618
171968,2412,151,2563,15.973509933774835
171969,3669,225,3894,16.30666666666667
171981,3642,160,3802,22.7625
171983,3631,125,3756,29.048
171989,3344,226,3570,14.79646017699115
171994,1377,26,1403,52.96153846153846
171997,2459,95,2554,25.88421052631579
171999,3504,267,3771,13.123595505617978
172006,858,49,907,17.510204081632654
172008,878,215,1093,4.083720930232558
172013,3720,133,3853,27.96992481203008
172018,186,3605,3791,0.0515950069348127
172027,1499,74,1573,20.25675675675676
172031,3002,42,3044,71.47619047619048
172036,3838,217,4055,17.68663594470046
172044,3674,103,3777,35.66990291262136
172048,2968,177,3145,16.768361581920903
172052,3185,194,3379,16.417525773195877
172053,2474,54,2528,45.81481481481482
172056,2781,292,3073,9.523972602739724
172066,2799,194,2993,14.427835051546392
172070,2543,217,2760,11.71889400921659
172095,2931,173,3104,16.942196531791907
172103,1384,105,1489,13.18095238095238
172109,3585,169,3754,21.21301775147929
172116,3690,84,3774,43.92857142857143
172121,2176,224,2400,9.714285714285714
172127,3550,356,3906,9.97191011235955
172129,2921,260,3181,11.234615384615385
172133,1282,50,1332,25.64
172140,2622,308,2930,8.512987012987013
172146,3515,312,3827,11.26602564102564
172152,2824,111,2935,25.44144144144144
172154,3573,341,3914,10.47800586510264
172180,2310,64,2374,36.09375
172191,3765,194,3959,19.40721649484536
172195,3524,218,3742,16.165137614678898
172208,3290,218,3508,15.091743119266056
172210,3615,144,3759,25.104166666666668
172214,2736,130,2866,21.04615384615385
172232,2421,239,2660,10.129707112970712
172234,3669,107,3776,34.28971962616822
172236,2231,229,2460,9.74235807860262
172245,3357,162,3519,20.72222222222222
172247,3674,105,3779,34.99047619047619
172258,441,1847,2288,0.2387655657823497
172268,2248,132,2380,17.03030303030303
172269,3052,205,3257,14.88780487804878
172299,1448,135,1583,10.725925925925926
172301,2424,176,2600,13.772727272727272
172303,3133,101,3234,31.019801980198014
172305,1844,220,2064,8.381818181818181
172322,3093,523,3616,5.91395793499044
172323,3968,102,4070,38.90196078431372
172330,3355,151,3506,22.218543046357617
172380,3359,49,3408,68.55102040816327
172381,3369,196,3565,17.18877551020408
172382,2115,62,2177,34.11290322580645
172399,2062,111,2173,18.576576576576574
172400,1,3098,3099,0.0003227888960619
172401,3945,133,4078,29.661654135338345
172403,2950,274,3224,10.766423357664234
172407,2796,239,3035,11.698744769874477
172417,3710,110,3820,33.72727272727273
172418,2544,107,2651,23.77570093457944
172424,2597,190,2787,13.66842105263158
172425,1441,188,1629,7.664893617021277
172439,2861,156,3017,18.33974358974359
172444,2154,179,2333,12.033519553072626
172451,829,413,1242,2.00726392251816
172455,3643,359,4002,10.147632311977716
172459,1974,112,2086,17.625
172473,3934,94,4028,41.85106382978724
172477,3304,247,3551,13.37651821862348
172481,921,157,1078,5.86624203821656
172488,2993,153,3146,19.562091503267972
172499,2977,237,3214,12.561181434599156
172502,3517,229,3746,15.358078602620088
172503,1936,116,2052,16.689655172413794
172509,1328,88,1416,15.090909090909092
172520,1897,101,1998,18.782178217821784
172522,3726,284,4010,13.119718309859154
172532,3900,139,4039,28.05755395683453
172542,2642,125,2767,21.136
172556,3825,119,3944,32.142857142857146
172557,3461,174,3635,19.89080459770115
172559,2892,127,3019,22.771653543307085
172572,3309,109,3418,30.357798165137616
172585,1364,269,1633,5.070631970260223
172587,3985,41,4026,97.1951219512195
172592,2915,248,3163,11.754032258064516
172602,2487,293,2780,8.488054607508532
172603,1,2021,2022,0.0004948045522018
172606,3271,219,3490,14.93607305936073
172609,1873,110,1983,17.027272727272727
172615,1678,145,1823,11.572413793103449
172618,817,262,1079,3.118320610687023
172625,3621,170,3791,21.3
172626,3198,128,3326,24.984375
172639,3997,44,4041,90.8409090909091
172640,2004,147,2151,13.63265306122449
172642,3402,172,3574,19.77906976744186
172650,3720,59,3779,63.05084745762712
172651,2690,322,3012,8.354037267080745
172666,1998,42,2040,47.57142857142857
172674,3378,181,3559,18.662983425414364
172675,3228,467,3695,6.91220556745182
172678,2773,218,2991,12.720183486238533
172685,3314,176,3490,18.829545454545453
172686,1359,593,1952,2.2917369308600337
172688,3442,325,3767,10.590769230769231
172690,3502,87,3589,40.2528735632184
172696,2511,225,2736,11.16
172701,3457,151,3608,22.894039735099337
172702,2681,295,2976,9.08813559322034
172703,2819,304,3123,9.273026315789474
172705,2100,139,2239,15.107913669064748
172717,2558,132,2690,19.37878787878788
172718,3108,233,3341,13.339055793991417
172721,1823,156,1979,11.685897435897436
172722,3280,261,3541,12.567049808429118
172741,2583,42,2625,61.5
172745,3636,31,3667,117.29032258064515
172746,1795,119,1914,15.084033613445378
172749,1811,169,1980,10.715976331360949
172763,2168,266,2434,8.150375939849624
172771,3455,247,3702,13.987854251012148
172798,382,1885,2267,0.2026525198938992
172816,2216,249,2465,8.899598393574298
172831,3835,199,4034,19.2713567839196
172834,2447,218,2665,11.224770642201834
172840,3853,145,3998,26.572413793103447
172850,2605,175,2780,14.885714285714286
172851,1808,97,1905,18.63917525773196
172860,1823,171,1994,10.660818713450292
172864,1820,242,2062,7.520661157024794
172871,2650,136,2786,19.485294117647054
172876,490,2781,3271,0.1761956130888169
172880,2329,159,2488,14.647798742138365
172887,1892,240,2132,7.883333333333334
172905,2072,347,2419,5.971181556195965
172907,2790,276,3066,10.108695652173912
172913,2996,195,3191,15.364102564102565
172917,3586,75,3661,47.81333333333333
172921,2585,248,2833,10.423387096774194
172927,113,58,171,1.9482758620689653
172938,3426,226,3652,15.15929203539823
172939,3482,158,3640,22.037974683544306
172943,3902,179,4081,21.798882681564248
172950,1883,177,2060,10.638418079096043
172961,3356,294,3650,11.414965986394558
172964,2435,134,2569,18.171641791044777
172965,3846,159,4005,24.18867924528302
172985,1660,236,1896,7.033898305084746
172987,1997,138,2135,14.471014492753625
172988,2034,121,2155,16.8099173553719
172991,2711,183,2894,14.814207650273223
172993,3265,203,3468,16.08374384236453
172995,3249,402,3651,8.082089552238806
172998,3323,131,3454,25.366412213740457
173003,1208,226,1434,5.345132743362832
173007,1474,41,1515,35.951219512195124
173016,2408,277,2685,8.693140794223826
173030,3100,257,3357,12.06225680933852
173037,2129,176,2305,12.096590909090908
173040,3368,130,3498,25.907692307692308
173045,1336,39,1375,34.256410256410255
173049,3604,260,3864,13.861538461538462
173053,2905,203,3108,14.310344827586206
173056,3368,302,3670,11.1523178807947
173060,1549,195,1744,7.943589743589744
173066,1742,221,1963,7.882352941176471
173082,3713,127,3840,29.236220472440944
173083,133,1449,1582,0.0917874396135265
173085,1017,68,1085,14.955882352941176
173092,2532,145,2677,17.46206896551724
173104,2065,157,2222,13.152866242038217
173109,2481,184,2665,13.483695652173912
173125,2627,307,2934,8.55700325732899
173139,2778,31,2809,89.61290322580645
173153,3368,150,3518,22.453333333333333
173156,2366,125,2491,18.928
173169,3834,116,3950,33.05172413793103
173178,2995,153,3148,19.57516339869281
173181,2362,118,2480,20.016949152542374
173190,2575,280,2855,9.196428571428571
173194,2350,130,2480,18.07692307692308
173197,3005,204,3209,14.730392156862743
173204,2363,118,2481,20.02542372881356
173210,3072,131,3203,23.450381679389317
173222,3307,208,3515,15.899038461538462
173232,1782,101,1883,17.643564356435643
173239,1991,60,2051,33.18333333333333
173243,2955,68,3023,43.45588235294117
173249,2235,172,2407,12.994186046511627
173251,2372,155,2527,15.303225806451612
173257,2706,294,3000,9.20408163265306
173261,2659,49,2708,54.265306122448976
173262,2504,128,2632,19.5625
173268,3325,285,3610,11.666666666666666
173270,2165,187,2352,11.577540106951872
173275,3808,283,4091,13.45583038869258
173277,2007,146,2153,13.746575342465754
173286,1962,198,2160,9.909090909090908
173290,3214,124,3338,25.91935483870968
173291,1102,158,1260,6.974683544303797
173314,2928,174,3102,16.82758620689655
173315,2516,128,2644,19.65625
173319,1829,390,2219,4.68974358974359
173323,3542,150,3692,23.613333333333333
173337,2889,203,3092,14.23152709359606
173345,2789,170,2959,16.405882352941177
173365,2866,138,3004,20.768115942028984
173375,3430,224,3654,15.3125
173377,3823,191,4014,20.01570680628272
173386,3252,285,3537,11.410526315789474
173396,3524,242,3766,14.56198347107438
173398,438,107,545,4.093457943925234
173404,247,3721,3968,0.0663800053748992
173418,3773,173,3946,21.809248554913296
173420,1397,118,1515,11.83898305084746
173425,2093,462,2555,4.53030303030303
173429,3679,24,3703,153.29166666666666
173438,1777,167,1944,10.640718562874252
173449,2062,153,2215,13.477124183006536
173472,1554,76,1630,20.44736842105263
173482,3067,131,3198,23.41221374045801
173484,3513,198,3711,17.742424242424242
173487,2066,202,2268,10.227722772277229
173492,2028,113,2141,17.946902654867255
173494,3028,279,3307,10.85304659498208
173510,2583,152,2735,16.99342105263158
173519,3331,175,3506,19.03428571428572
173528,2950,118,3068,25.0
173538,1909,193,2102,9.89119170984456
173549,2357,149,2506,15.818791946308725
173550,2953,193,3146,15.300518134715023
173564,3893,159,4052,24.48427672955975
173593,3392,217,3609,15.631336405529954
173614,1428,143,1571,9.986013986013988
173619,3386,123,3509,27.528455284552845
173621,3605,107,3712,33.691588785046726
173631,3273,105,3378,31.17142857142857
173641,2871,333,3204,8.621621621621621
173644,3533,69,3602,51.20289855072464
173645,3065,140,3205,21.892857142857142
173659,2425,168,2593,14.43452380952381
173662,1688,218,1906,7.743119266055046
173674,3577,268,3845,13.347014925373134
173682,2887,144,3031,20.04861111111111
173684,2592,173,2765,14.982658959537572
173704,3765,129,3894,29.186046511627907
173725,2174,210,2384,10.352380952380951
173726,2132,261,2393,8.168582375478927
173734,3642,91,3733,40.02197802197802
173736,1553,1518,3071,1.023056653491436
173737,1810,235,2045,7.702127659574468
173749,2465,140,2605,17.607142857142858
173753,2087,274,2361,7.616788321167883
173768,3857,107,3964,36.046728971962615
173775,2854,114,2968,25.035087719298247
173776,1876,339,2215,5.533923303834809
173777,3479,138,3617,25.21014492753623
173778,2068,202,2270,10.237623762376238
173779,2921,355,3276,8.228169014084507
173791,2688,352,3040,7.636363636363637
173801,2306,113,2419,20.4070796460177
173806,1950,250,2200,7.8
173810,3928,148,4076,26.54054054054054
173811,2603,145,2748,17.951724137931034
173823,2839,326,3165,8.708588957055214
173824,3360,88,3448,38.18181818181818
173846,1779,1126,2905,1.5799289520426287
173849,3033,149,3182,20.355704697986575
173854,3478,176,3654,19.76136363636364
173875,3771,123,3894,30.65853658536585
173882,3811,229,4040,16.641921397379914
173905,1921,98,2019,19.60204081632653
173921,2559,241,2800,10.618257261410788
173941,1924,23,1947,83.65217391304348
173946,3433,62,3495,55.37096774193548
173950,2260,267,2527,8.464419475655431
173977,1966,99,2065,19.858585858585855
173988,356,2159,2515,0.1648911533117183
173989,3188,281,3469,11.345195729537366
173990,3492,84,3576,41.57142857142857
173991,3562,94,3656,37.8936170212766
174002,3696,199,3895,18.57286432160804
174010,3412,197,3609,17.31979695431472
174017,1214,50,1264,24.28
174029,3013,255,3268,11.815686274509805
174035,2198,174,2372,12.632183908045976
174049,2830,113,2943,25.04424778761062
174064,2991,208,3199,14.379807692307692
174070,3871,121,3992,31.99173553719008
174081,1979,94,2073,21.0531914893617
174092,2103,159,2262,13.226415094339623
174097,3776,119,3895,31.73109243697479
174123,1741,265,2006,6.569811320754717
174129,2815,330,3145,8.530303030303031
174131,3424,105,3529,32.60952380952381
174152,3647,155,3802,23.529032258064515
174157,1987,105,2092,18.923809523809524
174162,920,1716,2636,0.5361305361305362
174165,2359,185,2544,12.751351351351351
174173,3874,153,4027,25.320261437908496
174174,1527,156,1683,9.788461538461538
174178,3552,116,3668,30.620689655172413
174180,3564,136,3700,26.205882352941178
174194,3660,155,3815,23.61290322580645
174201,2762,96,2858,28.77083333333333
174221,84,3081,3165,0.0272638753651411
174226,1963,100,2063,19.63
174242,956,289,1245,3.3079584775086506
174255,1835,145,1980,12.655172413793103
174258,2180,660,2840,3.303030303030303
174262,992,862,1854,1.1508120649651972
174275,1875,147,2022,12.755102040816327
174282,2371,147,2518,16.12925170068027
174288,1985,248,2233,8.004032258064516
174302,3245,774,4019,4.19250645994832
174307,3385,341,3726,9.926686217008797
174309,994,154,1148,6.454545454545454
174311,2898,137,3035,21.153284671532848
174321,3896,134,4030,29.074626865671643
174322,1075,118,1193,9.110169491525424
174323,2046,64,2110,31.96875
174331,2379,206,2585,11.548543689320388
174341,2848,48,2896,59.333333333333336
174342,3349,190,3539,17.626315789473683
174343,1637,128,1765,12.7890625
174361,3592,355,3947,10.11830985915493
174367,2367,207,2574,11.434782608695652
174373,3445,212,3657,16.25
174382,3197,193,3390,16.564766839378237
174386,3781,174,3955,21.729885057471265
174391,1962,243,2205,8.074074074074074
174409,2606,204,2810,12.77450980392157
174413,1533,203,1736,7.551724137931035
174420,3463,171,3634,20.251461988304094
174424,1875,96,1971,19.53125
174429,2568,231,2799,11.116883116883116
174433,785,86,871,9.127906976744184
174440,2108,121,2229,17.421487603305785
174444,689,188,877,3.664893617021277
174461,3739,194,3933,19.27319587628866
174462,1453,205,1658,7.087804878048781
174469,3007,328,3335,9.167682926829269
174491,3860,174,4034,22.183908045977013
174494,2599,164,2763,15.847560975609756
174498,2431,106,2537,22.933962264150946
174502,1069,278,1347,3.8453237410071934
174510,2887,256,3143,11.27734375
174528,956,260,1216,3.6769230769230767
174542,2273,176,2449,12.914772727272728
174546,1725,218,1943,7.912844036697248
174557,2362,132,2494,17.893939393939394
174562,2145,53,2198,40.471698113207545
174564,2709,241,2950,11.240663900414935
174579,728,78,806,9.333333333333334
174583,3342,111,3453,30.10810810810811
174595,3575,311,3886,11.495176848874598
174596,2777,164,2941,16.932926829268293
174603,3170,349,3519,9.083094555873926
174610,1274,161,1435,7.913043478260869
174613,3352,56,3408,59.85714285714285
174638,2775,129,2904,21.511627906976745
174664,2704,146,2850,18.52054794520548
174688,2433,166,2599,14.656626506024097
174689,3612,213,3825,16.95774647887324
174695,1935,16,1951,120.9375
174710,1753,145,1898,12.089655172413794
174711,2738,89,2827,30.764044943820224
174713,2567,173,2740,14.83815028901734
174730,2193,109,2302,20.119266055045877
174734,3191,668,3859,4.776946107784431
174741,3395,54,3449,62.87037037037037
174748,76,3449,3525,0.0220353725717599
174764,2214,276,2490,8.021739130434783
174770,2132,372,2504,5.731182795698925
174778,3309,277,3586,11.945848375451265
174790,1886,68,1954,27.735294117647054
174794,3274,227,3501,14.422907488986784
174803,1950,145,2095,13.448275862068966
174815,2972,131,3103,22.68702290076336
174816,3926,53,3979,74.0754716981132
174820,3581,229,3810,15.637554585152838
174830,3794,132,3926,28.74242424242424
174831,2951,365,3316,8.084931506849315
174833,2667,97,2764,27.49484536082474
174840,2033,45,2078,45.17777777777778
174870,3059,160,3219,19.11875
174889,2005,67,2072,29.92537313432836
174899,3133,122,3255,25.68032786885246
174900,3524,182,3706,19.36263736263736
174903,1335,126,1461,10.595238095238097
174919,2213,161,2374,13.745341614906833
174923,3715,36,3751,103.19444444444444
174926,3470,188,3658,18.45744680851064
174946,1698,186,1884,9.129032258064516
174964,3215,103,3318,31.21359223300971
174966,105,3485,3590,0.0301291248206599
174968,3581,45,3626,79.57777777777778
174976,2129,172,2301,12.377906976744184
174978,2119,122,2241,17.368852459016395
174983,3523,311,3834,11.327974276527332
175006,3815,101,3916,37.772277227722775
175007,3232,193,3425,16.746113989637305
175016,2627,126,2753,20.849206349206348
175029,3900,84,3984,46.42857142857143
175033,2256,80,2336,28.2
175035,2069,234,2303,8.841880341880342
175037,2231,180,2411,12.394444444444444
175042,3192,125,3317,25.536
175043,834,236,1070,3.5338983050847457
175046,3564,163,3727,21.865030674846626
175049,2780,124,2904,22.41935483870968
175050,2516,283,2799,8.890459363957596
175052,3415,339,3754,10.073746312684364
175055,2350,45,2395,52.22222222222222
175067,2130,188,2318,11.329787234042554
175080,1205,55,1260,21.90909090909091
175110,1914,230,2144,8.321739130434782
175111,3317,115,3432,28.843478260869563
175114,1924,73,1997,26.356164383561644
175130,2492,166,2658,15.012048192771084
175141,2888,187,3075,15.44385026737968
175163,3630,197,3827,18.42639593908629
175164,2280,122,2402,18.688524590163933
175165,2029,179,2208,11.335195530726256
175171,3386,94,3480,36.02127659574468
175174,2679,414,3093,6.471014492753623
175182,3195,142,3337,22.5
175183,2139,832,2971,2.5709134615384617
175218,2670,320,2990,8.34375
175220,3539,156,3695,22.685897435897434
175221,3164,195,3359,16.225641025641025
175229,2353,107,2460,21.99065420560748
175235,1155,224,1379,5.15625
175251,3405,185,3590,18.405405405405407
175272,1422,97,1519,14.65979381443299
175283,2182,112,2294,19.482142857142858
175292,3700,307,4007,12.052117263843648
175295,3004,272,3276,11.044117647058824
175316,2760,107,2867,25.79439252336449
175323,3940,94,4034,41.91489361702128
175326,3155,155,3310,20.35483870967742
175327,3082,140,3222,22.01428571428572
175331,2233,229,2462,9.751091703056767
175332,3227,123,3350,26.235772357723576
175339,645,112,757,5.758928571428571
175350,2716,212,2928,12.81132075471698
175351,2708,198,2906,13.676767676767676
175374,511,57,568,8.964912280701755
175376,1334,184,1518,7.25
175385,2402,361,2763,6.653739612188366
175386,3303,234,3537,14.115384615384617
175393,3904,139,4043,28.0863309352518
175397,2950,48,2998,61.458333333333336
175401,2978,195,3173,15.271794871794873
175410,3366,261,3627,12.89655172413793
175418,84,3274,3358,0.0256566890653634
175434,2520,131,2651,19.236641221374047
175438,2155,330,2485,6.53030303030303
175452,3298,134,3432,24.611940298507463
175454,2996,270,3266,11.096296296296297
175455,3063,250,3313,12.252
175505,3581,149,3730,24.033557046979865
175524,2589,117,2706,22.128205128205128
175536,1679,72,1751,23.319444444444443
175537,1804,209,2013,8.631578947368421
175539,2669,89,2758,29.98876404494382
175540,3578,88,3666,40.65909090909091
175541,1000,247,1247,4.048582995951417
175545,1708,244,1952,7.0
175554,3523,131,3654,26.893129770992367
175581,373,128,501,2.9140625
175590,3703,50,3753,74.06
175596,2929,273,3202,10.728937728937728
175610,3458,187,3645,18.49197860962567
175630,3358,171,3529,19.6374269005848
175655,706,773,1479,0.9133247089262612
175658,3708,70,3778,52.97142857142857
175673,1669,116,1785,14.387931034482758
175675,2112,188,2300,11.23404255319149
175685,3273,124,3397,26.39516129032258
175709,633,3399,4032,0.1862312444836716
175711,3598,127,3725,28.33070866141732
175720,702,112,814,6.267857142857143
175725,2958,144,3102,20.541666666666668
175729,1357,101,1458,13.435643564356436
175734,2368,149,2517,15.89261744966443
175743,3923,151,4074,25.980132450331126
175745,2326,154,2480,15.103896103896105
175746,3387,117,3504,28.94871794871795
175755,3496,138,3634,25.33333333333333
175757,3682,299,3981,12.31438127090301
175760,3800,241,4041,15.767634854771783
175769,925,85,1010,10.882352941176473
175775,3820,219,4039,17.442922374429223
175784,3566,160,3726,22.2875
175809,3552,242,3794,14.677685950413224
175812,3568,272,3840,13.117647058823527
175815,1522,246,1768,6.186991869918699
175820,1996,96,2092,20.791666666666668
175841,1966,123,2089,15.983739837398376
175844,2491,268,2759,9.294776119402986
175851,1871,415,2286,4.508433734939759
175861,3236,108,3344,29.96296296296296
175866,3355,85,3440,39.47058823529412
175867,2811,646,3457,4.351393188854489
175876,2741,203,2944,13.502463054187192
175882,4014,69,4083,58.17391304347826
175890,3426,399,3825,8.586466165413533
175895,3775,153,3928,24.67320261437909
175896,1741,162,1903,10.746913580246911
175901,3642,34,3676,107.11764705882354
175912,3233,156,3389,20.72435897435897
175913,1912,123,2035,15.544715447154472
175928,3226,213,3439,15.145539906103286
175935,3825,221,4046,17.307692307692307
175937,1849,379,2228,4.878627968337731
175956,1519,42,1561,36.16666666666666
175960,1661,185,1846,8.978378378378379
175970,3518,211,3729,16.672985781990523
175979,85,1958,2043,0.04341164453524
175985,3372,191,3563,17.654450261780106
175987,1281,1433,2714,0.8939288206559665
175990,3675,113,3788,32.52212389380531
176008,2195,184,2379,11.929347826086955
176012,2339,83,2422,28.180722891566266
176022,2877,202,3079,14.242574257425742
176049,790,302,1092,2.615894039735099
176052,3636,103,3739,35.300970873786405
176086,2141,145,2286,14.76551724137931
176089,3070,77,3147,39.87012987012987
176094,2609,162,2771,16.104938271604937
176118,3982,99,4081,40.22222222222222
176123,3306,332,3638,9.957831325301203
176127,2432,221,2653,11.004524886877828
176138,1411,89,1500,15.853932584269662
176144,1733,381,2114,4.548556430446194
176159,1684,152,1836,11.078947368421051
176168,3053,153,3206,19.954248366013072
176186,3020,221,3241,13.665158371040723
176213,2981,249,3230,11.971887550200805
176231,3717,286,4003,12.996503496503497
176240,2922,118,3040,24.76271186440678
176243,3840,246,4086,15.609756097560975
176261,302,1039,1341,0.2906641000962464
176263,3287,139,3426,23.64748201438849
176267,2573,212,2785,12.13679245283019
176276,2457,330,2787,7.445454545454545
176310,3387,420,3807,8.064285714285715
176311,2563,106,2669,24.17924528301887
176313,2840,412,3252,6.893203883495145
176334,1180,67,1247,17.611940298507463
176342,3888,172,4060,22.6046511627907
176347,550,2267,2817,0.2426113806793118
176367,3416,272,3688,12.558823529411764
176371,3380,149,3529,22.684563758389263
176376,2809,132,2941,21.28030303030303
176380,3269,348,3617,9.39367816091954
176401,3303,220,3523,15.013636363636364
176429,2679,234,2913,11.448717948717947
176443,2627,76,2703,34.56578947368421
176448,3646,267,3913,13.655430711610489
176452,2108,173,2281,12.184971098265896
176461,2621,161,2782,16.279503105590063
176464,2894,268,3162,10.798507462686567
176466,2678,241,2919,11.112033195020746
176467,3764,293,4057,12.84641638225256
176481,1778,683,2461,2.603221083455344
176482,3678,348,4026,10.56896551724138
176488,1390,106,1496,13.11320754716981
176497,1827,140,1967,13.05
176498,3030,172,3202,17.61627906976744
176503,125,2682,2807,0.046607009694258
176504,49,3716,3765,0.0131862217438105
176509,3940,108,4048,36.48148148148148
176514,3946,105,4051,37.58095238095238
176520,2216,186,2402,11.913978494623656
176521,2225,59,2284,37.71186440677966
176522,3391,273,3664,12.421245421245422
176523,2690,301,2991,8.93687707641196
176529,2489,162,2651,15.364197530864198
176536,3140,179,3319,17.54189944134078
176539,2316,226,2542,10.247787610619469
176551,3625,223,3848,16.255605381165918
176557,3135,83,3218,37.7710843373494
176567,3125,317,3442,9.858044164037857
176584,3605,75,3680,48.06666666666667
176591,3200,161,3361,19.875776397515526
176600,1160,261,1421,4.444444444444445
176602,2153,350,2503,6.151428571428571
176604,3127,143,3270,21.867132867132867
176609,3623,225,3848,16.102222222222224
176621,3246,369,3615,8.796747967479675
176628,2588,148,2736,17.486486486486488
176634,963,161,1124,5.9813664596273295
176645,3841,235,4076,16.34468085106383
176648,2821,298,3119,9.466442953020136
176658,2813,77,2890,36.532467532467535
176662,1549,137,1686,11.306569343065693
176664,3394,145,3539,23.406896551724135
176705,1507,398,1905,3.78643216080402
176706,1652,253,1905,6.529644268774703
176712,3767,261,4028,14.432950191570882
176713,2314,206,2520,11.233009708737864
176722,3291,124,3415,26.54032258064516
176727,3246,250,3496,12.984
176730,3631,248,3879,14.641129032258064
176734,2008,118,2126,17.016949152542374
176762,2177,68,2245,32.01470588235294
176774,1358,259,1617,5.243243243243243
176787,1910,55,1965,34.72727272727273
176789,3261,157,3418,20.770700636942674
176811,2143,66,2209,32.46969696969697
176816,2426,116,2542,20.91379310344828
176827,2095,205,2300,10.21951219512195
176831,2381,31,2412,76.80645161290323
176834,1396,119,1515,11.731092436974787
176845,2871,166,3037,17.295180722891565
176854,3509,77,3586,45.57142857142857
176867,2224,382,2606,5.821989528795812
176870,2380,88,2468,27.045454545454547
176878,3249,239,3488,13.594142259414228
176884,2309,174,2483,13.270114942528735
176889,1959,284,2243,6.897887323943662
176891,2468,271,2739,9.1070110701107
176896,2244,197,2441,11.390862944162436
176899,3483,258,3741,13.5
176902,3724,161,3885,23.130434782608692
176903,2894,156,3050,18.55128205128205
176919,3456,118,3574,29.28813559322034
176921,1661,411,2072,4.041362530413625
176944,3106,150,3256,20.706666666666667
176945,55,3669,3724,0.0149904606159716
176955,1478,129,1607,11.457364341085272
176956,2967,271,3238,10.948339483394834
176968,2527,157,2684,16.095541401273884
176974,1556,138,1694,11.27536231884058
176982,1846,187,2033,9.871657754010696
176996,2926,166,3092,17.626506024096386
177010,2125,190,2315,11.18421052631579
177014,1429,86,1515,16.61627906976744
177018,3953,91,4044,43.43956043956044
177025,3764,179,3943,21.027932960893853
177047,3287,105,3392,31.304761904761904
177050,1171,212,1383,5.523584905660377
177054,3396,288,3684,11.791666666666666
177059,3374,127,3501,26.566929133858267
177060,1409,89,1498,15.831460674157304
177064,2054,321,2375,6.398753894080997
177082,3218,160,3378,20.1125
177083,3477,192,3669,18.109375
177088,2266,81,2347,27.97530864197531
177096,3261,276,3537,11.815217391304348
177111,3061,233,3294,13.13733905579399
177127,2507,184,2691,13.625
177141,3975,117,4092,33.97435897435897
177148,1013,130,1143,7.792307692307692
177149,2005,128,2133,15.6640625
177153,3807,182,3989,20.917582417582416
177161,3657,86,3743,42.52325581395349
177168,3574,110,3684,32.49090909090909
177169,1926,195,2121,9.876923076923076
177179,2202,190,2392,11.589473684210526
177189,308,1603,1911,0.1921397379912663
177190,1075,2889,3964,0.3721010730356525
177198,2772,217,2989,12.774193548387096
177218,3082,152,3234,20.276315789473685
177225,3634,138,3772,26.33333333333333
177227,3609,123,3732,29.341463414634145
177228,3740,130,3870,28.76923076923077
177240,2510,318,2828,7.8930817610062896
177243,3078,341,3419,9.026392961876834
177248,1242,129,1371,9.627906976744184
177250,614,787,1401,0.7801778907242694
177252,2544,213,2757,11.943661971830986
177266,3227,306,3533,10.545751633986928
177270,1473,164,1637,8.981707317073171
177276,3707,93,3800,39.86021505376344
177297,3412,193,3605,17.678756476683937
177298,3378,304,3682,11.111842105263158
177311,3337,119,3456,28.04201680672269
177319,3311,80,3391,41.3875
177321,3103,176,3279,17.630681818181817
177331,1973,39,2012,50.58974358974359
177332,3620,264,3884,13.712121212121213
177341,3801,150,3951,25.34
177345,3059,58,3117,52.741379310344826
177349,988,236,1224,4.186440677966102
177350,1475,307,1782,4.804560260586319
177355,1588,128,1716,12.40625
177364,1607,120,1727,13.391666666666667
177366,265,3729,3994,0.0710646285867524
177373,3403,253,3656,13.450592885375494
177377,2412,168,2580,14.357142857142858
177385,3512,361,3873,9.728531855955678
177391,1773,106,1879,16.72641509433962
177411,3657,259,3916,14.11969111969112
177419,1533,174,1707,8.810344827586206
177424,593,88,681,6.738636363636363
177425,1407,189,1596,7.444444444444445
177426,1412,498,1910,2.835341365461848
177455,3646,235,3881,15.514893617021276
177456,2761,110,2871,25.1
177471,2241,163,2404,13.748466257668712
177482,453,146,599,3.102739726027397
177483,2194,88,2282,24.931818181818183
177496,2333,161,2494,14.490683229813664
177508,3320,119,3439,27.899159663865547
177518,3633,98,3731,37.07142857142857
177525,2683,99,2782,27.1010101010101
177526,1152,165,1317,6.9818181818181815
177534,73,3789,3862,0.0192662971760358
177559,1690,70,1760,24.142857142857142
177576,3633,227,3860,16.004405286343612
177594,3088,40,3128,77.2
177606,2656,69,2725,38.492753623188406
177609,3793,94,3887,40.35106382978724
177627,3838,221,4059,17.36651583710407
177641,3530,190,3720,18.57894736842105
177648,3098,129,3227,24.015503875968992
177651,3723,359,4082,10.370473537604456
177655,1893,97,1990,19.51546391752577
177679,1854,166,2020,11.16867469879518
177687,1641,137,1778,11.978102189781024
177689,3232,238,3470,13.579831932773107
177695,3392,108,3500,31.40740740740741
177696,3027,206,3233,14.694174757281552
177698,2360,97,2457,24.329896907216494
177701,987,152,1139,6.493421052631579
177706,1631,190,1821,8.58421052631579
177710,3378,298,3676,11.335570469798656
177713,3423,138,3561,24.80434782608696
177715,3632,135,3767,26.903703703703705
177717,3760,109,3869,34.4954128440367
177718,3229,92,3321,35.09782608695652
177731,711,211,922,3.3696682464454977
177733,3603,132,3735,27.295454545454547
177741,3507,347,3854,10.106628242074928
177751,3147,393,3540,8.007633587786259
177755,1932,248,2180,7.790322580645161
177763,56,430,486,0.1302325581395348
177788,3488,166,3654,21.012048192771083
177796,3586,357,3943,10.044817927170868
177804,2184,150,2334,14.56
177811,1252,132,1384,9.484848484848484
177812,3785,162,3947,23.3641975308642
177817,3657,302,3959,12.109271523178808
177837,1799,346,2145,5.199421965317919
177850,3336,77,3413,43.324675324675326
177852,1403,285,1688,4.922807017543859
177855,2906,676,3582,4.298816568047338
177868,2539,138,2677,18.39855072463768
177870,3688,226,3914,16.31858407079646
177875,3184,354,3538,8.994350282485875
177877,2382,113,2495,21.079646017699115
177884,3684,112,3796,32.892857142857146
177889,1656,140,1796,11.82857142857143
177890,2556,201,2757,12.71641791044776
177907,3149,47,3196,67.0
177917,3810,162,3972,23.51851851851852
177929,3833,105,3938,36.50476190476191
177930,1417,104,1521,13.625
177933,3041,60,3101,50.68333333333333
177934,1772,148,1920,11.972972972972974
177942,2425,89,2514,27.247191011235955
177959,1,3992,3993,0.000250501002004
177971,2255,79,2334,28.54430379746836
177986,3503,121,3624,28.950413223140497
177994,2536,214,2750,11.850467289719626
177999,1215,309,1524,3.932038834951456
178017,2764,205,2969,13.482926829268292
178028,3529,113,3642,31.23008849557522
178041,3709,208,3917,17.83173076923077
178061,2978,263,3241,11.32319391634981
178079,1411,66,1477,21.37878787878788
178094,3870,134,4004,28.88059701492537
178108,1591,175,1766,9.09142857142857
178118,3446,100,3546,34.46
178133,2644,119,2763,22.218487394957982
178135,3755,190,3945,19.76315789473684
178141,3647,70,3717,52.1
178142,2333,45,2378,51.84444444444444
178145,3496,127,3623,27.52755905511811
178146,2073,271,2344,7.649446494464945
178149,3179,127,3306,25.03149606299213
178158,3469,118,3587,29.39830508474576
178159,1848,136,1984,13.588235294117649
178162,3546,277,3823,12.8014440433213
178167,3453,189,3642,18.26984126984127
178169,2867,128,2995,22.3984375
178174,3575,214,3789,16.705607476635514
178176,2546,186,2732,13.688172043010752
178177,4007,41,4048,97.73170731707316
178180,2550,96,2646,26.5625
178199,2925,330,3255,8.863636363636363
178209,341,3637,3978,0.0937585922463568
178229,1104,214,1318,5.158878504672897
178230,3489,71,3560,49.140845070422536
178231,3199,219,3418,14.60730593607306
178238,3630,131,3761,27.709923664122137
178244,3048,198,3246,15.393939393939394
178254,4017,66,4083,60.86363636363637
178256,2275,158,2433,14.39873417721519
178259,3612,232,3844,15.56896551724138
178269,3593,94,3687,38.223404255319146
178270,2407,96,2503,25.072916666666668
178273,2728,159,2887,17.157232704402517
178278,3364,249,3613,13.51004016064257
178291,3379,166,3545,20.35542168674699
178299,2453,191,2644,12.842931937172777
178306,1825,202,2027,9.034653465346535
178341,3035,95,3130,31.94736842105263
178344,2847,235,3082,12.114893617021275
178351,971,122,1093,7.959016393442623
178353,2850,146,2996,19.52054794520548
178384,3133,106,3239,29.556603773584907
178389,3308,196,3504,16.877551020408163
178392,3905,68,3973,57.4264705882353
178393,1175,115,1290,10.217391304347826
178396,1428,138,1566,10.347826086956522
178397,68,2505,2573,0.0271457085828343
178400,3067,254,3321,12.0748031496063
178401,3768,151,3919,24.95364238410596
178405,2912,180,3092,16.177777777777777
178408,1,4056,4057,0.0002465483234714
178419,2907,221,3128,13.153846153846152
178420,1238,190,1428,6.515789473684211
178429,804,374,1178,2.149732620320856
178443,2585,100,2685,25.85
178445,2442,392,2834,6.229591836734694
178448,2190,71,2261,30.84507042253521
178459,2168,213,2381,10.178403755868544
178481,2087,174,2261,11.994252873563218
178493,241,1175,1416,0.2051063829787234
178508,2558,139,2697,18.402877697841728
178533,2305,298,2603,7.73489932885906
178535,3136,167,3303,18.77844311377245
178547,3586,133,3719,26.962406015037597
178549,2487,215,2702,11.567441860465117
178552,3892,144,4036,27.02777777777778
178554,3306,171,3477,19.33333333333333
178574,3429,325,3754,10.55076923076923
178579,1600,112,1712,14.285714285714286
178580,3502,148,3650,23.66216216216216
178591,3692,226,3918,16.336283185840706
178603,3760,95,3855,39.578947368421055
178607,1906,263,2169,7.247148288973384
178618,3514,212,3726,16.57547169811321
178632,1920,282,2202,6.808510638297872
178637,3016,165,3181,18.27878787878788
178640,3124,164,3288,19.04878048780488
178661,2695,136,2831,19.81617647058824
178668,2332,136,2468,17.147058823529413
178669,2617,119,2736,21.991596638655466
178685,91,3548,3639,0.0256482525366403
178710,3514,413,3927,8.508474576271187
178723,99,3918,4017,0.0252679938744257
178724,2540,126,2666,20.15873015873016
178735,3259,169,3428,19.28402366863905
178739,3405,394,3799,8.642131979695431
178740,1462,341,1803,4.287390029325513
178755,2658,51,2709,52.11764705882353
178773,2463,34,2497,72.44117647058823
178783,1733,35,1768,49.51428571428571
178784,671,2615,3286,0.2565965583173996
178793,3229,228,3457,14.162280701754383
178795,3006,181,3187,16.607734806629836
178801,3804,181,3985,21.01657458563536
178810,1148,364,1512,3.1538461538461537
178815,72,1962,2034,0.036697247706422
178830,3539,240,3779,14.745833333333334
178838,2262,244,2506,9.270491803278688
178842,1405,103,1508,13.640776699029129
178852,3188,82,3270,38.8780487804878
178864,3432,306,3738,11.215686274509803
178867,2540,180,2720,14.11111111111111
178868,2247,163,2410,13.785276073619633
178873,2093,211,2304,9.919431279620854
178875,2105,119,2224,17.689075630252102
178880,2960,271,3231,10.92250922509225
178881,2390,220,2610,10.863636363636363
178890,3672,309,3981,11.883495145631068
178891,2964,205,3169,14.458536585365854
178892,3136,139,3275,22.56115107913669
178910,2564,147,2711,17.4421768707483
178915,3675,186,3861,19.758064516129032
178920,3488,489,3977,7.132924335378323
178924,2131,194,2325,10.984536082474229
178928,2249,257,2506,8.750972762645915
178939,2381,227,2608,10.48898678414097
178940,2839,256,3095,11.08984375
178961,2521,189,2710,13.33862433862434
178973,3898,139,4037,28.0431654676259
178984,3037,190,3227,15.98421052631579
178985,3922,163,4085,24.06134969325153
178989,3243,116,3359,27.95689655172414
178993,3478,153,3631,22.73202614379085
179004,2914,127,3041,22.944881889763774
179013,2400,155,2555,15.483870967741936
179022,2535,73,2608,34.726027397260275
179028,3488,240,3728,14.533333333333331
179032,2856,146,3002,19.56164383561644
179034,3376,179,3555,18.860335195530727
179043,1981,91,2072,21.76923076923077
179060,2813,151,2964,18.62913907284768
179066,3907,146,4053,26.76027397260274
179075,3115,148,3263,21.0472972972973
179082,3311,210,3521,15.766666666666667
179090,3740,199,3939,18.79396984924623
179095,2353,114,2467,20.640350877192983
179096,2066,25,2091,82.64
179108,3384,106,3490,31.92452830188679
179122,2391,181,2572,13.209944751381215
179127,1886,147,2033,12.829931972789115
179129,3151,190,3341,16.58421052631579
179137,1698,271,1969,6.265682656826568
179144,2850,167,3017,17.065868263473053
179169,2564,139,2703,18.446043165467625
179174,2723,55,2778,49.50909090909091
179180,1540,142,1682,10.845070422535212
179183,3653,85,3738,42.976470588235294
179184,3846,114,3960,33.73684210526316
179190,697,140,837,4.978571428571429
179198,1,1454,1455,0.0006877579092159
179226,3159,113,3272,27.95575221238938
179232,3899,192,4091,20.307291666666668
179241,1891,109,2000,17.34862385321101
179262,2675,182,2857,14.697802197802195
179265,3105,133,3238,23.345864661654137
179275,3736,105,3841,35.58095238095238
179277,2288,266,2554,8.601503759398497
179290,2302,139,2441,16.56115107913669
179316,2290,192,2482,11.927083333333334
179324,2937,128,3065,22.9453125
179326,3818,268,4086,14.24626865671642
179327,2194,168,2362,13.05952380952381
179356,3418,344,3762,9.936046511627907
179357,2971,194,3165,15.314432989690722
179371,1268,76,1344,16.68421052631579
179386,2083,75,2158,27.773333333333333
179393,2997,242,3239,12.384297520661155
179395,3567,202,3769,17.65841584158416
179397,3164,553,3717,5.7215189873417724
179419,2172,122,2294,17.80327868852459
179439,2715,111,2826,24.45945945945946
179453,1909,240,2149,7.954166666666667
179463,3043,216,3259,14.087962962962964
179464,1298,333,1631,3.8978978978978978
179475,2035,64,2099,31.796875
179477,3820,97,3917,39.381443298969074
179492,2867,126,2993,22.753968253968253
179497,3665,300,3965,12.216666666666669
179502,3309,158,3467,20.943037974683545
179518,1704,195,1899,8.738461538461538
179521,3931,46,3977,85.45652173913044
179531,2223,255,2478,8.717647058823529
179535,1023,1897,2920,0.5392725355824987
179537,3798,131,3929,28.99236641221374
179541,2729,165,2894,16.53939393939394
179544,2629,151,2780,17.410596026490065
179555,1170,27,1197,43.333333333333336
179558,2595,244,2839,10.635245901639344
179563,788,251,1039,3.139442231075697
179566,2551,236,2787,10.809322033898304
179572,2250,136,2386,16.544117647058822
179580,299,868,1167,0.3444700460829493
179583,3557,123,3680,28.91869918699187
179617,3057,194,3251,15.757731958762887
179628,3750,57,3807,65.78947368421052
179634,2000,236,2236,8.474576271186441
179642,1922,103,2025,18.660194174757283
179669,3030,221,3251,13.710407239819004
179670,3051,113,3164,27.0
179671,3874,196,4070,19.76530612244898
179682,3187,233,3420,13.678111587982832
179690,3191,165,3356,19.33939393939394
179694,3251,178,3429,18.264044943820224
179709,3763,219,3982,17.182648401826484
179720,2182,138,2320,15.81159420289855
179725,2115,85,2200,24.88235294117647
179726,3888,141,4029,27.574468085106385
179728,3786,230,4016,16.46086956521739
179729,1344,130,1474,10.33846153846154
179737,1925,227,2152,8.480176211453745
179738,2234,77,2311,29.01298701298701
179739,2153,145,2298,14.848275862068965
179741,2440,165,2605,14.787878787878787
179750,2610,111,2721,23.513513513513512
179764,3857,164,4021,23.51829268292683
179772,2298,172,2470,13.36046511627907
179776,2690,153,2843,17.58169934640523
179791,871,154,1025,5.655844155844156
179793,3339,292,3631,11.434931506849315
179815,1542,146,1688,10.561643835616438
179831,2251,386,2637,5.831606217616581
179833,3787,193,3980,19.621761658031087
179834,3950,143,4093,27.622377622377623
179847,3517,138,3655,25.48550724637681
179849,2175,243,2418,8.950617283950617
179852,2864,179,3043,16.0
179854,2735,58,2793,47.1551724137931
179855,3773,165,3938,22.866666666666667
179862,1279,342,1621,3.739766081871345
179875,3770,166,3936,22.710843373493976
179879,3118,391,3509,7.974424552429667
179883,2161,106,2267,20.38679245283019
179895,2657,106,2763,25.066037735849054
179898,3481,141,3622,24.68794326241135
179904,2817,271,3088,10.394833948339484
179906,1750,177,1927,9.887005649717514
179907,1523,79,1602,19.27848101265823
179917,2711,105,2816,25.81904761904762
179922,2275,97,2372,23.45360824742268
179924,3591,66,3657,54.40909090909091
179925,2320,239,2559,9.707112970711297
179926,3509,246,3755,14.264227642276422
179928,3540,116,3656,30.517241379310345
179940,2999,71,3070,42.23943661971831
179944,3572,156,3728,22.897435897435894
179945,1027,231,1258,4.445887445887446
179946,1411,399,1810,3.536340852130326
179957,3127,231,3358,13.536796536796537
179965,2966,67,3033,44.26865671641791
179966,3793,166,3959,22.849397590361445
179979,3102,134,3236,23.149253731343283
179987,2209,103,2312,21.446601941747574
179989,2314,176,2490,13.147727272727272
179995,3186,247,3433,12.898785425101217
179996,3344,168,3512,19.904761904761905
180011,2613,342,2955,7.640350877192983
180025,1585,135,1720,11.74074074074074
180033,3725,70,3795,53.21428571428572
180038,3187,155,3342,20.561290322580646
180039,2610,278,2888,9.388489208633093
180042,2998,522,3520,5.743295019157088
180062,2356,87,2443,27.080459770114945
180079,3150,193,3343,16.321243523316063
180083,3736,78,3814,47.8974358974359
180097,3030,178,3208,17.02247191011236
180104,3846,108,3954,35.611111111111114
180110,3581,329,3910,10.88449848024316
180112,3135,161,3296,19.472049689440997
180116,3758,333,4091,11.285285285285283
180119,3091,221,3312,13.986425339366516
180135,2094,218,2312,9.605504587155965
180141,2688,337,3025,7.976261127596439
180147,3244,352,3596,9.215909090909092
180148,3729,300,4029,12.43
180152,2486,276,2762,9.007246376811594
180158,3720,115,3835,32.34782608695652
180165,3212,152,3364,21.13157894736842
180166,3564,142,3706,25.098591549295776
180177,3818,218,4036,17.513761467889907
180187,2157,297,2454,7.262626262626263
180191,3169,115,3284,27.556521739130435
180194,2476,254,2730,9.748031496062993
180219,2873,37,2910,77.64864864864865
180223,2458,269,2727,9.137546468401489
180226,2793,124,2917,22.524193548387096
180235,1699,93,1792,18.26881720430108
180238,3335,59,3394,56.52542372881356
180250,2408,183,2591,13.158469945355192
180252,3352,32,3384,104.75
180260,54,2321,2375,0.0232658336923739
180264,3081,292,3373,10.5513698630137
180268,2074,89,2163,23.30337078651685
180272,1839,121,1960,15.198347107438016
180276,3818,277,4095,13.783393501805056
180304,3047,154,3201,19.785714285714285
180306,2058,96,2154,21.4375
180312,2390,196,2586,12.193877551020408
180341,2545,291,2836,8.745704467353951
180344,2009,46,2055,43.67391304347826
180360,3322,336,3658,9.886904761904765
180361,2606,402,3008,6.482587064676617
180366,892,2321,3213,0.3843171046962516
180370,1667,107,1774,15.57943925233645
180386,2149,108,2257,19.89814814814815
180387,2584,158,2742,16.354430379746834
180394,2127,84,2211,25.321428571428573
180400,116,2590,2706,0.0447876447876447
180404,3385,124,3509,27.298387096774192
180406,2247,133,2380,16.894736842105264
180408,1871,271,2142,6.904059040590406
180420,2750,260,3010,10.576923076923077
180424,1582,200,1782,7.91
180427,3794,120,3914,31.616666666666667
180430,2308,116,2424,19.89655172413793
180434,2193,131,2324,16.740458015267176
180449,2736,357,3093,7.663865546218488
180450,1045,2058,3103,0.5077745383867833
180456,3407,50,3457,68.14
180460,3872,102,3974,37.96078431372549
180466,2010,264,2274,7.613636363636363
180477,1994,83,2077,24.02409638554217
180478,3542,163,3705,21.73006134969325
180481,2610,103,2713,25.33980582524272
180484,1,2583,2584,0.0003871467286101
180503,3742,135,3877,27.71851851851852
180507,2953,71,3024,41.59154929577465
180508,3559,112,3671,31.776785714285715
180509,2417,192,2609,12.588541666666666
180513,2981,50,3031,59.62
180519,3165,178,3343,17.780898876404493
180526,3153,207,3360,15.231884057971014
180530,3057,49,3106,62.38775510204081
180555,2716,264,2980,10.287878787878787
180560,3561,209,3770,17.038277511961724
180567,1481,1043,2524,1.4199424736337487
180570,3253,116,3369,28.04310344827586
180576,85,3297,3382,0.0257810130421595
180585,1281,112,1393,11.4375
180586,2703,162,2865,16.685185185185187
180590,3612,139,3751,25.985611510791365
180600,3178,111,3289,28.63063063063063
180602,3559,194,3753,18.34536082474227
180607,3650,106,3756,34.43396226415094
180635,3997,97,4094,41.20618556701031
180642,2210,217,2427,10.184331797235023
180654,2532,165,2697,15.345454545454546
180666,2132,180,2312,11.844444444444443
180691,3009,170,3179,17.7
180712,2481,343,2824,7.233236151603498
180714,2687,376,3063,7.1462765957446805
180718,3826,161,3987,23.763975155279503
180719,2960,140,3100,21.142857142857142
180731,21,3509,3530,0.0059846110002849
180752,1149,2940,4089,0.3908163265306122
180757,3159,173,3332,18.260115606936417
180761,2953,126,3079,23.436507936507937
180763,3413,151,3564,22.60264900662252
180767,3538,173,3711,20.45086705202312
180775,3076,95,3171,32.37894736842105
180780,3717,291,4008,12.77319587628866
180787,2475,63,2538,39.285714285714285
180788,2126,134,2260,15.865671641791044
180802,1698,96,1794,17.6875
180816,2350,243,2593,9.670781893004117
180819,2437,136,2573,17.919117647058822
180830,2932,139,3071,21.093525179856115
180838,902,2503,3405,0.3603675589292848
180844,2866,159,3025,18.0251572327044
180849,3338,403,3741,8.28287841191067
180851,2155,233,2388,9.24892703862661
180855,3693,190,3883,19.43684210526316
180857,2225,95,2320,23.42105263157895
180858,3645,94,3739,38.77659574468085
180881,3598,114,3712,31.56140350877193
180896,3256,140,3396,23.257142857142856
180903,2031,77,2108,26.376623376623375
180905,1372,166,1538,8.265060240963855
180909,1995,225,2220,8.866666666666667
180915,3003,177,3180,16.966101694915253
180920,2706,87,2793,31.103448275862068
180931,2499,171,2670,14.614035087719298
180932,2289,91,2380,25.153846153846157
180938,2941,173,3114,17.0
180965,2110,346,2456,6.098265895953757
180983,1647,223,1870,7.385650224215246
180988,3447,402,3849,8.574626865671641
180989,2572,764,3336,3.3664921465968587
181004,2748,64,2812,42.9375
181008,1956,172,2128,11.372093023255816
181018,3283,335,3618,9.8
181020,3510,197,3707,17.81725888324873
181034,3550,391,3941,9.07928388746803
181035,3516,97,3613,36.24742268041237
181050,2325,121,2446,19.21487603305785
181051,3766,264,4030,14.265151515151516
181055,2460,102,2562,24.11764705882353
181069,3695,330,4025,11.196969696969695
181070,3408,125,3533,27.264
181074,2815,165,2980,17.060606060606062
181076,3983,78,4061,51.06410256410256
181083,2996,184,3180,16.282608695652176
181087,1918,111,2029,17.27927927927928
181090,3420,124,3544,27.580645161290324
181091,2028,169,2197,12.0
181093,3426,73,3499,46.93150684931507
181103,2093,309,2402,6.773462783171521
181117,3530,99,3629,35.656565656565654
181150,1195,57,1252,20.964912280701757
181164,2585,100,2685,25.85
181166,3512,331,3843,10.610271903323262
181167,1945,219,2164,8.881278538812785
181183,1847,73,1920,25.301369863013697
181193,2401,199,2600,12.06532663316583
181203,973,120,1093,8.108333333333333
181207,2310,117,2427,19.743589743589745
181210,2833,243,3076,11.65843621399177
181219,1308,190,1498,6.88421052631579
181222,1664,130,1794,12.8
181231,3982,82,4064,48.5609756097561
181239,1633,71,1704,23.0
181244,3789,134,3923,28.276119402985078
181263,2236,270,2506,8.281481481481482
181268,1302,2400,3702,0.5425
181275,2224,151,2375,14.728476821192054
181278,2861,126,2987,22.70634920634921
181292,2758,92,2850,29.97826086956522
181293,1367,174,1541,7.85632183908046
181301,3549,72,3621,49.29166666666666
181302,2521,250,2771,10.084
181312,3018,241,3259,12.522821576763484
181315,1860,204,2064,9.117647058823527
181317,2928,242,3170,12.099173553719009
181324,3836,168,4004,22.83333333333333
181330,1653,170,1823,9.723529411764703
181335,2025,392,2417,5.165816326530612
181341,2475,95,2570,26.05263157894737
181344,662,473,1135,1.3995771670190276
181357,3093,201,3294,15.388059701492535
181378,2651,128,2779,20.7109375
181388,2550,211,2761,12.085308056872035
181390,3591,203,3794,17.689655172413794
181397,3559,83,3642,42.87951807228916
181399,2283,146,2429,15.636986301369864
181404,3915,102,4017,38.38235294117647
181414,3750,121,3871,30.99173553719008
181424,3304,67,3371,49.3134328358209
181426,1717,150,1867,11.446666666666667
181430,3398,193,3591,17.60621761658031
181432,2618,171,2789,15.309941520467836
181437,3810,88,3898,43.29545454545455
181438,3054,181,3235,16.87292817679558
181454,3283,93,3376,35.30107526881721
181459,3407,229,3636,14.87772925764192
181464,1517,168,1685,9.029761904761903
181466,1117,166,1283,6.728915662650603
181471,2238,161,2399,13.900621118012422
181472,3224,129,3353,24.992248062015506
181477,1994,137,2131,14.554744525547443
181479,3357,299,3656,11.22742474916388
181485,3348,55,3403,60.87272727272728
181489,3129,106,3235,29.5188679245283
181500,2590,70,2660,37.0
181503,3802,146,3948,26.04109589041096
181506,1586,227,1813,6.986784140969163
181514,3176,367,3543,8.653950953678475
181523,2487,170,2657,14.629411764705882
181524,3497,136,3633,25.71323529411765
181528,1854,89,1943,20.831460674157302
181545,2790,74,2864,37.7027027027027
181546,3266,162,3428,20.160493827160494
181552,987,169,1156,5.840236686390533
181559,2412,134,2546,18.0
181562,2738,106,2844,25.83018867924528
181563,3027,111,3138,27.27027027027027
181583,3350,114,3464,29.385964912280706
181585,3394,163,3557,20.822085889570552
181589,3248,152,3400,21.36842105263158
181600,3897,190,4087,20.510526315789477
181607,2783,172,2955,16.180232558139537
181631,83,2777,2860,0.0298883687432481
181635,3601,153,3754,23.535947712418302
181643,3277,384,3661,8.533854166666666
181656,2187,109,2296,20.06422018348624
181658,2238,177,2415,12.64406779661017
181661,2946,208,3154,14.163461538461538
181683,1844,171,2015,10.783625730994151
181691,3843,90,3933,42.7
181700,2001,197,2198,10.157360406091373
181717,2688,159,2847,16.90566037735849
181718,3214,164,3378,19.59756097560976
181720,2916,247,3163,11.805668016194332
181725,3688,245,3933,15.053061224489795
181727,3357,149,3506,22.53020134228188
181741,2611,350,2961,7.46
181749,1573,112,1685,14.044642857142858
181755,2868,43,2911,66.69767441860465
181757,2353,164,2517,14.347560975609756
181758,3176,157,3333,20.22929936305733
181762,2222,273,2495,8.139194139194139
181771,1019,316,1335,3.2246835443037973
181784,1624,117,1741,13.88034188034188
181787,3782,112,3894,33.767857142857146
181789,3884,204,4088,19.03921568627451
181790,2502,479,2981,5.223382045929019
181791,3851,166,4017,23.198795180722893
181794,2943,133,3076,22.127819548872186
181799,3052,132,3184,23.12121212121212
181809,607,311,918,1.9517684887459807
181815,2912,89,3001,32.71910112359551
181824,3450,202,3652,17.07920792079208
181825,2445,138,2583,17.717391304347824
181826,3006,399,3405,7.533834586466165
181828,2540,120,2660,21.166666666666668
181831,555,1489,2044,0.3727333781061114
181849,3120,190,3310,16.42105263157895
181856,3983,63,4046,63.22222222222222
181860,3974,64,4038,62.09375
181864,612,62,674,9.870967741935484
181871,2579,165,2744,15.63030303030303
181880,2920,52,2972,56.15384615384615
181886,2537,135,2672,18.79259259259259
181889,3486,80,3566,43.575
181895,2520,360,2880,7.0
181901,1996,122,2118,16.360655737704917
181908,3134,98,3232,31.97959183673469
181920,3779,308,4087,12.26948051948052
181961,3683,366,4049,10.062841530054644
181978,2028,600,2628,3.38
181979,3152,200,3352,15.76
181988,2227,179,2406,12.441340782122904
182008,2892,645,3537,4.483720930232559
182012,2715,176,2891,15.426136363636363
182018,2877,302,3179,9.526490066225165
182032,2304,183,2487,12.59016393442623
182050,2155,241,2396,8.941908713692946
182056,2213,67,2280,33.02985074626866
182058,3220,350,3570,9.2
182059,2886,252,3138,11.452380952380953
182069,2830,176,3006,16.079545454545453
182074,2928,174,3102,16.82758620689655
182077,607,2985,3592,0.2033500837520938
182079,2883,251,3134,11.48605577689243
182086,3653,163,3816,22.41104294478528
182090,1854,177,2031,10.47457627118644
182097,3779,59,3838,64.05084745762711
182107,1776,240,2016,7.4
182109,3293,257,3550,12.813229571984436
182110,2442,258,2700,9.465116279069768
182112,3508,208,3716,16.865384615384617
182119,2204,189,2393,11.66137566137566
182126,140,2696,2836,0.0519287833827893
182144,3335,88,3423,37.89772727272727
182151,2650,141,2791,18.79432624113475
182159,393,124,517,3.169354838709677
182163,3160,260,3420,12.153846153846152
182168,3705,185,3890,20.027027027027028
182184,1954,187,2141,10.449197860962569
182187,1846,94,1940,19.638297872340427
182197,3810,106,3916,35.943396226415096
182200,2491,187,2678,13.320855614973262
182233,3848,139,3987,27.68345323741007
182243,2205,110,2315,20.045454545454547
182252,1985,200,2185,9.925
182260,1994,78,2072,25.56410256410257
182264,2454,227,2681,10.810572687224669
182269,3434,343,3777,10.011661807580175
182279,2613,347,2960,7.530259365994237
182285,3330,219,3549,15.205479452054794
182296,3817,196,4013,19.47448979591837
182298,3286,247,3533,13.303643724696355
182323,3772,115,3887,32.8
182326,1477,392,1869,3.767857142857143
182331,1713,164,1877,10.445121951219512
182332,2501,294,2795,8.506802721088436
182339,3546,207,3753,17.130434782608695
182341,2243,263,2506,8.52851711026616
182347,3822,197,4019,19.401015228426395
182355,1966,70,2036,28.085714285714285
182359,2911,129,3040,22.565891472868216
182381,2196,180,2376,12.2
182388,2064,309,2373,6.679611650485437
182419,2594,191,2785,13.581151832460732
182422,3414,163,3577,20.94478527607362
182423,2049,231,2280,8.87012987012987
182432,2978,99,3077,30.08080808080808
182436,3397,240,3637,14.154166666666669
182443,3271,233,3504,14.03862660944206
182444,2721,179,2900,15.201117318435754
182451,3735,215,3950,17.372093023255815
182466,3275,136,3411,24.080882352941178
182471,1840,141,1981,13.04964539007092
182478,2140,147,2287,14.5578231292517
182480,1935,15,1950,129.0
182485,2702,264,2966,10.234848484848484
182500,2026,192,2218,10.552083333333334
182505,2017,278,2295,7.255395683453237
182510,829,2634,3463,0.3147304479878511
182528,2763,249,3012,11.096385542168674
182531,3798,149,3947,25.48993288590604
182533,3086,99,3185,31.171717171717173
182560,3467,295,3762,11.752542372881356
182561,3017,376,3393,8.023936170212766
182577,2067,150,2217,13.78
182580,2996,129,3125,23.224806201550383
182581,2466,296,2762,8.33108108108108
182582,1171,125,1296,9.368
182583,2648,143,2791,18.51748251748252
182584,2704,197,2901,13.725888324873097
182591,2696,116,2812,23.24137931034483
182592,1888,203,2091,9.300492610837438
182594,3720,290,4010,12.827586206896552
182596,3020,183,3203,16.502732240437158
182620,3629,95,3724,38.2
182624,3744,167,3911,22.419161676646706
182631,3527,132,3659,26.71969696969697
182632,2946,239,3185,12.326359832635983
182639,2489,298,2787,8.35234899328859
182640,2770,287,3057,9.651567944250871
182647,2689,91,2780,29.54945054945055
182654,2659,153,2812,17.37908496732026
182660,1663,140,1803,11.878571428571428
182663,2492,289,2781,8.622837370242214
182683,2736,59,2795,46.3728813559322
182698,2498,331,2829,7.546827794561934
182707,2333,116,2449,20.11206896551724
182714,2004,85,2089,23.576470588235296
182715,2980,143,3123,20.83916083916084
182719,1628,90,1718,18.08888888888889
182720,3218,188,3406,17.117021276595743
182723,3365,277,3642,12.148014440433212
182729,2051,83,2134,24.710843373493976
182734,2642,166,2808,15.91566265060241
182737,1782,137,1919,13.007299270072991
182756,2843,234,3077,12.149572649572647
182760,2324,44,2368,52.81818181818182
182768,3350,80,3430,41.875
182771,3068,256,3324,11.984375
182781,2552,86,2638,29.67441860465116
182790,1693,158,1851,10.71518987341772
182799,3541,108,3649,32.78703703703704
182801,2999,151,3150,19.86092715231788
182812,3452,133,3585,25.954887218045112
182814,3649,41,3690,89.0
182823,2273,132,2405,17.21969696969697
182841,3145,176,3321,17.869318181818183
182846,3265,265,3530,12.320754716981131
182862,3766,173,3939,21.76878612716763
182867,2046,239,2285,8.560669456066945
182868,3277,163,3440,20.104294478527606
182880,2869,249,3118,11.522088353413654
182894,3863,165,4028,23.41212121212121
182899,3514,357,3871,9.84313725490196
182900,2609,139,2748,18.769784172661872
182905,1939,93,2032,20.8494623655914
182915,3804,217,4021,17.52995391705069
182919,2409,354,2763,6.805084745762712
182926,2819,200,3019,14.095
182937,3360,461,3821,7.288503253796096
182946,3811,146,3957,26.1027397260274
182947,3068,185,3253,16.583783783783783
182949,2534,269,2803,9.42007434944238
182955,3233,242,3475,13.359504132231406
182959,3377,245,3622,13.783673469387756
182968,841,378,1219,2.2248677248677247
182972,3509,228,3737,15.390350877192985
182995,3546,185,3731,19.167567567567566
183008,3575,135,3710,26.48148148148148
183013,2588,162,2750,15.975308641975309
183023,2989,161,3150,18.565217391304348
183031,1433,165,1598,8.684848484848485
183032,2719,74,2793,36.74324324324324
183033,470,1698,2168,0.2767962308598351
183039,3644,196,3840,18.59183673469388
183043,2177,1425,3602,1.527719298245614
183048,3564,173,3737,20.60115606936416
183061,2875,26,2901,110.57692307692308
183072,3218,114,3332,28.2280701754386
183077,2450,205,2655,11.951219512195122
183079,3790,106,3896,35.75471698113208
183090,3358,88,3446,38.15909090909091
183091,2804,236,3040,11.88135593220339
183097,2722,68,2790,40.02941176470589
183101,3715,129,3844,28.7984496124031
183105,3867,161,4028,24.018633540372672
183107,3656,89,3745,41.07865168539326
183111,2146,108,2254,19.87037037037037
183112,3326,190,3516,17.50526315789474
183117,3776,80,3856,47.2
183126,2120,124,2244,17.096774193548388
183129,477,2625,3102,0.1817142857142857
183149,2548,259,2807,9.83783783783784
183166,1553,56,1609,27.732142857142858
183178,2955,81,3036,36.48148148148148
183186,2044,43,2087,47.53488372093023
183187,3878,172,4050,22.546511627906977
183196,80,3735,3815,0.0214190093708166
183200,996,1749,2745,0.5694682675814752
183201,3052,103,3155,29.631067961165048
183208,2635,217,2852,12.142857142857142
183211,2719,213,2932,12.765258215962442
183219,2560,306,2866,8.366013071895425
183224,2134,104,2238,20.51923076923077
183234,3827,181,4008,21.14364640883978
183235,1325,289,1614,4.58477508650519
183238,2345,70,2415,33.5
183245,1426,289,1715,4.9342560553633215
183253,3421,154,3575,22.214285714285715
183273,3403,165,3568,20.624242424242425
183278,2498,178,2676,14.03370786516854
183281,3193,141,3334,22.645390070921987
183282,3386,76,3462,44.55263157894737
183286,2626,212,2838,12.38679245283019
183299,2708,100,2808,27.08
183305,1313,101,1414,13.0
183316,3316,72,3388,46.05555555555556
183317,2639,436,3075,6.052752293577981
183320,107,3808,3915,0.0280987394957983
183339,1545,136,1681,11.360294117647058
183346,884,114,998,7.754385964912281
183348,2663,173,2836,15.393063583815028
183362,2744,184,2928,14.91304347826087
183367,3451,199,3650,17.34170854271357
183368,2088,110,2198,18.98181818181818
183372,3158,165,3323,19.13939393939394
183378,208,2088,2296,0.0996168582375478
183383,1731,80,1811,21.6375
183384,1648,166,1814,9.927710843373497
183388,3446,379,3825,9.092348284960424
183392,3072,274,3346,11.211678832116789
183395,3168,72,3240,44.0
183403,3278,176,3454,18.625
183446,669,1310,1979,0.5106870229007634
183451,3605,240,3845,15.020833333333334
183452,2899,107,3006,27.093457943925237
183469,2712,101,2813,26.85148514851485
183484,1627,204,1831,7.975490196078431
183485,3332,208,3540,16.01923076923077
183491,2988,239,3227,12.502092050209203
183495,2406,368,2774,6.538043478260869
183508,2578,106,2684,24.32075471698113
183512,1307,123,1430,10.626016260162602
183527,2606,969,3575,2.6893704850361195
183533,3631,174,3805,20.867816091954023
183541,2187,84,2271,26.035714285714285
183549,3321,91,3412,36.494505494505496
183557,2435,251,2686,9.701195219123504
183562,2896,246,3142,11.772357723577237
183572,2941,142,3083,20.711267605633804
183573,1914,141,2055,13.574468085106384
183574,3058,275,3333,11.12
183581,1968,98,2066,20.081632653061224
183595,3501,102,3603,34.3235294117647
183606,3595,241,3836,14.91701244813278
183613,3715,120,3835,30.95833333333333
183623,2163,130,2293,16.638461538461538
183626,3575,389,3964,9.190231362467866
183636,3775,153,3928,24.67320261437909
183637,3951,44,3995,89.79545454545455
183640,3203,437,3640,7.329519450800915
183647,3460,178,3638,19.43820224719101
183650,2769,219,2988,12.643835616438356
183657,2393,147,2540,16.27891156462585
183660,1890,115,2005,16.434782608695652
183661,1974,306,2280,6.450980392156863
183663,2639,231,2870,11.424242424242424
183691,3674,212,3886,17.330188679245282
183697,2972,162,3134,18.34567901234568
183699,3152,258,3410,12.217054263565892
183703,3171,382,3553,8.301047120418849
183706,1913,112,2025,17.080357142857142
183722,3834,199,4033,19.266331658291456
183734,3257,94,3351,34.648936170212764
183737,3862,119,3981,32.45378151260504
183745,3563,299,3862,11.91638795986622
183747,3694,335,4029,11.026865671641792
183757,2669,222,2891,12.022522522522523
183776,2139,127,2266,16.84251968503937
183797,1419,286,1705,4.961538461538462
183802,2669,107,2776,24.94392523364486
183806,2884,133,3017,21.68421052631579
183816,3470,128,3598,27.109375
183826,3658,125,3783,29.264
183833,411,1443,1854,0.2848232848232848
183839,3823,127,3950,30.10236220472441
183855,2290,146,2436,15.684931506849315
183856,2447,183,2630,13.371584699453551
183857,2893,199,3092,14.537688442211056
183858,2600,203,2803,12.807881773399014
183860,1805,60,1865,30.08333333333333
183861,1441,211,1652,6.829383886255924
183868,1472,46,1518,32.0
183869,2577,89,2666,28.95505617977528
183878,3210,128,3338,25.078125
183885,2648,775,3423,3.4167741935483877
183892,3096,74,3170,41.83783783783784
183899,1987,206,2193,9.645631067961164
183904,3962,66,4028,60.03030303030303
183907,2779,261,3040,10.647509578544062
183917,2013,90,2103,22.366666666666667
183922,2396,138,2534,17.36231884057971
183930,2405,209,2614,11.507177033492823
183937,2814,289,3103,9.737024221453288
183939,2900,413,3313,7.021791767554479
183945,3864,197,4061,19.614213197969544
183947,3396,134,3530,25.34328358208955
183968,3000,41,3041,73.17073170731707
183974,2976,172,3148,17.302325581395348
183985,3010,350,3360,8.6
183986,2598,100,2698,25.98
183991,1273,389,1662,3.2724935732647813
183999,2388,379,2767,6.300791556728232
184000,3054,127,3181,24.04724409448819
184016,3742,48,3790,77.95833333333333
184020,2012,158,2170,12.734177215189874
184021,2145,198,2343,10.833333333333334
184027,3031,126,3157,24.05555555555556
184030,2895,160,3055,18.09375
184033,2936,298,3234,9.85234899328859
184036,3697,68,3765,54.36764705882353
184039,3922,133,4055,29.48872180451128
184049,1858,224,2082,8.294642857142858
184050,3129,72,3201,43.458333333333336
184056,3159,143,3302,22.09090909090909
184064,1798,1931,3729,0.9311237700673226
184077,1951,90,2041,21.677777777777777
184082,590,125,715,4.72
184091,2167,121,2288,17.90909090909091
184092,2979,37,3016,80.51351351351352
184100,3274,221,3495,14.81447963800905
184111,2635,186,2821,14.166666666666666
184113,3336,116,3452,28.75862068965517
184117,666,2441,3107,0.2728390004096682
184119,3417,158,3575,21.626582278481013
184124,911,73,984,12.47945205479452
184133,2899,310,3209,9.351612903225806
184134,2416,1619,4035,1.4922791846819023
184173,2844,192,3036,14.8125
184177,2957,265,3222,11.158490566037736
184182,3723,92,3815,40.46739130434783
184184,3925,37,3962,106.08108108108108
184189,3702,263,3965,14.076045627376423
184191,2226,94,2320,23.680851063829788
184207,2617,326,2943,8.02760736196319
184213,2004,39,2043,51.38461538461539
184231,2984,87,3071,34.298850574712645
184238,636,3246,3882,0.1959334565619223
184240,3525,215,3740,16.3953488372093
184267,2252,170,2422,13.24705882352941
184274,23,2556,2579,0.008998435054773
184285,2150,181,2331,11.878453038674031
184294,3014,231,3245,13.047619047619047
184296,3229,264,3493,12.231060606060606
184305,1859,368,2227,5.051630434782608
184314,29,3036,3065,0.0095520421607378
184336,2447,113,2560,21.654867256637168
184343,3001,132,3133,22.734848484848484
184351,2458,102,2560,24.098039215686278
184353,92,2179,2271,0.0422212023864157
184369,2855,140,2995,20.392857142857142
184384,2039,162,2201,12.58641975308642
184395,1184,154,1338,7.688311688311688
184403,1491,225,1716,6.626666666666667
184404,2008,111,2119,18.09009009009009
184414,1558,98,1656,15.89795918367347
184417,3721,151,3872,24.642384105960264
184420,2381,254,2635,9.374015748031496
184425,3614,109,3723,33.15596330275229
184428,3643,250,3893,14.572
184429,1886,95,1981,19.852631578947367
184431,285,1865,2150,0.1528150134048257
184434,3721,246,3967,15.126016260162602
184458,769,263,1032,2.923954372623574
184459,3583,116,3699,30.88793103448276
184463,1628,107,1735,15.214953271028037
184464,2169,96,2265,22.59375
184468,1634,106,1740,15.41509433962264
184471,3779,126,3905,29.99206349206349
184473,2541,34,2575,74.73529411764706
184476,1957,418,2375,4.681818181818182
184482,3197,90,3287,35.522222222222226
184483,1723,114,1837,15.114035087719298
184496,1935,125,2060,15.48
184497,3664,172,3836,21.302325581395348
184505,1175,2774,3949,0.4235760634462869
184529,2651,283,2934,9.36749116607774
184530,1330,135,1465,9.851851851851851
184535,2986,155,3141,19.26451612903226
184539,1509,90,1599,16.766666666666666
184545,4016,55,4071,73.01818181818182
184552,2945,603,3548,4.88391376451078
184558,3645,418,4063,8.720095693779903
184570,530,503,1033,1.0536779324055665
184580,2558,138,2696,18.536231884057973
184600,3969,112,4081,35.4375
184607,650,2782,3432,0.2336448598130841
184623,2838,44,2882,64.5
184630,2675,447,3122,5.984340044742729
184632,1668,85,1753,19.623529411764707
184637,2087,156,2243,13.378205128205128
184642,3744,272,4016,13.764705882352942
184647,3755,64,3819,58.671875
184651,946,120,1066,7.883333333333334
184652,3228,162,3390,19.925925925925927
184656,3136,131,3267,23.938931297709924
184663,3449,290,3739,11.893103448275864
184672,3247,196,3443,16.566326530612244
184698,2072,147,2219,14.095238095238097
184702,1474,166,1640,8.879518072289157
184706,1867,139,2006,13.431654676258994
184728,3824,172,3996,22.232558139534884
184749,2853,80,2933,35.6625
184750,2580,570,3150,4.526315789473684
184751,3150,132,3282,23.863636363636363
184754,3076,231,3307,13.316017316017316
184770,1624,144,1768,11.27777777777778
184780,2808,211,3019,13.308056872037914
184782,1850,394,2244,4.695431472081219
184792,1648,108,1756,15.25925925925926
184811,2372,153,2525,15.50326797385621
184817,3662,224,3886,16.348214285714285
184820,3642,282,3924,12.914893617021276
184831,3072,91,3163,33.75824175824176
184850,3838,170,4008,22.576470588235296
184855,2094,285,2379,7.347368421052631
184858,1673,90,1763,18.58888888888889
184860,2281,188,2469,12.132978723404255
184864,2273,116,2389,19.594827586206897
184875,2115,134,2249,15.78358208955224
184886,393,3569,3962,0.1101148781171196
184891,3660,70,3730,52.285714285714285
184911,1112,176,1288,6.318181818181818
184912,2865,149,3014,19.22818791946309
184916,3804,142,3946,26.7887323943662
184920,3135,145,3280,21.620689655172413
184932,3077,157,3234,19.598726114649683
184946,2020,145,2165,13.93103448275862
184958,2198,108,2306,20.35185185185185
184969,3006,46,3052,65.34782608695652
184985,3766,220,3986,17.118181818181817
184998,3913,69,3982,56.71014492753624
185001,3906,133,4039,29.36842105263158
185003,1366,221,1587,6.180995475113122
185008,1805,276,2081,6.5398550724637685
185018,1042,253,1295,4.118577075098814
185020,2231,96,2327,23.23958333333333
185022,292,1830,2122,0.1595628415300546
185028,2026,32,2058,63.3125
185031,3555,209,3764,17.00956937799043
185036,3575,178,3753,20.084269662921347
185044,1363,159,1522,8.572327044025156
185045,2677,69,2746,38.79710144927536
185049,2795,59,2854,47.3728813559322
185082,2511,45,2556,55.8
185111,719,218,937,3.2981651376146788
185118,3780,78,3858,48.46153846153846
185122,3704,75,3779,49.38666666666666
185134,2020,105,2125,19.23809523809524
185140,2456,119,2575,20.638655462184875
185163,1491,96,1587,15.53125
185164,3287,365,3652,9.005479452054795
185169,3387,152,3539,22.282894736842103
185196,3111,124,3235,25.08870967741936
185201,1019,50,1069,20.38
185203,2623,260,2883,10.08846153846154
185217,1917,179,2096,10.70949720670391
185227,3116,51,3167,61.09803921568628
185234,1923,89,2012,21.60674157303371
185247,3062,264,3326,11.598484848484848
185267,3810,176,3986,21.647727272727277
185273,3542,263,3805,13.467680608365018
185274,146,1477,1623,0.0988490182802979
185279,3009,83,3092,36.25301204819277
185287,2303,87,2390,26.471264367816094
185289,1397,125,1522,11.176
185290,2189,252,2441,8.686507936507937
185310,3810,145,3955,26.27586206896552
185321,2425,107,2532,22.66355140186916
185324,3740,82,3822,45.609756097560975
185325,1817,339,2156,5.359882005899705
185331,2723,70,2793,38.9
185337,3699,303,4002,12.207920792079207
185339,3573,281,3854,12.715302491103202
185352,2430,76,2506,31.973684210526315
185353,2694,141,2835,19.106382978723403
185355,1196,128,1324,9.34375
185366,3005,186,3191,16.155913978494624
185368,3515,169,3684,20.798816568047336
185372,1600,198,1798,8.080808080808081
185378,2047,157,2204,13.038216560509554
185380,2947,92,3039,32.03260869565217
185389,892,166,1058,5.373493975903615
185391,3484,156,3640,22.33333333333333
185399,3138,221,3359,14.199095022624434
185422,1521,208,1729,7.3125
185430,3391,158,3549,21.462025316455694
185433,2671,295,2966,9.054237288135592
185440,3728,63,3791,59.17460317460318
185442,2605,91,2696,28.626373626373628
185443,2650,281,2931,9.430604982206406
185444,3357,153,3510,21.94117647058824
185452,3787,300,4087,12.623333333333331
185457,3717,181,3898,20.535911602209943
185461,2697,173,2870,15.589595375722544
185481,3571,154,3725,23.18831168831169
185482,649,170,819,3.8176470588235296
185488,1598,145,1743,11.020689655172411
185497,2821,306,3127,9.218954248366012
185513,1896,76,1972,24.94736842105263
185514,1947,251,2198,7.756972111553785
185529,2763,158,2921,17.4873417721519
185531,3077,343,3420,8.970845481049563
185536,3698,238,3936,15.53781512605042
185537,3312,276,3588,12.0
185539,1122,113,1235,9.929203539823009
185545,3471,198,3669,17.53030303030303
185547,3662,91,3753,40.24175824175824
185550,3650,257,3907,14.202334630350194
185553,2676,170,2846,15.741176470588234
185565,3414,126,3540,27.09523809523809
185578,2837,278,3115,10.20503597122302
185595,3645,108,3753,33.75
185600,2668,211,2879,12.644549763033176
185608,1308,158,1466,8.278481012658228
185610,2197,103,2300,21.33009708737864
185627,3162,171,3333,18.49122807017544
185635,3736,129,3865,28.96124031007752
185640,3445,494,3939,6.973684210526316
185651,2707,331,3038,8.178247734138973
185665,1980,289,2269,6.85121107266436
185668,3111,165,3276,18.854545454545452
185673,2585,184,2769,14.048913043478262
185677,3813,238,4051,16.021008403361346
185682,3562,226,3788,15.761061946902656
185683,2823,503,3326,5.612326043737575
185684,1,3632,3633,0.0002753303964757
185687,3309,103,3412,32.12621359223301
185692,520,287,807,1.8118466898954704
185696,3737,202,3939,18.5
185697,3668,57,3725,64.35087719298245
185698,2744,270,3014,10.162962962962965
185700,3270,475,3745,6.88421052631579
185709,2634,136,2770,19.36764705882353
185710,1716,143,1859,12.0
185719,3180,95,3275,33.473684210526315
185722,1902,182,2084,10.45054945054945
185732,2590,147,2737,17.61904761904762
185746,2294,194,2488,11.824742268041238
185748,3385,148,3533,22.87162162162162
185770,857,149,1006,5.751677852348993
185775,2781,140,2921,19.864285714285717
185777,3311,758,4069,4.3680738786279685
185785,2048,160,2208,12.8
185795,3371,372,3743,9.061827956989248
185819,3803,236,4039,16.114406779661017
185824,2783,131,2914,21.244274809160306
185827,3857,167,4024,23.09580838323353
185840,2031,283,2314,7.176678445229682
185849,3152,162,3314,19.45679012345679
185851,3920,87,4007,45.05747126436781
185861,3154,175,3329,18.02285714285714
185865,2795,147,2942,19.01360544217687
185871,1804,182,1986,9.912087912087912
185883,1825,397,2222,4.596977329974811
185898,916,226,1142,4.053097345132743
185927,1509,107,1616,14.102803738317755
185928,2568,93,2661,27.61290322580645
185931,3730,209,3939,17.84688995215311
185935,2835,97,2932,29.22680412371134
185940,1418,342,1760,4.146198830409356
185948,2478,165,2643,15.018181818181818
185963,2937,105,3042,27.97142857142857
185982,2386,299,2685,7.979933110367891
185986,2708,162,2870,16.71604938271605
185987,2680,95,2775,28.210526315789476
185990,1948,250,2198,7.792
185993,2662,216,2878,12.324074074074074
185997,3770,85,3855,44.35294117647059
186000,3351,162,3513,20.685185185185187
186001,1202,118,1320,10.186440677966102
186004,1772,181,1953,9.790055248618785
186015,2830,345,3175,8.202898550724637
186017,37,3892,3929,0.0095066803699897
186018,3257,201,3458,16.203980099502488
186022,1022,388,1410,2.634020618556701
186028,2516,148,2664,17.0
186029,2135,97,2232,22.010309278350515
186043,2407,135,2542,17.82962962962963
186057,441,1410,1851,0.3127659574468085
186061,3356,147,3503,22.829931972789115
186063,1818,169,1987,10.757396449704142
186066,3400,120,3520,28.33333333333333
186071,3451,117,3568,29.49572649572649
186078,2726,291,3017,9.36769759450172
186088,2443,202,2645,12.094059405940596
186100,3592,72,3664,49.888888888888886
186101,2148,146,2294,14.712328767123289
186145,3035,585,3620,5.188034188034188
186158,1723,273,1996,6.311355311355311
186171,2103,176,2279,11.948863636363637
186175,3471,155,3626,22.39354838709677
186178,2647,127,2774,20.84251968503937
186197,3230,254,3484,12.716535433070868
186218,3760,154,3914,24.415584415584416
186222,1936,140,2076,13.82857142857143
186223,3657,128,3785,28.5703125
186230,2501,116,2617,21.560344827586206
186234,3488,38,3526,91.78947368421052
186242,3133,209,3342,14.990430622009567
186250,3280,156,3436,21.025641025641026
186258,2398,252,2650,9.515873015873016
186261,1182,44,1226,26.863636363636363
186270,1584,82,1666,19.317073170731707
186273,3898,181,4079,21.535911602209943
186274,3830,215,4045,17.813953488372093
186276,3670,120,3790,30.58333333333333
186300,1670,215,1885,7.767441860465116
186335,2757,299,3056,9.220735785953178
186346,1965,141,2106,13.936170212765957
186347,1893,114,2007,16.605263157894736
186357,3752,26,3778,144.30769230769232
186362,1791,135,1926,13.266666666666667
186369,2404,97,2501,24.783505154639176
186370,1254,174,1428,7.206896551724138
186377,3420,190,3610,18.0
186391,2297,127,2424,18.086614173228348
186393,2859,308,3167,9.282467532467532
186404,2574,49,2623,52.53061224489796
186422,1556,287,1843,5.421602787456446
186423,3039,363,3402,8.37190082644628
186424,3064,220,3284,13.927272727272728
186426,1560,24,1584,65.0
186439,3308,275,3583,12.02909090909091
186448,504,740,1244,0.6810810810810811
186451,3604,156,3760,23.102564102564106
186459,1748,115,1863,15.2
186461,1838,395,2233,4.653164556962025
186469,2280,97,2377,23.50515463917526
186472,2715,203,2918,13.374384236453205
186476,3429,176,3605,19.482954545454547
186477,1470,68,1538,21.61764705882353
186480,3927,71,3998,55.309859154929576
186481,2487,159,2646,15.641509433962264
186493,2790,185,2975,15.08108108108108
186499,3077,65,3142,47.33846153846154
186526,1965,139,2104,14.136690647482014
186548,3810,117,3927,32.56410256410256
186559,1980,81,2061,24.444444444444443
186567,2952,73,3025,40.43835616438356
186570,3495,191,3686,18.298429319371728
186576,2719,117,2836,23.23931623931624
186600,3474,161,3635,21.577639751552795
186603,3316,407,3723,8.147420147420148
186609,1802,154,1956,11.7012987012987
186613,2953,283,3236,10.434628975265015
186617,2939,158,3097,18.60126582278481
186630,2124,141,2265,15.063829787234043
186631,3623,153,3776,23.679738562091504
186632,1654,199,1853,8.311557788944723
186637,2414,196,2610,12.316326530612244
186642,1431,90,1521,15.9
186648,3730,89,3819,41.91011235955056
186651,3939,85,4024,46.34117647058824
186652,523,104,627,5.028846153846154
186657,3682,290,3972,12.696551724137931
186668,3062,186,3248,16.462365591397848
186674,3495,104,3599,33.60576923076923
186688,1747,210,1957,8.31904761904762
186689,2355,12,2367,196.25
186691,37,3642,3679,0.0101592531576057
186695,3701,80,3781,46.2625
186697,4005,81,4086,49.44444444444444
186700,3729,200,3929,18.645
186707,3209,147,3356,21.829931972789115
186713,3390,70,3460,48.42857142857143
186719,3576,305,3881,11.724590163934426
186721,1614,214,1828,7.542056074766355
186725,2767,203,2970,13.63054187192118
186731,1870,97,1967,19.27835051546392
186732,1477,268,1745,5.5111940298507465
186733,2608,196,2804,13.306122448979592
186737,3161,166,3327,19.0421686746988
186744,2347,93,2440,25.236559139784948
186761,3413,75,3488,45.50666666666667
186763,1962,101,2063,19.425742574257427
186764,2257,83,2340,27.19277108433735
186775,3036,112,3148,27.107142857142858
186784,2567,147,2714,17.462585034013607
186817,1778,292,2070,6.089041095890411
186818,2158,207,2365,10.42512077294686
186823,2019,185,2204,10.913513513513514
186825,3054,263,3317,11.612167300380229
186832,2233,331,2564,6.746223564954683
186840,696,69,765,10.08695652173913
186846,2093,97,2190,21.577319587628867
186855,2728,187,2915,14.588235294117649
186870,2621,133,2754,19.706766917293237
186882,3032,200,3232,15.16
186885,2690,78,2768,34.48717948717949
186889,2233,153,2386,14.594771241830063
186890,3579,136,3715,26.31617647058824
186893,3744,140,3884,26.742857142857144
186900,3207,111,3318,28.89189189189189
186901,2817,51,2868,55.23529411764706
186908,3090,95,3185,32.526315789473685
186926,3070,91,3161,33.73626373626374
186949,3667,290,3957,12.644827586206896
186954,1274,192,1466,6.635416666666667
186955,3563,383,3946,9.302872062663186
186956,2012,124,2136,16.225806451612904
186966,2237,280,2517,7.989285714285714
186982,1048,66,1114,15.87878787878788
186985,2431,202,2633,12.034653465346535
186987,3003,227,3230,13.22907488986784
186988,3150,34,3184,92.6470588235294
186992,3201,198,3399,16.166666666666668
186997,3521,193,3714,18.243523316062177
186999,3615,61,3676,59.26229508196721
187001,1623,241,1864,6.734439834024896
187003,2912,181,3093,16.08839779005525
187010,1118,153,1271,7.30718954248366
187013,2528,143,2671,17.678321678321677
187022,2787,487,3274,5.722792607802875
187026,3713,212,3925,17.514150943396228
187029,2895,157,3052,18.43949044585987
187031,2678,186,2864,14.397849462365592
187034,2707,112,2819,24.169642857142858
187035,110,2791,2901,0.039412396990326
187041,2730,219,2949,12.465753424657532
187048,2924,257,3181,11.377431906614786
187056,2275,179,2454,12.70949720670391
187064,2684,168,2852,15.976190476190476
187068,3842,46,3888,83.52173913043478
187076,3102,240,3342,12.925
187081,3086,80,3166,38.575
187082,2998,140,3138,21.414285714285715
187083,2162,340,2502,6.358823529411764
187092,2400,97,2497,24.742268041237114
187100,1977,5,1982,395.4
187102,3055,186,3241,16.4247311827957
187117,1845,1004,2849,1.8376494023904384
187124,2255,67,2322,33.656716417910445
187127,3915,150,4065,26.1
187133,1389,124,1513,11.201612903225806
187142,2904,140,3044,20.742857142857144
187144,1278,151,1429,8.463576158940397
187165,3779,140,3919,26.992857142857144
187169,3597,243,3840,14.802469135802468
187171,1437,50,1487,28.74
187181,3881,111,3992,34.96396396396396
187190,1728,116,1844,14.89655172413793
187191,2913,271,3184,10.749077490774908
187204,2863,65,2928,44.04615384615385
187206,2052,111,2163,18.486486486486488
187216,2436,108,2544,22.55555555555556
187217,1222,206,1428,5.932038834951456
187218,2686,241,2927,11.145228215767634
187221,3499,161,3660,21.732919254658384
187226,3100,104,3204,29.807692307692307
187227,3810,71,3881,53.66197183098591
187239,2438,220,2658,11.081818181818182
187242,1496,140,1636,10.685714285714283
187248,2360,155,2515,15.225806451612904
187250,1678,170,1848,9.870588235294118
187252,2307,252,2559,9.154761904761903
187261,1530,104,1634,14.711538461538462
187266,2642,85,2727,31.08235294117647
187271,3440,59,3499,58.30508474576271
187273,3828,189,4017,20.253968253968253
187276,2899,55,2954,52.70909090909091
187278,2444,174,2618,14.045977011494251
187287,2727,220,2947,12.395454545454545
187289,3666,342,4008,10.719298245614034
187297,954,198,1152,4.818181818181818
187311,2096,423,2519,4.955082742316785
187329,89,1830,1919,0.0486338797814207
187345,1460,324,1784,4.506172839506172
187348,3047,112,3159,27.205357142857142
187350,964,28,992,34.42857142857143
187354,2277,71,2348,32.070422535211264
187359,3261,299,3560,10.906354515050166
187366,1131,42,1173,26.928571428571427
187371,2464,216,2680,11.407407407407408
187377,2918,38,2956,76.78947368421052
187383,3358,277,3635,12.12274368231047
187386,2344,103,2447,22.75728155339806
187403,3407,193,3600,17.65284974093264
187404,1656,292,1948,5.671232876712328
187416,2043,265,2308,7.709433962264151
187426,3825,192,4017,19.921875
187433,2571,125,2696,20.568
187434,2639,155,2794,17.025806451612905
187435,1081,143,1224,7.559440559440559
187439,2208,74,2282,29.83783783783784
187450,1328,428,1756,3.102803738317757
187457,1754,122,1876,14.37704918032787
187466,2823,54,2877,52.27777777777778
187475,2458,115,2573,21.37391304347826
187477,3817,231,4048,16.523809523809526
187481,1949,86,2035,22.662790697674417
187483,3658,231,3889,15.835497835497836
187485,3072,151,3223,20.344370860927157
187487,2392,233,2625,10.266094420600858
187488,3111,219,3330,14.205479452054794
187490,3488,171,3659,20.39766081871345
187505,3658,121,3779,30.23140495867769
187512,3957,115,4072,34.40869565217391
187513,1280,59,1339,21.694915254237287
187517,2849,197,3046,14.461928934010151
187536,2865,119,2984,24.07563025210084
187537,3517,190,3707,18.510526315789477
187540,3388,134,3522,25.28358208955224
187543,2169,68,2237,31.897058823529413
187544,1856,212,2068,8.754716981132075
187547,2657,111,2768,23.936936936936934
187561,3080,226,3306,13.628318584070795
187566,2098,242,2340,8.669421487603305
187568,1912,205,2117,9.326829268292682
187581,2571,127,2698,20.244094488188978
187583,1992,186,2178,10.709677419354838
187586,1143,278,1421,4.111510791366906
187591,88,3401,3489,0.0258747427227286
187608,1377,128,1505,10.7578125
187619,2280,836,3116,2.727272727272727
187626,3669,174,3843,21.08620689655172
187655,3875,88,3963,44.03409090909091
187656,2559,74,2633,34.58108108108108
187667,2995,85,3080,35.23529411764706
187669,73,3445,3518,0.0211901306240928
187682,2320,231,2551,10.043290043290042
187683,2464,119,2583,20.705882352941178
187685,1980,126,2106,15.714285714285714
187687,3399,124,3523,27.411290322580644
187714,1778,141,1919,12.609929078014185
187716,2468,98,2566,25.18367346938776
187717,1600,145,1745,11.03448275862069
187721,3735,265,4000,14.09433962264151
187724,3820,147,3967,25.98639455782313
187728,265,3400,3665,0.0779411764705882
187729,1605,199,1804,8.06532663316583
187742,2472,1117,3589,2.213070725156669
187743,3817,79,3896,48.31645569620253
187744,2670,503,3173,5.308151093439363
187748,3728,174,3902,21.42528735632184
187751,1195,230,1425,5.195652173913044
187760,3122,150,3272,20.813333333333333
187782,2161,295,2456,7.325423728813559
187791,3380,177,3557,19.096045197740118
187792,2580,225,2805,11.466666666666669
187793,2093,193,2286,10.844559585492227
187794,2888,213,3101,13.55868544600939
187806,3936,155,4091,25.39354838709677
187809,3555,87,3642,40.86206896551724
187810,2727,176,2903,15.494318181818182
187842,3026,119,3145,25.428571428571427
187846,3166,107,3273,29.58878504672897
187847,1447,251,1698,5.764940239043825
187850,1145,117,1262,9.786324786324789
187865,3365,120,3485,28.041666666666668
187874,1836,159,1995,11.547169811320757
187882,3203,110,3313,29.118181818181817
187893,3674,182,3856,20.186813186813183
187901,2839,277,3116,10.249097472924188
187909,3053,280,3333,10.903571428571428
187919,1791,218,2009,8.215596330275229
187933,1222,183,1405,6.6775956284153
187956,2297,92,2389,24.967391304347824
187960,1622,98,1720,16.551020408163264
187963,2433,109,2542,22.321100917431192
187965,2845,198,3043,14.368686868686869
187966,3184,398,3582,8.0
187973,3043,82,3125,37.109756097560975
187974,1935,125,2060,15.48
187986,2938,180,3118,16.322222222222223
187992,3781,208,3989,18.177884615384617
187998,3745,232,3977,16.142241379310345
188000,1277,303,1580,4.214521452145214
188003,2575,195,2770,13.205128205128204
188016,1968,141,2109,13.95744680851064
188019,2620,154,2774,17.01298701298701
188026,3466,177,3643,19.581920903954803
188029,3827,191,4018,20.03664921465969
188034,2323,159,2482,14.61006289308176
188047,3629,284,3913,12.778169014084508
188048,3440,257,3697,13.385214007782102
188061,1855,157,2012,11.81528662420382
188073,1688,31,1719,54.45161290322581
188078,3289,179,3468,18.37430167597765
188090,2569,186,2755,13.811827956989248
188097,1991,267,2258,7.456928838951311
188103,2880,183,3063,15.737704918032788
188119,580,132,712,4.393939393939394
188133,3198,189,3387,16.92063492063492
188136,984,165,1149,5.963636363636364
188141,3378,105,3483,32.17142857142857
188145,2730,237,2967,11.518987341772153
188147,1024,167,1191,6.131736526946108
188156,3832,185,4017,20.713513513513515
188163,3084,242,3326,12.743801652892564
188167,3767,255,4022,14.772549019607844
188168,3186,182,3368,17.505494505494507
188190,3411,102,3513,33.44117647058823
188193,3676,141,3817,26.0709219858156
188200,2421,208,2629,11.639423076923077
188202,3003,165,3168,18.2
188213,2545,124,2669,20.524193548387096
188227,2009,91,2100,22.07692307692308
188244,2145,72,2217,29.791666666666668
188248,2714,156,2870,17.397435897435898
188249,2432,35,2467,69.48571428571428
188256,3938,131,4069,30.06106870229008
188258,2309,178,2487,12.97191011235955
188261,1583,211,1794,7.502369668246446
188266,1455,121,1576,12.024793388429751
188271,2302,720,3022,3.1972222222222224
188279,1489,370,1859,4.024324324324325
188283,2390,136,2526,17.573529411764707
188291,3341,71,3412,47.056338028169016
188292,3375,193,3568,17.487046632124354
188296,823,42,865,19.59523809523809
188303,2342,219,2561,10.69406392694064
188305,2203,230,2433,9.578260869565218
188315,2403,231,2634,10.402597402597404
188318,3207,318,3525,10.08490566037736
188322,3460,59,3519,58.644067796610166
188325,2741,319,3060,8.592476489028213
188341,3218,259,3477,12.424710424710424
188346,3658,277,3935,13.205776173285198
188353,2747,397,3144,6.919395465994962
188377,2535,112,2647,22.633928571428573
188391,3697,98,3795,37.724489795918366
188393,3751,135,3886,27.785185185185185
188395,2515,321,2836,7.834890965732087
188400,1340,109,1449,12.293577981651376
188404,3696,121,3817,30.545454545454547
188407,3597,106,3703,33.93396226415094
188417,3393,71,3464,47.7887323943662
188421,3427,256,3683,13.38671875
188431,3557,185,3742,19.227027027027027
188434,3852,156,4008,24.692307692307693
188440,1916,116,2032,16.517241379310345
188444,538,56,594,9.607142857142858
188454,1824,363,2187,5.024793388429752
188470,3085,921,4006,3.3496199782844736
188477,3211,140,3351,22.935714285714287
188482,2183,128,2311,17.0546875
188492,3911,68,3979,57.51470588235294
188496,1647,131,1778,12.572519083969466
188506,2002,127,2129,15.763779527559056
188511,3819,133,3952,28.714285714285715
188514,2025,151,2176,13.410596026490069
188517,3676,115,3791,31.965217391304343
188527,3489,56,3545,62.30357142857143
188530,3859,164,4023,23.53048780487805
188531,1345,140,1485,9.607142857142858
188539,2651,162,2813,16.364197530864196
188540,3169,133,3302,23.827067669172934
188544,2930,206,3136,14.223300970873789
188547,3829,76,3905,50.38157894736842
188554,2882,177,3059,16.282485875706215
188558,417,3545,3962,0.1176304654442877
188569,2331,315,2646,7.4
188572,3015,421,3436,7.161520190023753
188585,1806,319,2125,5.661442006269592
188599,1649,190,1839,8.678947368421053
188605,3060,81,3141,37.77777777777778
188615,3803,230,4033,16.534782608695654
188622,1782,58,1840,30.724137931034484
188628,2194,167,2361,13.137724550898204
188631,3158,195,3353,16.194871794871794
188634,3502,61,3563,57.40983606557377
188636,1968,192,2160,10.25
188640,2939,310,3249,9.480645161290322
188643,3134,138,3272,22.71014492753623
188648,3558,337,3895,10.55786350148368
188653,1857,120,1977,15.475
188659,3191,260,3451,12.273076923076925
188668,3596,145,3741,24.8
188682,679,335,1014,2.026865671641791
188683,2036,154,2190,13.22077922077922
188689,2656,220,2876,12.072727272727272
188690,3305,229,3534,14.43231441048035
188691,1711,173,1884,9.890173410404625
188692,1334,86,1420,15.511627906976743
188695,373,36,409,10.36111111111111
188704,3222,279,3501,11.548387096774194
188707,3750,160,3910,23.4375
188711,2883,28,2911,102.96428571428572
188714,1749,316,2065,5.534810126582278
188723,2208,86,2294,25.67441860465116
188729,2313,231,2544,10.012987012987011
188731,2267,24,2291,94.45833333333331
188741,3889,141,4030,27.581560283687946
188743,2485,77,2562,32.27272727272727
188746,3760,187,3947,20.106951871657756
188762,3122,377,3499,8.281167108753316
188772,3812,223,4035,17.094170403587444
188776,2122,173,2295,12.265895953757225
188781,2861,89,2950,32.146067415730336
188790,3639,259,3898,14.05019305019305
188793,3878,141,4019,27.50354609929078
188812,2470,182,2652,13.571428571428571
188818,1486,164,1650,9.060975609756095
188823,3879,105,3984,36.94285714285714
188833,1507,825,2332,1.8266666666666669
188834,3315,153,3468,21.666666666666668
188848,3392,95,3487,35.705263157894734
188854,2635,41,2676,64.26829268292683
188855,3695,137,3832,26.970802919708028
188860,3820,193,4013,19.79274611398964
188867,3706,184,3890,20.14130434782609
188872,2930,540,3470,5.425925925925926
188874,29,1613,1642,0.0179789212647241
188880,3863,200,4063,19.315
188888,2811,44,2855,63.88636363636363
188896,1821,146,1967,12.472602739726028
188921,2425,108,2533,22.453703703703702
188946,3292,248,3540,13.274193548387096
188964,3287,186,3473,17.672043010752688
188969,2786,126,2912,22.11111111111111
188971,3590,244,3834,14.71311475409836
188983,1723,113,1836,15.247787610619469
189004,3680,129,3809,28.527131782945737
189006,3118,211,3329,14.777251184834125
189017,3553,238,3791,14.928571428571429
189022,3783,165,3948,22.92727272727273
189046,1425,519,1944,2.745664739884393
189049,3488,247,3735,14.121457489878544
189058,3576,128,3704,27.9375
189063,2509,458,2967,5.478165938864628
189080,2679,164,2843,16.335365853658537
189088,1336,37,1373,36.108108108108105
189092,2737,172,2909,15.91279069767442
189098,3497,279,3776,12.53405017921147
189099,3813,254,4067,15.011811023622048
189124,3220,134,3354,24.029850746268657
189125,3380,211,3591,16.018957345971565
189130,3381,196,3577,17.25
189131,2599,148,2747,17.56081081081081
189132,3359,157,3516,21.394904458598727
189140,2353,381,2734,6.175853018372703
189141,3216,149,3365,21.583892617449663
189149,2185,184,2369,11.875
189156,3710,210,3920,17.666666666666668
189157,2779,144,2923,19.29861111111111
189162,2846,102,2948,27.90196078431373
189163,2483,156,2639,15.916666666666666
189168,3071,88,3159,34.89772727272727
189176,3062,157,3219,19.503184713375795
189182,3505,164,3669,21.371951219512194
189188,3005,322,3327,9.332298136645962
189189,1333,1959,3292,0.6804492087799898
189198,3151,64,3215,49.234375
189200,2603,220,2823,11.831818181818182
189201,51,3379,3430,0.0150932228469961
189204,1564,68,1632,23.0
189208,2085,676,2761,3.084319526627219
189226,2386,445,2831,5.361797752808989
189234,3593,137,3730,26.22627737226277
189237,2915,160,3075,18.21875
189239,609,119,728,5.117647058823529
189242,3498,94,3592,37.212765957446805
189246,1272,163,1435,7.803680981595092
189250,1960,97,2057,20.20618556701031
189273,975,2959,3934,0.3295032105441027
189279,2519,109,2628,23.110091743119263
189299,3009,606,3615,4.965346534653466
189300,3870,80,3950,48.375
189302,3828,207,4035,18.49275362318841
189310,2784,380,3164,7.326315789473684
189311,3696,241,3937,15.33609958506224
189352,3004,266,3270,11.293233082706768
189354,2228,102,2330,21.84313725490196
189372,2650,251,2901,10.557768924302788
189444,3003,144,3147,20.854166666666668
189449,2729,145,2874,18.82068965517241
189450,2393,107,2500,22.36448598130841
189458,3463,138,3601,25.094202898550726
189460,2686,335,3021,8.017910447761194
189464,3104,522,3626,5.946360153256705
189473,2377,114,2491,20.850877192982452
189478,3728,185,3913,20.15135135135135
189485,3627,172,3799,21.087209302325583
189493,1043,163,1206,6.398773006134969
189503,3345,207,3552,16.159420289855074
189504,3723,121,3844,30.768595041322317
189513,3184,514,3698,6.19455252918288
189518,2637,57,2694,46.26315789473684
189536,3875,129,4004,30.03875968992248
189542,2814,206,3020,13.66019417475728
189553,565,67,632,8.432835820895523
189567,864,147,1011,5.877551020408164
189570,3792,185,3977,20.497297297297298
189587,3954,125,4079,31.632
189588,2338,578,2916,4.044982698961937
189590,2001,270,2271,7.411111111111111
189598,2826,207,3033,13.652173913043478
189601,2656,70,2726,37.94285714285714
189602,3031,434,3465,6.983870967741935
189604,2786,255,3041,10.925490196078432
189608,2638,120,2758,21.98333333333333
189611,2846,34,2880,83.70588235294117
189615,3904,145,4049,26.924137931034483
189626,68,2671,2739,0.0254586297266941
189633,3316,73,3389,45.42465753424658
189640,3585,64,3649,56.015625
189650,271,2423,2694,0.1118448204704911
189651,1967,21,1988,93.66666666666669
189655,2959,139,3098,21.287769784172664
189658,3247,309,3556,10.508090614886733
189659,3381,107,3488,31.598130841121492
189660,2242,98,2340,22.877551020408163
189672,2019,127,2146,15.89763779527559
189674,3516,464,3980,7.577586206896552
189675,1353,189,1542,7.158730158730159
189695,3207,67,3274,47.865671641791046
189699,3196,217,3413,14.728110599078342
189702,2878,291,3169,9.890034364261169
189704,35,3792,3827,0.0092299578059071
189713,3549,116,3665,30.594827586206897
189716,1773,99,1872,17.90909090909091
189719,3188,423,3611,7.536643026004728
189725,3770,211,3981,17.86729857819905
189727,1669,21,1690,79.47619047619048
189729,3775,221,3996,17.081447963800905
189731,3129,345,3474,9.069565217391304
189735,1808,297,2105,6.087542087542087
189739,1844,311,2155,5.929260450160772
189750,3342,191,3533,17.49738219895288
189753,2499,111,2610,22.513513513513512
189762,2387,338,2725,7.062130177514793
189776,3679,125,3804,29.432
189786,3171,54,3225,58.72222222222222
189807,2292,289,2581,7.930795847750865
189811,473,2156,2629,0.2193877551020408
189815,1455,132,1587,11.022727272727272
189823,2389,202,2591,11.826732673267326
189825,2790,148,2938,18.85135135135135
189829,2207,48,2255,45.97916666666666
189837,2969,213,3182,13.938967136150234
189841,3540,260,3800,13.615384615384617
189849,1334,199,1533,6.703517587939698
189855,1906,106,2012,17.9811320754717
189866,1733,222,1955,7.806306306306307
189899,3953,94,4047,42.0531914893617
189911,3550,117,3667,30.34188034188034
189913,3012,143,3155,21.062937062937063
189927,1238,96,1334,12.895833333333334
189928,1758,167,1925,10.52694610778443
189933,3300,155,3455,21.29032258064516
189939,2305,118,2423,19.533898305084747
189952,2483,175,2658,14.188571428571429
189954,808,114,922,7.087719298245614
189955,1950,174,2124,11.20689655172414
189965,2060,86,2146,23.953488372093023
189970,3298,154,3452,21.415584415584416
189971,1284,50,1334,25.68
189979,1162,281,1443,4.135231316725979
189996,3216,231,3447,13.92207792207792
190003,2557,102,2659,25.068627450980397
190022,3388,54,3442,62.74074074074074
190025,116,2463,2579,0.0470970361347949
190029,1415,192,1607,7.369791666666667
190031,3615,349,3964,10.358166189111747
190035,2828,86,2914,32.88372093023256
190038,2294,137,2431,16.744525547445257
190040,2506,39,2545,64.25641025641026
190053,3559,443,4002,8.033860045146726
190068,3433,84,3517,40.86904761904762
190070,2409,69,2478,34.91304347826087
190074,3230,69,3299,46.81159420289855
190075,999,565,1564,1.768141592920354
190076,3750,126,3876,29.761904761904763
190082,2261,147,2408,15.38095238095238
190084,1762,380,2142,4.636842105263158
190086,2188,281,2469,7.786476868327402
190107,174,107,281,1.6261682242990654
190125,1771,104,1875,17.028846153846153
190128,1872,140,2012,13.371428571428572
190136,3085,180,3265,17.13888888888889
190140,2096,100,2196,20.96
190165,2522,180,2702,14.011111111111113
190166,1969,271,2240,7.265682656826568
190183,2437,172,2609,14.168604651162791
190201,675,3274,3949,0.2061698228466707
190213,1376,238,1614,5.781512605042017
190221,2170,175,2345,12.4
190224,3338,453,3791,7.368653421633554
190237,2692,76,2768,35.421052631578945
190244,3586,424,4010,8.45754716981132
190248,3841,104,3945,36.93269230769231
190266,3687,160,3847,23.04375
190271,2622,126,2748,20.80952380952381
190275,1882,182,2064,10.34065934065934
190283,2276,717,2993,3.174337517433752
190284,3888,141,4029,27.574468085106385
190290,2219,189,2408,11.74074074074074
190296,2514,151,2665,16.649006622516556
190302,1388,39,1427,35.58974358974359
190319,2095,195,2290,10.743589743589745
190330,152,301,453,0.5049833887043189
190331,3689,139,3828,26.53956834532374
190342,1241,162,1403,7.660493827160494
190347,2074,129,2203,16.07751937984496
190350,2901,182,3083,15.93956043956044
190352,3603,334,3937,10.7874251497006
190360,3079,179,3258,17.201117318435752
190365,2339,92,2431,25.42391304347826
190377,1680,14,1694,120.0
190387,2195,174,2369,12.614942528735632
190407,1108,52,1160,21.307692307692307
190412,3114,98,3212,31.775510204081638
190414,3081,174,3255,17.70689655172414
190418,1929,357,2286,5.403361344537816
190427,963,3019,3982,0.3189797946339847
190436,2263,262,2525,8.63740458015267
190453,1338,279,1617,4.795698924731183
190454,2315,142,2457,16.302816901408452
190457,2279,64,2343,35.609375
190460,3677,113,3790,32.53982300884956
190473,1863,291,2154,6.402061855670103
190499,2636,95,2731,27.74736842105263
190502,2341,320,2661,7.315625
190509,2871,44,2915,65.25
190511,2568,87,2655,29.517241379310345
190539,2392,185,2577,12.92972972972973
190550,2658,277,2935,9.5956678700361
190551,2861,106,2967,26.99056603773585
190554,3723,41,3764,90.8048780487805
190562,2685,96,2781,27.96875
190564,2063,158,2221,13.056962025316457
190565,3858,109,3967,35.39449541284404
190569,2401,229,2630,10.48471615720524
190578,1935,113,2048,17.123893805309734
190583,2804,162,2966,17.308641975308642
190584,3012,282,3294,10.680851063829786
190597,1328,198,1526,6.707070707070707
190599,2264,253,2517,8.948616600790514
190607,1342,220,1562,6.1
190608,3181,53,3234,60.0188679245283
190611,3247,341,3588,9.52199413489736
190613,2167,110,2277,19.7
190615,1462,507,1969,2.883629191321499
190625,3566,259,3825,13.768339768339768
190627,2837,207,3044,13.705314009661835
190628,2703,253,2956,10.683794466403162
190629,1627,151,1778,10.774834437086092
190630,2967,83,3050,35.74698795180723
190632,3117,203,3320,15.354679802955664
190635,3589,211,3800,17.009478672985782
190661,2798,923,3721,3.031419284940412
190678,3235,124,3359,26.08870967741936
190711,3108,141,3249,22.04255319148936
190723,3080,159,3239,19.371069182389935
190727,2449,230,2679,10.647826086956522
190729,3312,313,3625,10.5814696485623
190740,3100,267,3367,11.610486891385769
190747,1432,199,1631,7.195979899497488
190759,2038,115,2153,17.721739130434784
190760,3343,146,3489,22.8972602739726
190766,3790,164,3954,23.10975609756097
190791,3728,120,3848,31.066666666666663
190799,3388,101,3489,33.54455445544554
190810,1614,108,1722,14.944444444444445
190814,3419,361,3780,9.470914127423825
190824,3456,277,3733,12.47653429602888
190828,654,238,892,2.7478991596638656
190832,2450,326,2776,7.515337423312883
190844,792,3030,3822,0.2613861386138614
190845,3512,235,3747,14.94468085106383
190846,3050,164,3214,18.59756097560976
190871,1850,125,1975,14.8
190874,1283,319,1602,4.021943573667712
190878,3525,380,3905,9.276315789473683
190886,3513,159,3672,22.09433962264151
190890,2573,137,2710,18.78102189781022
190897,3543,74,3617,47.87837837837838
190903,2846,136,2982,20.926470588235293
190910,2687,227,2914,11.837004405286343
190916,3347,112,3459,29.883928571428573
190917,3811,271,4082,14.062730627306273
190923,3876,185,4061,20.951351351351352
190944,3841,141,3982,27.24113475177305
190961,1576,211,1787,7.469194312796208
190962,2793,66,2859,42.31818181818182
190965,1644,234,1878,7.0256410256410255
190979,2198,362,2560,6.071823204419889
190983,2879,252,3131,11.424603174603174
190986,2477,170,2647,14.570588235294116
191010,1541,58,1599,26.56896551724138
191024,1871,388,2259,4.822164948453608
191047,2473,282,2755,8.76950354609929
191054,2215,220,2435,10.068181818181818
191063,1285,119,1404,10.798319327731091
191064,2141,285,2426,7.512280701754386
191078,3954,90,4044,43.93333333333333
191087,2453,208,2661,11.79326923076923
191093,1801,50,1851,36.02
191095,3286,283,3569,11.6113074204947
191096,3954,80,4034,49.425
191097,3491,90,3581,38.78888888888889
191107,3187,239,3426,13.334728033472803
191116,3647,120,3767,30.391666666666666
191120,1665,94,1759,17.71276595744681
191123,3652,138,3790,26.463768115942027
191137,3449,93,3542,37.08602150537634
191144,3150,67,3217,47.014925373134325
191156,2913,130,3043,22.407692307692308
191157,2457,86,2543,28.569767441860463
191162,3670,232,3902,15.81896551724138
191169,3455,266,3721,12.98872180451128
191183,1462,194,1656,7.536082474226804
191190,2019,380,2399,5.313157894736842
191195,1870,216,2086,8.657407407407407
191198,2705,189,2894,14.312169312169312
191204,1066,122,1188,8.737704918032787
191210,3457,188,3645,18.388297872340427
191214,3382,180,3562,18.788888888888888
191223,2730,250,2980,10.92
191227,3708,192,3900,19.3125
191243,1888,143,2031,13.202797202797203
191245,2119,229,2348,9.253275109170303
191259,1367,222,1589,6.157657657657658
191268,2726,204,2930,13.362745098039216
191284,2407,202,2609,11.915841584158416
191287,2643,206,2849,12.830097087378642
191288,3194,258,3452,12.37984496124031
191296,2887,95,2982,30.389473684210525
191299,3822,178,4000,21.471910112359552
191305,1921,72,1993,26.68055555555556
191308,3221,124,3345,25.975806451612904
191312,1716,266,1982,6.451127819548872
191316,2744,116,2860,23.655172413793103
191321,3538,157,3695,22.53503184713376
191326,1649,356,2005,4.632022471910112
191329,2376,164,2540,14.48780487804878
191330,2818,183,3001,15.398907103825136
191331,2288,134,2422,17.074626865671643
191343,3843,176,4019,21.835227272727277
191355,2018,279,2297,7.232974910394265
191357,3813,142,3955,26.85211267605634
191365,671,134,805,5.007462686567164
191371,25,3738,3763,0.0066880684858212
191373,3563,169,3732,21.08284023668639
191375,2820,279,3099,10.10752688172043
191384,1701,230,1931,7.395652173913043
191391,3534,63,3597,56.095238095238095
191392,2663,117,2780,22.76068376068376
191401,3180,162,3342,19.62962962962963
191404,3099,110,3209,28.172727272727272
191405,2697,213,2910,12.661971830985916
191406,2003,176,2179,11.380681818181818
191407,2285,227,2512,10.066079295154186
191426,1299,194,1493,6.695876288659794
191433,3017,453,3470,6.660044150110375
191440,2019,149,2168,13.550335570469798
191442,2067,103,2170,20.067961165048544
191443,2649,121,2770,21.89256198347108
191454,629,175,804,3.5942857142857143
191458,3877,177,4054,21.90395480225989
191467,2954,143,3097,20.657342657342657
191490,1461,215,1676,6.795348837209303
191516,3924,91,4015,43.12087912087912
191518,769,199,968,3.864321608040201
191531,3058,218,3276,14.027522935779816
191538,2812,536,3348,5.246268656716418
191542,3437,96,3533,35.802083333333336
191547,3601,210,3811,17.14761904761905
191549,3189,60,3249,53.15
191551,3522,136,3658,25.897058823529413
191554,2893,141,3034,20.5177304964539
191555,3706,159,3865,23.30817610062893
191562,3375,200,3575,16.875
191576,1374,201,1575,6.835820895522388
191577,812,223,1035,3.6412556053811658
191578,1633,151,1784,10.81456953642384
191583,3194,172,3366,18.569767441860463
191584,3736,101,3837,36.99009900990099
191586,1851,156,2007,11.865384615384617
191587,2289,301,2590,7.604651162790698
191613,2537,75,2612,33.82666666666667
191620,2762,129,2891,21.410852713178294
191621,2663,38,2701,70.07894736842105
191635,3616,199,3815,18.170854271356784
191647,3514,85,3599,41.34117647058824
191652,1833,48,1881,38.1875
191654,3541,199,3740,17.79396984924623
191656,3199,115,3314,27.817391304347822
191663,3571,219,3790,16.30593607305936
191689,3335,231,3566,14.437229437229435
191690,1283,398,1681,3.2236180904522613
191695,3853,141,3994,27.32624113475177
191698,3141,250,3391,12.564
191702,3679,260,3939,14.15
191709,1630,68,1698,23.97058823529412
191710,3968,126,4094,31.49206349206349
191733,3522,111,3633,31.72972972972973
191735,3327,204,3531,16.308823529411764
191754,717,381,1098,1.8818897637795275
191757,3808,199,4007,19.1356783919598
191772,2617,127,2744,20.606299212598422
191777,3763,42,3805,89.5952380952381
191787,2244,178,2422,12.606741573033707
191796,2490,579,3069,4.300518134715026
191801,1294,244,1538,5.30327868852459
191802,2255,122,2377,18.483606557377048
191818,2155,234,2389,9.209401709401709
191819,3026,113,3139,26.778761061946906
191825,2965,94,3059,31.54255319148936
191831,3000,82,3082,36.58536585365854
191845,3769,199,3968,18.939698492462316
191855,2392,113,2505,21.168141592920357
191869,1164,66,1230,17.636363636363637
191870,1846,203,2049,9.0935960591133
191873,2987,158,3145,18.90506329113924
191874,3759,208,3967,18.072115384615383
191875,3821,117,3938,32.65811965811966
191879,1089,480,1569,2.26875
191892,3601,369,3970,9.75880758807588
191893,3874,134,4008,28.91044776119403
191896,1722,163,1885,10.56441717791411
191904,3422,198,3620,17.282828282828284
191914,2492,85,2577,29.31764705882353
191926,2288,80,2368,28.6
191929,3399,306,3705,11.107843137254902
191935,2362,206,2568,11.466019417475728
191937,3578,103,3681,34.737864077669904
191939,2340,350,2690,6.685714285714286
191941,2436,253,2689,9.628458498023717
191942,1979,358,2337,5.527932960893855
191944,2745,244,2989,11.25
191948,3767,181,3948,20.8121546961326
191952,1909,216,2125,8.837962962962964
191959,3901,134,4035,29.111940298507463
191960,3349,197,3546,17.0
191973,2350,142,2492,16.549295774647888
191980,3455,334,3789,10.344311377245509
191985,2101,545,2646,3.855045871559633
191994,2799,279,3078,10.03225806451613
191996,3336,101,3437,33.02970297029703
192004,2838,238,3076,11.92436974789916
192006,1835,340,2175,5.397058823529412
192007,2501,125,2626,20.008
192009,3469,192,3661,18.06770833333333
192014,3509,123,3632,28.528455284552845
192022,2880,241,3121,11.950207468879668
192023,2051,105,2156,19.53333333333333
192028,1445,131,1576,11.030534351145038
192039,3590,141,3731,25.46099290780142
192041,3413,338,3751,10.097633136094675
192043,2454,252,2706,9.738095238095235
192057,2796,202,2998,13.84158415841584
192059,1997,64,2061,31.203125
192069,3490,242,3732,14.421487603305785
192075,2935,144,3079,20.381944444444443
192078,2734,121,2855,22.59504132231405
192091,2857,162,3019,17.635802469135804
192096,3768,150,3918,25.12
192107,3544,100,3644,35.44
192110,1691,124,1815,13.637096774193548
192129,2317,470,2787,4.9297872340425535
192133,1545,110,1655,14.045454545454543
192138,1154,187,1341,6.171122994652406
192139,1979,126,2105,15.706349206349206
192151,2494,274,2768,9.102189781021895
192163,3526,285,3811,12.371929824561404
192164,2179,196,2375,11.11734693877551
192180,1610,307,1917,5.244299674267101
192192,3166,155,3321,20.425806451612903
192198,42,2397,2439,0.0175219023779724
192204,3645,255,3900,14.294117647058824
192205,3475,161,3636,21.58385093167702
192210,1382,221,1603,6.253393665158371
192211,2987,145,3132,20.6
192212,2165,130,2295,16.653846153846153
192219,3000,130,3130,23.07692307692308
192232,3412,62,3474,55.03225806451613
192247,1808,134,1942,13.492537313432836
192248,1378,268,1646,5.141791044776119
192301,3017,166,3183,18.174698795180724
192305,2882,175,3057,16.46857142857143
192309,1530,456,1986,3.3552631578947367
192312,1383,88,1471,15.715909090909092
192315,2022,253,2275,7.992094861660079
192318,3089,382,3471,8.086387434554974
192324,2218,207,2425,10.714975845410628
192327,2644,262,2906,10.091603053435117
192335,3488,276,3764,12.63768115942029
192343,2776,139,2915,19.97122302158273
192349,2024,292,2316,6.931506849315069
192350,2462,282,2744,8.73049645390071
192353,105,3125,3230,0.0336
192354,1565,278,1843,5.629496402877698
192364,3030,250,3280,12.12
192370,1475,210,1685,7.023809523809524
192371,2549,109,2658,23.38532110091743
192375,3333,254,3587,13.122047244094489
192383,3397,96,3493,35.385416666666664
192385,3805,177,3982,21.497175141242938
192398,2565,109,2674,23.53211009174312
192404,1440,129,1569,11.16279069767442
192408,3608,221,3829,16.32579185520362
192418,1633,119,1752,13.722689075630251
192429,3628,173,3801,20.971098265895957
192442,2035,200,2235,10.175
192461,1878,350,2228,5.365714285714286
192484,3131,70,3201,44.72857142857143
192497,3360,280,3640,12.0
192501,2764,381,3145,7.254593175853018
192512,3127,102,3229,30.65686274509804
192514,3610,218,3828,16.559633027522935
192515,2013,140,2153,14.378571428571428
192527,2755,79,2834,34.87341772151899
192540,2581,274,2855,9.41970802919708
192541,3517,125,3642,28.136
192550,3263,81,3344,40.28395061728395
192555,1755,42,1797,41.785714285714285
192557,3102,116,3218,26.74137931034483
192558,1910,51,1961,37.45098039215687
192562,3047,79,3126,38.56962025316456
192563,336,2921,3257,0.1150290996234166
192567,1612,192,1804,8.395833333333334
192575,3787,136,3923,27.84558823529412
192578,2978,105,3083,28.36190476190476
192605,2645,150,2795,17.633333333333333
192607,3520,160,3680,22.0
192615,1987,82,2069,24.23170731707317
192616,2872,183,3055,15.693989071038253
192622,3207,99,3306,32.39393939393939
192627,2603,710,3313,3.6661971830985913
192634,1509,93,1602,16.225806451612904
192639,2087,205,2292,10.180487804878048
192640,1993,111,2104,17.954954954954953
192641,3733,240,3973,15.554166666666667
192645,2277,98,2375,23.23469387755102
192646,2830,79,2909,35.822784810126585
192650,1288,214,1502,6.018691588785047
192655,3200,153,3353,20.91503267973856
192659,3273,169,3442,19.366863905325445
192662,3135,220,3355,14.25
192663,3155,191,3346,16.51832460732984
192665,2918,297,3215,9.824915824915823
192699,3335,315,3650,10.587301587301589
192730,168,3436,3604,0.0488940628637951
192732,1983,696,2679,2.8491379310344827
192738,3530,166,3696,21.26506024096385
192752,2329,358,2687,6.505586592178771
192753,2521,234,2755,10.773504273504274
192754,3376,609,3985,5.543513957307061
192764,2738,47,2785,58.255319148936174
192771,1518,48,1566,31.625
192772,2552,230,2782,11.095652173913043
192775,3818,72,3890,53.02777777777778
192779,1372,433,1805,3.168591224018476
192785,3977,118,4095,33.70338983050848
192789,2430,225,2655,10.8
192790,86,3722,3808,0.0231058570660935
192796,3124,142,3266,22.0
192799,3496,179,3675,19.53072625698324
192803,2347,168,2515,13.970238095238097
192809,1009,222,1231,4.545045045045045
192816,1706,226,1932,7.548672566371682
192829,3841,87,3928,44.14942528735632
192849,2705,207,2912,13.067632850241546
192858,2831,224,3055,12.638392857142858
192859,2501,248,2749,10.084677419354838
192872,1592,193,1785,8.248704663212436
192876,222,2099,2321,0.1057646498332539
192895,2209,189,2398,11.687830687830688
192896,3595,290,3885,12.39655172413793
192903,2461,113,2574,21.778761061946906
192904,3753,136,3889,27.59558823529412
192911,3537,137,3674,25.817518248175183
192938,3188,210,3398,15.18095238095238
192941,2589,161,2750,16.080745341614907
192943,2076,201,2277,10.328358208955224
192951,1005,66,1071,15.227272727272728
192985,2413,72,2485,33.513888888888886
192991,2541,285,2826,8.91578947368421
193004,3399,103,3502,33.0
193016,2418,76,2494,31.81578947368421
193024,3601,158,3759,22.79113924050633
193030,2969,114,3083,26.04385964912281
193043,2504,42,2546,59.61904761904762
193051,816,1259,2075,0.6481334392374901
193063,1749,241,1990,7.257261410788382
193082,3229,188,3417,17.175531914893618
193089,2918,212,3130,13.764150943396226
193090,3483,127,3610,27.4251968503937
193092,3759,174,3933,21.603448275862068
193094,3459,101,3560,34.24752475247525
193098,2666,286,2952,9.321678321678322
193112,3537,212,3749,16.683962264150942
193138,3865,125,3990,30.92
193150,3337,255,3592,13.08627450980392
193163,3254,254,3508,12.811023622047244
193169,1589,128,1717,12.4140625
193182,2416,112,2528,21.571428571428573
193187,3339,233,3572,14.330472103004292
193205,3137,170,3307,18.45294117647059
193206,3474,224,3698,15.508928571428571
193210,3800,170,3970,22.352941176470587
193224,2538,188,2726,13.5
193228,3586,336,3922,10.672619047619047
193235,2597,217,2814,11.96774193548387
193240,2390,207,2597,11.545893719806765
193241,1994,259,2253,7.698841698841699
193253,2412,121,2533,19.93388429752066
193270,54,1327,1381,0.0406932931424265
193273,1942,362,2304,5.3646408839779
193274,3885,120,4005,32.375
193276,1864,128,1992,14.5625
193278,3728,258,3986,14.449612403100776
193280,3505,312,3817,11.23397435897436
193282,3133,85,3218,36.858823529411765
193286,3635,98,3733,37.09183673469388
193290,1952,48,2000,40.66666666666666
193299,2036,278,2314,7.323741007194244
193314,3840,130,3970,29.53846153846154
193321,1566,140,1706,11.185714285714283
193326,3642,110,3752,33.10909090909091
193327,2024,472,2496,4.288135593220339
193333,3650,174,3824,20.977011494252874
193350,1397,118,1515,11.83898305084746
193364,2602,287,2889,9.066202090592334
193367,3096,122,3218,25.37704918032787
193372,3417,124,3541,27.556451612903224
193381,2218,104,2322,21.32692307692308
193392,2713,133,2846,20.398496240601503
193397,926,139,1065,6.661870503597123
193403,1614,119,1733,13.563025210084032
193409,1446,272,1718,5.316176470588236
193419,3849,198,4047,19.439393939393938
193425,688,2114,2802,0.3254493850520341
193427,2596,267,2863,9.722846441947564
193446,3513,222,3735,15.824324324324325
193447,2746,323,3069,8.5015479876161
193449,3831,121,3952,31.66115702479339
193465,3252,87,3339,37.37931034482759
193467,3228,179,3407,18.033519553072622
193475,1739,114,1853,15.25438596491228
193477,2912,111,3023,26.234234234234236
193482,1310,267,1577,4.906367041198502
193487,3255,142,3397,22.922535211267604
193499,2919,61,2980,47.85245901639344
193505,3409,92,3501,37.05434782608695
193507,3565,211,3776,16.895734597156398
193512,3277,255,3532,12.850980392156863
193515,3817,141,3958,27.0709219858156
193518,2313,124,2437,18.65322580645161
193532,234,1326,1560,0.1764705882352941
193538,1858,65,1923,28.584615384615383
193539,3910,109,4019,35.87155963302752
193540,3048,183,3231,16.65573770491803
193545,2146,114,2260,18.82456140350877
193552,2776,143,2919,19.412587412587413
193573,2261,106,2367,21.33018867924528
193583,2805,136,2941,20.625
193585,1586,213,1799,7.446009389671362
193593,3373,165,3538,20.44242424242424
193597,2713,44,2757,61.65909090909091
193603,2740,287,3027,9.547038327526131
193610,3436,93,3529,36.94623655913978
193636,2342,265,2607,8.837735849056603
193654,1726,121,1847,14.264462809917354
193656,2839,214,3053,13.266355140186915
193666,3340,253,3593,13.201581027667984
193676,3205,217,3422,14.76958525345622
193678,2713,71,2784,38.2112676056338
193693,3506,238,3744,14.731092436974787
193698,1483,223,1706,6.650224215246637
193701,3718,266,3984,13.977443609022556
193710,2289,49,2338,46.71428571428572
193715,2491,67,2558,37.17910447761194
193716,3329,205,3534,16.2390243902439
193719,3446,118,3564,29.203389830508478
193721,3242,837,4079,3.873357228195938
193724,3663,176,3839,20.8125
193730,2042,233,2275,8.763948497854077
193731,3774,100,3874,37.74
193738,3040,98,3138,31.020408163265305
193749,3302,59,3361,55.96610169491525
193768,3894,135,4029,28.844444444444445
193772,3401,376,3777,9.045212765957446
193779,3448,80,3528,43.1
193781,2924,57,2981,51.29824561403509
193788,3670,332,4002,11.05421686746988
193792,1745,160,1905,10.90625
193806,2821,134,2955,21.05223880597015
193814,185,2661,2846,0.0695227358136039
193825,1195,101,1296,11.831683168316832
193848,2751,170,2921,16.18235294117647
193850,1747,194,1941,9.005154639175258
193853,2858,289,3147,9.889273356401384
193859,3091,159,3250,19.440251572327043
193860,1756,122,1878,14.39344262295082
193902,3110,118,3228,26.35593220338983
193903,3099,149,3248,20.798657718120804
193908,3757,164,3921,22.90853658536585
193910,2984,117,3101,25.504273504273502
193919,3651,331,3982,11.03021148036254
193920,1641,243,1884,6.753086419753086
193923,917,136,1053,6.742647058823529
193935,3126,199,3325,15.70854271356784
193938,3437,298,3735,11.533557046979864
193943,3600,235,3835,15.319148936170214
193944,3500,183,3683,19.12568306010929
193955,3540,126,3666,28.09523809523809
193972,3249,288,3537,11.28125
193979,3344,167,3511,20.023952095808383
193982,3274,198,3472,16.535353535353536
193983,1028,84,1112,12.238095238095235
193985,1750,128,1878,13.671875
193986,3247,325,3572,9.990769230769232
193989,2076,211,2287,9.838862559241706
193990,1537,130,1667,11.823076923076924
193991,3412,229,3641,14.899563318777291
193992,2762,155,2917,17.81935483870968
193995,2861,222,3083,12.887387387387388
193996,1527,232,1759,6.581896551724138
193997,852,1583,2435,0.5382185723310171
194003,1983,110,2093,18.027272727272727
194013,1135,51,1186,22.254901960784316
194036,3030,299,3329,10.133779264214049
194040,2676,271,2947,9.874538745387454
194043,2272,193,2465,11.7720207253886
194047,1345,318,1663,4.229559748427673
194050,3744,160,3904,23.4
194055,3143,97,3240,32.402061855670105
194062,1386,382,1768,3.6282722513089007
194064,936,176,1112,5.318181818181818
194072,2710,191,2901,14.188481675392673
194075,1237,39,1276,31.71794871794872
194080,3734,61,3795,61.21311475409836
194099,2303,188,2491,12.25
194102,2420,119,2539,20.33613445378151
194105,2727,231,2958,11.805194805194803
194109,2660,179,2839,14.860335195530729
194111,2513,126,2639,19.944444444444443
194116,831,81,912,10.25925925925926
194121,3822,151,3973,25.311258278145694
194122,2582,76,2658,33.973684210526315
194127,3303,140,3443,23.59285714285714
194130,2779,131,2910,21.213740458015263
194135,3854,94,3948,41.0
194144,3713,253,3966,14.67588932806324
194146,3351,208,3559,16.110576923076923
194153,3099,82,3181,37.79268292682927
194161,3009,240,3249,12.5375
194166,3100,149,3249,20.80536912751678
194174,3343,336,3679,9.949404761904765
194197,1701,29,1730,58.6551724137931
194203,2783,279,3062,9.974910394265232
194206,3142,186,3328,16.892473118279568
194209,1515,258,1773,5.872093023255814
194213,2829,472,3301,5.99364406779661
194217,1151,173,1324,6.6531791907514455
194241,3626,269,3895,13.479553903345725
194245,2406,116,2522,20.74137931034483
194254,3668,217,3885,16.903225806451612
194260,3630,121,3751,30.0
194262,2374,198,2572,11.98989898989899
194274,2089,33,2122,63.30303030303031
194279,1756,169,1925,10.3905325443787
194280,3662,247,3909,14.82591093117409
194287,2112,262,2374,8.061068702290076
194298,2546,178,2724,14.303370786516854
194321,3837,144,3981,26.64583333333333
194326,2832,164,2996,17.26829268292683
194337,1977,125,2102,15.816
194354,3189,101,3290,31.574257425742573
194364,2754,53,2807,51.9622641509434
194371,3343,165,3508,20.26060606060606
194373,1907,135,2042,14.125925925925928
194379,2988,79,3067,37.822784810126585
194391,2879,265,3144,10.864150943396226
194395,2755,123,2878,22.39837398373984
194401,3833,143,3976,26.804195804195803
194432,3773,176,3949,21.4375
194440,1662,150,1812,11.08
194442,2417,448,2865,5.395089285714286
194460,3205,53,3258,60.471698113207545
194469,1143,362,1505,3.157458563535912
194484,43,2944,2987,0.0146059782608695
194486,3337,402,3739,8.300995024875622
194492,2309,163,2472,14.16564417177914
194502,1367,30,1397,45.56666666666667
194503,1565,134,1699,11.67910447761194
194520,2812,157,2969,17.910828025477706
194526,1447,159,1606,9.10062893081761
194527,2655,241,2896,11.016597510373444
194529,2204,57,2261,38.66666666666666
194538,1917,427,2344,4.489461358313817
194539,3462,383,3845,9.03916449086162
194544,2049,70,2119,29.27142857142857
194547,3217,329,3546,9.778115501519755
194555,1539,209,1748,7.363636363636363
194556,3824,186,4010,20.55913978494624
194571,3426,84,3510,40.785714285714285
194572,3379,410,3789,8.241463414634147
194578,3867,196,4063,19.72959183673469
194582,1699,247,1946,6.8785425101214575
194586,2576,463,3039,5.563714902807775
194592,3115,151,3266,20.62913907284768
194593,1883,449,2332,4.193763919821826
194603,150,3662,3812,0.0409612233752048
194609,3866,226,4092,17.106194690265486
194614,2857,48,2905,59.520833333333336
194623,2642,204,2846,12.950980392156865
194635,3646,157,3803,23.22292993630573
194638,2536,131,2667,19.3587786259542
194642,531,1862,2393,0.2851772287862513
194649,464,1037,1501,0.4474445515911283
194659,2594,166,2760,15.626506024096386
194663,2867,155,3022,18.496774193548383
194679,3505,229,3734,15.305676855895197
194685,2380,555,2935,4.288288288288288
194692,300,3015,3315,0.099502487562189
194694,3528,102,3630,34.588235294117645
194696,2602,156,2758,16.67948717948718
194697,2949,74,3023,39.85135135135136
194705,1839,340,2179,5.408823529411765
194706,3635,37,3672,98.24324324324324
194707,118,2936,3054,0.0401907356948228
194724,3783,77,3860,49.12987012987013
194726,1657,118,1775,14.042372881355933
194729,2736,167,2903,16.38323353293413
194736,2284,84,2368,27.19047619047619
194743,3397,189,3586,17.973544973544975
194749,2293,156,2449,14.698717948717947
194757,3543,405,3948,8.748148148148148
194760,2483,133,2616,18.669172932330827
194766,3717,156,3873,23.82692307692308
194767,3600,195,3795,18.46153846153846
194768,2715,196,2911,13.85204081632653
194772,3189,765,3954,4.168627450980392
194777,20,3664,3684,0.0054585152838427
194781,1839,259,2098,7.100386100386101
194783,3603,145,3748,24.848275862068967
194797,2556,52,2608,49.15384615384615
194809,2797,462,3259,6.054112554112554
194814,3462,90,3552,38.46666666666667
194815,2402,188,2590,12.77659574468085
194816,1945,63,2008,30.873015873015877
194834,3075,229,3304,13.427947598253276
194840,2247,47,2294,47.80851063829788
194842,2188,130,2318,16.83076923076923
194858,2661,74,2735,35.95945945945946
194871,2060,156,2216,13.205128205128204
194873,3809,56,3865,68.01785714285714
194875,1057,167,1224,6.3293413173652695
194881,3789,97,3886,39.06185567010309
194883,3681,145,3826,25.386206896551723
194888,1888,49,1937,38.53061224489796
194890,1997,52,2049,38.40384615384615
194891,3662,285,3947,12.849122807017544
194898,1478,70,1548,21.114285714285717
194899,3493,169,3662,20.66863905325444
194907,3545,216,3761,16.412037037037038
194913,2301,384,2685,5.9921875
194920,2745,754,3499,3.640583554376658
194921,1945,476,2421,4.086134453781512
194926,1513,98,1611,15.43877551020408
194946,3450,112,3562,30.803571428571427
194953,3224,389,3613,8.287917737789202
194967,3695,120,3815,30.791666666666668
194971,25,2852,2877,0.008765778401122
194977,2358,191,2549,12.345549738219896
194979,3565,97,3662,36.75257731958763
194981,1216,39,1255,31.17948717948718
194995,3034,213,3247,14.244131455399062
194998,3911,181,4092,21.60773480662984
195002,2540,787,3327,3.227445997458704
195005,1503,747,2250,2.0120481927710845
195011,3143,167,3310,18.820359281437124
195028,2907,321,3228,9.05607476635514
195032,1425,1291,2716,1.1037955073586367
195034,3187,589,3776,5.410865874363328
195037,1616,72,1688,22.444444444444443
195045,3510,372,3882,9.435483870967742
195049,2449,163,2612,15.024539877300612
195055,3420,623,4043,5.489566613162118
195060,1622,1880,3502,0.8627659574468085
195064,3133,125,3258,25.064
195078,3695,85,3780,43.47058823529412
195081,3080,126,3206,24.444444444444443
195084,3353,274,3627,12.237226277372264
195091,3124,243,3367,12.8559670781893
195101,2512,78,2590,32.205128205128204
195111,3812,202,4014,18.871287128712872
195113,2251,116,2367,19.405172413793103
195115,1723,41,1764,42.02439024390244
195128,3220,78,3298,41.282051282051285
195134,2701,77,2778,35.077922077922075
195138,3290,200,3490,16.45
195142,2024,108,2132,18.74074074074074
195144,3220,51,3271,63.13725490196079
195149,2182,1681,3863,1.2980368828078526
195165,2609,372,2981,7.013440860215054
195172,2031,455,2486,4.463736263736264
195180,2344,157,2501,14.929936305732484
195183,2203,420,2623,5.245238095238095
195191,1306,242,1548,5.396694214876033
195193,3384,96,3480,35.25
195197,2719,1054,3773,2.579696394686907
195199,90,3560,3650,0.0252808988764044
195204,2011,59,2070,34.08474576271186
195214,3960,133,4093,29.774436090225564
195221,3892,80,3972,48.65
195230,3020,172,3192,17.558139534883722
195239,2828,184,3012,15.369565217391305
195245,3336,124,3460,26.90322580645161
195250,2697,43,2740,62.72093023255814
195251,1506,50,1556,30.12
195254,2369,215,2584,11.018604651162793
195255,3598,90,3688,39.977777777777774
195260,3184,176,3360,18.09090909090909
195268,1870,233,2103,8.025751072961373
195269,2386,59,2445,40.440677966101696
195292,2261,70,2331,32.3
195300,3376,83,3459,40.67469879518072
195305,156,3931,4087,0.0396845586364792
195306,3588,29,3617,123.72413793103448
195312,1756,205,1961,8.565853658536586
195329,3198,237,3435,13.49367088607595
195349,3623,112,3735,32.348214285714285
195354,2036,172,2208,11.83720930232558
195367,3259,142,3401,22.950704225352112
195380,1686,243,1929,6.938271604938271
195385,3590,80,3670,44.875
195386,3115,135,3250,23.074074074074076
195388,2798,179,2977,15.631284916201118
195394,2386,589,2975,4.050933786078098
195403,3318,126,3444,26.33333333333333
195415,1874,151,2025,12.410596026490069
195417,1567,948,2515,1.6529535864978904
195422,3421,172,3593,19.88953488372093
195438,1640,66,1706,24.848484848484848
195439,2895,159,3054,18.20754716981132
195440,3242,138,3380,23.49275362318841
195442,199,2471,2670,0.0805341966815054
195447,1941,50,1991,38.82
195453,1414,2349,3763,0.6019582801191996
195455,420,3072,3492,0.13671875
195456,3336,187,3523,17.83957219251337
195483,2745,57,2802,48.1578947368421
195486,2574,207,2781,12.434782608695652
195490,1496,133,1629,11.24812030075188
195493,3086,525,3611,5.878095238095238
195499,2555,298,2853,8.573825503355705
195502,3474,143,3617,24.293706293706293
195504,2840,555,3395,5.117117117117117
195518,3420,118,3538,28.983050847457623
195526,2899,75,2974,38.653333333333336
195528,1398,145,1543,9.641379310344828
195535,1700,46,1746,36.95652173913044
195543,1754,63,1817,27.84126984126984
195565,2784,89,2873,31.280898876404493
195568,1317,60,1377,21.95
195583,2827,129,2956,21.914728682170544
195585,2448,52,2500,47.07692307692308
195597,2677,292,2969,9.167808219178085
195605,1951,677,2628,2.8818316100443133
195607,2517,81,2598,31.074074074074076
195618,1669,105,1774,15.895238095238096
195621,2282,100,2382,22.82
195629,3132,214,3346,14.63551401869159
195633,129,3842,3971,0.0335762623633524
195647,1831,97,1928,18.87628865979381
195651,3251,287,3538,11.32752613240418
195653,2709,468,3177,5.788461538461538
195654,3390,187,3577,18.128342245989305
195657,1383,73,1456,18.945205479452056
195660,2783,380,3163,7.323684210526316
195669,3645,131,3776,27.82442748091603
195673,3304,266,3570,12.421052631578949
195676,3356,313,3669,10.722044728434504
195680,2584,112,2696,23.071428571428573
195685,3178,103,3281,30.854368932038835
195686,3935,160,4095,24.59375
195687,3503,40,3543,87.575
195691,3445,148,3593,23.277027027027028
195694,3208,138,3346,23.246376811594203
195718,3049,405,3454,7.5283950617283955
195735,2826,153,2979,18.47058823529412
195742,3858,227,4085,16.995594713656388
195753,2033,91,2124,22.34065934065934
195757,3620,434,4054,8.341013824884792
195774,2123,56,2179,37.910714285714285
195787,3942,100,4042,39.42
195790,1361,72,1433,18.90277777777778
195791,2650,396,3046,6.691919191919192
195797,1,3692,3693,0.0002708559046587
195798,1428,235,1663,6.076595744680851
195820,2067,1729,3796,1.1954887218045114
195826,1807,348,2155,5.192528735632184
195830,1843,55,1898,33.50909090909091
195840,1,2529,2530,0.0003954132068011
195855,1822,75,1897,24.293333333333333
195858,3181,124,3305,25.65322580645161
195862,2349,42,2391,55.92857142857143
195870,2413,89,2502,27.1123595505618
195871,504,3446,3950,0.1462565293093441
195878,912,3068,3980,0.2972620599739243
195879,124,411,535,0.3017031630170316
195881,2597,372,2969,6.981182795698925
195891,3028,122,3150,24.81967213114754
195896,3227,99,3326,32.5959595959596
195903,1954,31,1985,63.03225806451613
195908,2438,45,2483,54.17777777777778
195909,3989,43,4032,92.76744186046513
195913,1969,163,2132,12.079754601226997
195920,2469,73,2542,33.821917808219176
195921,141,3929,4070,0.0358869941460931
195923,1916,46,1962,41.65217391304348
195930,2199,106,2305,20.745283018867923
195946,2363,704,3067,3.356534090909091
195949,2956,194,3150,15.237113402061857
195951,2407,44,2451,54.70454545454545
195952,937,2601,3538,0.3602460592079969
195959,1660,269,1929,6.171003717472119
195960,3799,99,3898,38.37373737373738
195970,2845,225,3070,12.644444444444444
195980,812,1608,2420,0.5049751243781094
195981,3042,107,3149,28.429906542056077
195984,2901,143,3044,20.286713286713287
195986,2707,52,2759,52.05769230769231
196007,2509,132,2641,19.00757575757576
196009,2827,156,2983,18.121794871794872
196017,3484,113,3597,30.831858407079647
196018,3277,160,3437,20.48125
196024,2582,82,2664,31.48780487804878
196026,3327,247,3574,13.469635627530364
196034,2222,531,2753,4.184557438794727
196037,2486,131,2617,18.977099236641223
196044,3376,572,3948,5.902097902097903
196048,3710,117,3827,31.70940170940171
196058,3357,235,3592,14.285106382978723
196061,1,4014,4015,0.0002491280518186
196080,2888,159,3047,18.163522012578618
196094,2785,179,2964,15.558659217877096
196103,1146,113,1259,10.141592920353984
196119,3690,87,3777,42.41379310344828
196122,2373,105,2478,22.6
196123,3235,90,3325,35.94444444444444
196127,2957,121,3078,24.43801652892562
196136,2743,86,2829,31.8953488372093
196156,1286,45,1331,28.57777777777778
196176,3280,109,3389,30.091743119266056
196181,3406,196,3602,17.377551020408163
196193,2642,69,2711,38.289855072463766
196197,1938,84,2022,23.071428571428573
196206,2022,55,2077,36.763636363636365
196207,2556,81,2637,31.55555555555556
196208,2005,127,2132,15.78740157480315
196211,2228,64,2292,34.8125
196212,19,1221,1240,0.0155610155610155
196213,2067,131,2198,15.778625954198471
196224,2242,123,2365,18.227642276422763
196226,3233,79,3312,40.9240506329114
196241,2546,162,2708,15.716049382716047
196245,3338,623,3961,5.357945425361156
196279,3649,115,3764,31.730434782608697
196283,3217,192,3409,16.755208333333332
196298,3798,98,3896,38.755102040816325
196299,3770,168,3938,22.44047619047619
196301,3740,304,4044,12.302631578947368
196314,2328,54,2382,43.11111111111112
196334,3787,272,4059,13.922794117647058
196337,3131,382,3513,8.196335078534032
196345,1687,77,1764,21.90909090909091
196362,35,3997,4032,0.0087565674255691
196373,1012,513,1525,1.97270955165692
196377,2266,98,2364,23.12244897959184
196378,3504,358,3862,9.787709497206704
196382,1817,88,1905,20.647727272727277
196399,2397,61,2458,39.29508196721312
196404,301,3060,3361,0.0983660130718954
196410,1259,550,1809,2.289090909090909
196413,2825,116,2941,24.353448275862068
196418,3635,456,4091,7.971491228070175
196445,2297,234,2531,9.816239316239315
196450,3349,393,3742,8.521628498727736
196465,3935,96,4031,40.989583333333336
196468,3667,344,4011,10.659883720930232
196482,1242,51,1293,24.352941176470587
196491,3434,177,3611,19.401129943502823
196492,1249,594,1843,2.1026936026936025
196495,1166,78,1244,14.948717948717947
196506,2674,155,2829,17.251612903225805
196507,3197,159,3356,20.10691823899371
196519,3094,77,3171,40.18181818181818
196521,3667,137,3804,26.766423357664237
196524,2692,70,2762,38.457142857142856
196525,3798,207,4005,18.347826086956523
196536,3518,214,3732,16.439252336448597
196546,2768,149,2917,18.57718120805369
196555,1905,196,2101,9.71938775510204
196558,3571,115,3686,31.05217391304348
196560,2548,29,2577,87.86206896551724
196568,1435,22,1457,65.22727272727273
196576,182,3011,3193,0.0604450348721355
196579,44,3408,3452,0.0129107981220657
196584,507,53,560,9.566037735849056
196591,3346,44,3390,76.04545454545455
196604,2932,196,3128,14.959183673469388
196606,3057,194,3251,15.757731958762887
196619,3557,80,3637,44.4625
196642,2568,108,2676,23.77777777777778
196643,3284,79,3363,41.56962025316456
196649,1907,130,2037,14.669230769230769
196652,2422,86,2508,28.162790697674417
196654,176,3794,3970,0.0463890353189246
196669,2433,335,2768,7.262686567164179
196679,406,3667,4073,0.1107172075265885
196680,2430,109,2539,22.29357798165137
196688,3071,285,3356,10.775438596491227
196697,3540,209,3749,16.9377990430622
196698,1284,122,1406,10.524590163934429
196716,2826,110,2936,25.69090909090909
196718,1544,66,1610,23.393939393939394
196721,50,3313,3363,0.0150920615756112
196725,3864,54,3918,71.55555555555556
196731,3667,190,3857,19.3
196746,3287,129,3416,25.48062015503876
196754,3345,339,3684,9.867256637168142
196755,2683,57,2740,47.07017543859649
196758,3091,261,3352,11.842911877394636
196783,2966,73,3039,40.63013698630137
196786,74,3759,3833,0.0196860867251928
196789,3165,72,3237,43.958333333333336
196791,3375,116,3491,29.094827586206897
196795,3329,389,3718,8.557840616966581
196797,3598,345,3943,10.428985507246376
196799,357,3136,3493,0.1138392857142857
196833,3113,259,3372,12.01930501930502
196843,3558,151,3709,23.56291390728477
196856,3249,236,3485,13.766949152542374
196857,2483,125,2608,19.864
196860,25,2920,2945,0.0085616438356164
196861,3401,100,3501,34.01
196876,2393,185,2578,12.935135135135136
196877,373,3072,3445,0.1214192708333333
196890,1208,2633,3841,0.4587922521838207
196894,3896,117,4013,33.2991452991453
196913,2848,74,2922,38.48648648648648
196929,1346,1663,3009,0.809380637402285
196939,2007,130,2137,15.43846153846154
196942,1354,188,1542,7.202127659574468
196943,1391,195,1586,7.133333333333334
196948,2470,192,2662,12.864583333333334
196949,2660,367,3027,7.247956403269755
196954,1169,451,1620,2.5920177383592016
196956,3027,97,3124,31.20618556701031
196959,1152,161,1313,7.15527950310559
196964,2524,68,2592,37.11764705882353
196983,3355,568,3923,5.90669014084507
196991,2643,81,2724,32.629629629629626
196994,2716,341,3057,7.964809384164223
197000,2247,107,2354,21.0
197007,2116,234,2350,9.042735042735044
197012,2633,221,2854,11.914027149321267
197014,2827,113,2940,25.01769911504425
197018,3458,115,3573,30.069565217391304
197019,2133,283,2416,7.5371024734982335
197021,2801,1200,4001,2.3341666666666665
197025,2986,86,3072,34.72093023255814
197031,2496,190,2686,13.136842105263158
197038,2144,141,2285,15.205673758865249
197041,3208,205,3413,15.648780487804878
197042,3815,162,3977,23.549382716049383
197043,2213,185,2398,11.962162162162162
197047,80,2386,2466,0.0335289186923721
197049,3240,163,3403,19.87730061349693
197050,3309,385,3694,8.594805194805195
197055,2047,746,2793,2.7439678284182305
197058,671,2722,3393,0.2465099191770756
197076,3871,118,3989,32.80508474576271
197079,3422,203,3625,16.857142857142858
197080,2130,168,2298,12.678571428571429
197103,4017,16,4033,251.0625
197108,1064,2885,3949,0.3688041594454073
197112,1723,45,1768,38.28888888888889
197123,1701,37,1738,45.972972972972975
197129,2168,158,2326,13.721518987341772
197132,319,3523,3842,0.0905478285552086
197138,2683,154,2837,17.42207792207792
197141,2985,79,3064,37.78481012658228
197150,796,75,871,10.613333333333332
197165,2135,105,2240,20.33333333333333
197182,2663,134,2797,19.87313432835821
197187,2232,81,2313,27.55555555555556
197197,3311,126,3437,26.27777777777778
197199,1602,478,2080,3.3514644351464438
197209,51,3268,3319,0.0156058751529987
197210,219,3002,3221,0.0729513657561625
197215,1631,192,1823,8.494791666666666
197223,2047,71,2118,28.83098591549296
197227,3512,176,3688,19.954545454545453
197230,3319,110,3429,30.172727272727272
197243,3380,98,3478,34.48979591836735
197246,2441,101,2542,24.168316831683168
197248,2929,109,3038,26.871559633027523
197253,2856,197,3053,14.49746192893401
197254,1300,286,1586,4.545454545454546
197259,2942,272,3214,10.816176470588236
197261,2335,135,2470,17.296296296296298
197267,2635,171,2806,15.409356725146198
197272,2381,137,2518,17.37956204379562
197285,3604,75,3679,48.053333333333335
197286,1806,63,1869,28.666666666666668
197298,2729,165,2894,16.53939393939394
197308,3473,79,3552,43.962025316455694
197311,3158,523,3681,6.038240917782026
197336,266,2543,2809,0.104600865119937
197351,3316,294,3610,11.27891156462585
197355,2724,142,2866,19.183098591549296
197367,3575,510,4085,7.009803921568627
197369,3082,98,3180,31.448979591836736
197370,3913,99,4012,39.525252525252526
197371,2970,113,3083,26.283185840707965
197396,2953,162,3115,18.2283950617284
197412,2039,122,2161,16.71311475409836
197415,3610,329,3939,10.972644376899696
197417,3869,166,4035,23.30722891566265
197419,3431,39,3470,87.97435897435898
197436,3416,170,3586,20.094117647058823
197452,3836,108,3944,35.51851851851852
197457,571,2206,2777,0.2588395285584768
197467,3058,316,3374,9.677215189873415
197486,2771,170,2941,16.3
197491,2762,192,2954,14.385416666666666
197498,125,3756,3881,0.0332800851970181
197510,3317,177,3494,18.740112994350284
197536,1186,2037,3223,0.5822287677957781
197537,2257,115,2372,19.62608695652174
197545,3857,80,3937,48.2125
197583,1743,113,1856,15.424778761061948
197587,245,2289,2534,0.1070336391437308
197588,750,2499,3249,0.3001200480192076
197603,1976,103,2079,19.184466019417474
197612,955,2233,3188,0.4276757725033587
197613,3675,201,3876,18.28358208955224
197614,3729,105,3834,35.51428571428571
197626,2949,176,3125,16.755681818181817
197632,436,1300,1736,0.3353846153846154
197633,1542,26,1568,59.30769230769231
197639,3676,44,3720,83.54545454545455
197658,3134,163,3297,19.226993865030675
197675,595,2016,2611,0.2951388888888889
197680,754,599,1353,1.258764607679466
197686,3610,149,3759,24.22818791946309
197692,3494,156,3650,22.397435897435894
197700,1805,451,2256,4.0022172949002215
197716,726,2834,3560,0.2561750176429075
197717,2973,125,3098,23.784
197719,3585,111,3696,32.2972972972973
197722,1102,483,1585,2.281573498964803
197727,3891,142,4033,27.401408450704224
197735,2988,210,3198,14.228571428571428
197737,2990,331,3321,9.03323262839879
197742,2407,70,2477,34.385714285714286
197744,1901,114,2015,16.67543859649123
197752,3843,219,4062,17.54794520547945
197753,3062,152,3214,20.144736842105264
197763,3684,103,3787,35.76699029126213
197769,3190,124,3314,25.725806451612904
197781,1396,665,2061,2.099248120300752
197783,2214,101,2315,21.92079207920792
197784,3055,169,3224,18.07692307692308
197795,2237,421,2658,5.31353919239905
197798,3485,38,3523,91.71052631578948
197805,2732,167,2899,16.35928143712575
197812,2687,84,2771,31.98809523809524
197818,3570,277,3847,12.888086642599278
197836,2433,110,2543,22.118181818181817
197841,2943,198,3141,14.863636363636363
197844,2266,174,2440,13.022988505747126
197853,787,68,855,11.573529411764708
197856,3642,225,3867,16.186666666666667
197861,679,2311,2990,0.293812202509736
197875,4023,54,4077,74.5
197882,3626,58,3684,62.51724137931034
197883,1196,109,1305,10.972477064220184
197886,3365,186,3551,18.091397849462364
197897,2974,131,3105,22.70229007633588
197901,3305,303,3608,10.907590759075909
197912,2629,128,2757,20.5390625
197917,3042,56,3098,54.32142857142857
197926,3203,133,3336,24.08270676691729
197928,1922,136,2058,14.132352941176473
197936,3337,231,3568,14.445887445887443
197942,2587,205,2792,12.61951219512195
197943,3777,287,4064,13.160278745644598
197949,3438,263,3701,13.072243346007603
197952,411,1552,1963,0.264819587628866
197964,2220,194,2414,11.443298969072163
197977,2173,167,2340,13.011976047904191
197978,1360,86,1446,15.813953488372093
197984,3293,183,3476,17.994535519125684
197986,3241,151,3392,21.4635761589404
197995,3141,845,3986,3.717159763313609
198004,3274,99,3373,33.07070707070707
198014,2839,228,3067,12.451754385964913
198029,1,3760,3761,0.0002659574468085
198030,3086,234,3320,13.188034188034187
198031,2867,173,3040,16.572254335260116
198033,3231,153,3384,21.11764705882353
198040,104,1512,1616,0.0687830687830687
198042,819,1588,2407,0.5157430730478589
198048,2642,188,2830,14.0531914893617
198051,3174,18,3192,176.33333333333334
198052,2997,136,3133,22.03676470588235
198064,2848,165,3013,17.26060606060606
198070,2524,113,2637,22.336283185840703
198073,3524,229,3753,15.388646288209609
198080,999,54,1053,18.5
198097,80,3583,3663,0.0223276583868266
198100,1616,117,1733,13.811965811965813
198123,2060,136,2196,15.147058823529411
198129,2487,100,2587,24.87
198130,1875,156,2031,12.01923076923077
198138,3605,103,3708,35.0
198139,1951,75,2026,26.01333333333333
198143,1402,472,1874,2.9703389830508478
198153,3228,491,3719,6.574338085539715
198155,1795,95,1890,18.894736842105264
198181,2420,336,2756,7.2023809523809526
198228,2331,206,2537,11.315533980582524
198229,1744,273,2017,6.388278388278389
198232,3159,80,3239,39.4875
198244,3717,32,3749,116.15625
198266,2090,138,2228,15.144927536231885
198276,3068,397,3465,7.727959697732998
198288,2433,50,2483,48.66
198293,2807,100,2907,28.07
198297,3110,204,3314,15.245098039215684
198299,2446,131,2577,18.67175572519084
198302,3198,75,3273,42.64
198304,3404,54,3458,63.03703703703704
198333,944,70,1014,13.485714285714286
198336,2922,210,3132,13.914285714285716
198342,3274,103,3377,31.78640776699029
198365,2744,48,2792,57.16666666666666
198381,3138,167,3305,18.790419161676645
198384,1173,124,1297,9.459677419354838
198388,3637,107,3744,33.99065420560748
198393,2871,78,2949,36.80769230769231
198398,3137,466,3603,6.73175965665236
198402,293,3005,3298,0.097504159733777
198413,3621,21,3642,172.42857142857142
198423,1475,72,1547,20.48611111111111
198428,2880,875,3755,3.291428571428572
198441,2219,311,2530,7.135048231511254
198447,1793,240,2033,7.470833333333333
198451,2046,158,2204,12.949367088607596
198457,2744,180,2924,15.244444444444444
198467,3798,240,4038,15.825
198480,2883,142,3025,20.30281690140845
198490,2870,55,2925,52.18181818181818
198495,3343,176,3519,18.994318181818183
198540,1788,118,1906,15.152542372881356
198542,1,3457,3458,0.0002892681515765
198545,2226,74,2300,30.08108108108108
198547,23,3964,3987,0.0058022199798183
198550,3704,129,3833,28.713178294573645
198558,1601,50,1651,32.02
198559,2242,579,2821,3.872193436960276
198566,2631,426,3057,6.176056338028169
198568,3411,301,3712,11.332225913621263
198575,2320,189,2509,12.275132275132275
198579,2575,58,2633,44.39655172413793
198582,3769,209,3978,18.033492822966508
198585,1726,194,1920,8.896907216494846
198588,3109,201,3310,15.467661691542288
198590,3789,71,3860,53.36619718309859
198591,2686,317,3003,8.473186119873818
198601,2959,142,3101,20.838028169014084
198606,2196,299,2495,7.344481605351171
198615,1636,86,1722,19.023255813953487
198617,2208,34,2242,64.94117647058823
198625,3045,175,3220,17.4
198631,1890,390,2280,4.846153846153846
198634,3502,453,3955,7.730684326710817
198642,2716,86,2802,31.58139534883721
198643,2838,114,2952,24.894736842105264
198648,956,52,1008,18.384615384615383
198659,2965,225,3190,13.177777777777775
198690,3818,174,3992,21.942528735632184
198692,2615,196,2811,13.341836734693878
198703,217,3755,3972,0.0577896138482023
198714,2680,315,2995,8.507936507936508
198716,1296,177,1473,7.322033898305085
198748,141,1051,1192,0.1341579448144624
198749,2927,478,3405,6.123430962343096
198757,50,3115,3165,0.0160513643659711
198758,2698,257,2955,10.498054474708171
198766,1971,246,2217,8.012195121951219
198767,2797,129,2926,21.68217054263566
198774,1960,86,2046,22.79069767441861
198775,69,637,706,0.108320251177394
198785,2098,38,2136,55.21052631578947
198791,1358,584,1942,2.3253424657534247
198803,2892,110,3002,26.29090909090909
198804,1503,129,1632,11.651162790697674
198811,2651,72,2723,36.81944444444444
198812,76,3248,3324,0.0233990147783251
198818,2687,373,3060,7.2037533512064345
198820,2194,266,2460,8.24812030075188
198822,1491,45,1536,33.13333333333333
198823,3097,219,3316,14.141552511415526
198830,57,3845,3902,0.0148244473342002
198844,3885,184,4069,21.11413043478261
198845,1356,84,1440,16.142857142857142
198846,2840,130,2970,21.846153846153847
198850,3030,121,3151,25.041322314049587
198860,2251,150,2401,15.006666666666666
198863,3322,327,3649,10.15902140672783
198873,2885,131,3016,22.022900763358777
198886,3702,91,3793,40.68131868131868
198890,1803,851,2654,2.118683901292597
198895,2970,692,3662,4.291907514450867
198896,1774,223,1997,7.955156950672646
198899,1995,199,2194,10.025125628140705
198900,2888,112,3000,25.785714285714285
198926,516,1340,1856,0.3850746268656716
198927,806,3183,3989,0.2532202324850769
198932,3265,25,3290,130.6
198934,3614,186,3800,19.43010752688172
198935,2660,96,2756,27.70833333333333
198946,1350,170,1520,7.9411764705882355
198956,2706,164,2870,16.5
198966,3433,142,3575,24.176056338028168
198967,2015,99,2114,20.353535353535356
198971,2003,114,2117,17.57017543859649
198987,1864,50,1914,37.28
198994,2596,157,2753,16.53503184713376
198996,70,2856,2926,0.0245098039215686
198998,3495,120,3615,29.125
198999,1232,41,1273,30.04878048780488
199025,3732,46,3778,81.1304347826087
199029,3025,81,3106,37.34567901234568
199032,2803,137,2940,20.45985401459854
199064,3022,116,3138,26.05172413793104
199065,3082,281,3363,10.96797153024911
199080,2961,109,3070,27.165137614678898
199107,3091,130,3221,23.77692307692308
199112,2352,106,2458,22.18867924528302
199114,3538,112,3650,31.589285714285715
199117,3212,348,3560,9.229885057471265
199124,2776,261,3037,10.636015325670495
199133,31,2621,2652,0.0118275467378863
199136,3309,181,3490,18.281767955801104
199137,1266,118,1384,10.728813559322036
199138,2986,185,3171,16.14054054054054
199141,22,2299,2321,0.0095693779904306
199147,292,3229,3521,0.0904304738309074
199162,3995,77,4072,51.88311688311688
199163,3516,212,3728,16.58490566037736
199176,301,1862,2163,0.1616541353383458
199179,3629,253,3882,14.34387351778656
199182,2373,163,2536,14.558282208588958
199197,2337,169,2506,13.828402366863903
199198,2557,102,2659,25.068627450980397
199199,679,813,1492,0.8351783517835178
199206,2529,57,2586,44.36842105263158
199211,2820,72,2892,39.16666666666666
199213,384,3670,4054,0.1046321525885558
199214,3834,201,4035,19.074626865671643
199216,2704,158,2862,17.11392405063291
199218,1485,102,1587,14.558823529411764
199226,1975,147,2122,13.435374149659864
199231,2863,227,3090,12.612334801762117
199233,3758,113,3871,33.256637168141594
199237,2148,208,2356,10.326923076923077
199240,3934,121,4055,32.51239669421488
199241,2642,80,2722,33.025
199247,2914,337,3251,8.646884272997033
199251,1608,88,1696,18.272727272727277
199254,3166,298,3464,10.624161073825505
199265,3033,145,3178,20.917241379310344
199266,643,63,706,10.206349206349206
199271,3253,164,3417,19.835365853658537
199272,3690,200,3890,18.45
199298,2806,108,2914,25.98148148148148
199301,2920,123,3043,23.739837398373982
199306,3839,198,4037,19.38888888888889
199338,3829,236,4065,16.22457627118644
199344,3551,154,3705,23.05844155844156
199352,2752,115,2867,23.930434782608696
199359,2699,74,2773,36.472972972972975
199369,813,43,856,18.906976744186046
199372,1063,488,1551,2.17827868852459
199381,3259,109,3368,29.89908256880734
199382,2509,85,2594,29.51764705882353
199388,3274,95,3369,34.463157894736845
199389,2433,49,2482,49.6530612244898
199390,2733,66,2799,41.40909090909091
199397,2065,742,2807,2.7830188679245285
199398,3633,170,3803,21.37058823529412
199404,2346,40,2386,58.65
199405,1732,120,1852,14.433333333333334
199410,3380,206,3586,16.40776699029126
199413,1991,296,2287,6.726351351351352
199423,3981,106,4087,37.5566037735849
199427,3679,376,4055,9.784574468085106
199428,2213,717,2930,3.086471408647141
199430,2469,198,2667,12.469696969696969
199431,3927,93,4020,42.2258064516129
199432,2082,172,2254,12.104651162790695
199443,3364,157,3521,21.426751592356688
199450,2555,45,2600,56.77777777777778
199457,604,335,939,1.8029850746268656
199466,3680,173,3853,21.271676300578036
199473,3589,63,3652,56.96825396825397
199481,2903,192,3095,15.119791666666666
199493,2248,274,2522,8.204379562043796
199494,2706,112,2818,24.160714285714285
199499,2714,195,2909,13.917948717948718
199501,2826,181,3007,15.613259668508288
199503,2314,377,2691,6.137931034482759
199509,2628,70,2698,37.54285714285714
199511,2808,87,2895,32.27586206896552
199519,3641,146,3787,24.938356164383563
199527,2090,111,2201,18.82882882882883
199536,2643,232,2875,11.392241379310343
199538,58,3107,3165,0.0186675249436755
199545,2395,35,2430,68.42857142857143
199547,3101,31,3132,100.03225806451611
199556,2968,61,3029,48.65573770491803
199563,3747,311,4058,12.04823151125402
199567,995,2526,3521,0.3939034045922407
199580,3389,397,3786,8.536523929471032
199586,1784,110,1894,16.21818181818182
199606,3343,200,3543,16.715
199610,3068,126,3194,24.349206349206348
199622,1799,1033,2832,1.7415295256534369
199626,2481,390,2871,6.361538461538461
199628,1489,68,1557,21.897058823529413
199631,3225,128,3353,25.1953125
199638,2113,614,2727,3.441368078175896
199646,1759,228,1987,7.714912280701754
199647,1814,88,1902,20.613636363636363
199648,131,1689,1820,0.0775606867969212
199665,1529,402,1931,3.8034825870646767
199668,1163,34,1197,34.205882352941174
199670,2119,90,2209,23.544444444444444
199688,969,32,1001,30.28125
199694,2732,229,2961,11.930131004366812
199699,3219,110,3329,29.26363636363636
199707,1584,307,1891,5.159609120521172
199731,3144,249,3393,12.626506024096386
199740,3348,167,3515,20.04790419161677
199746,3599,398,3997,9.042713567839195
199752,1873,117,1990,16.00854700854701
199758,1820,1642,3462,1.1084043848964678
199761,2124,192,2316,11.0625
199762,2674,201,2875,13.303482587064677
199771,339,3112,3451,0.1089331619537275
199791,3442,90,3532,38.24444444444445
199792,3305,51,3356,64.80392156862744
199795,1664,66,1730,25.21212121212121
199809,2691,374,3065,7.195187165775401
199815,3927,152,4079,25.835526315789476
199828,3731,249,3980,14.983935742971887
199835,35,3194,3229,0.0109580463368816
199852,2010,87,2097,23.103448275862068
199873,2647,190,2837,13.93157894736842
199885,3228,234,3462,13.794871794871796
199892,2854,107,2961,26.672897196261683
199910,1617,254,1871,6.366141732283465
199912,1120,2371,3491,0.4723745255166596
199913,1619,162,1781,9.993827160493828
199928,2835,124,2959,22.86290322580645
199932,2405,558,2963,4.310035842293907
199938,2926,226,3152,12.946902654867255
199950,3003,114,3117,26.34210526315789
199952,2831,141,2972,20.07801418439716
199954,2664,25,2689,106.56
199962,3066,163,3229,18.80981595092025
199965,2643,39,2682,67.76923076923077
199968,3512,399,3911,8.802005012531328
199975,2639,46,2685,57.369565217391305
199992,2934,689,3623,4.2583454281567485
200001,3745,180,3925,20.80555555555556
200010,2387,62,2449,38.5
200013,3454,515,3969,6.706796116504854
200017,1759,66,1825,26.651515151515152
200028,2539,194,2733,13.08762886597938
200033,3050,211,3261,14.454976303317537
200034,2450,69,2519,35.507246376811594
200037,197,2290,2487,0.0860262008733624
200040,101,3706,3807,0.0272531030760928
200044,1090,2860,3950,0.3811188811188811
200054,2525,236,2761,10.69915254237288
200057,1019,14,1033,72.78571428571429
200072,3659,186,3845,19.672043010752688
200074,2541,179,2720,14.195530726256983
200076,3288,49,3337,67.10204081632654
200089,2346,26,2372,90.23076923076924
200097,3492,79,3571,44.20253164556962
200106,3739,56,3795,66.76785714285714
200116,3519,87,3606,40.44827586206897
200120,2948,172,3120,17.13953488372093
200124,2500,112,2612,22.321428571428573
200129,1202,424,1626,2.8349056603773586
200136,2221,174,2395,12.764367816091951
200141,1819,150,1969,12.126666666666669
200142,3897,189,4086,20.61904761904762
200143,367,2482,2849,0.1478646253021756
200146,2706,195,2901,13.876923076923076
200168,3693,87,3780,42.44827586206897
200181,1608,111,1719,14.486486486486486
200182,3483,160,3643,21.76875
200187,1314,61,1375,21.540983606557376
200197,3255,129,3384,25.232558139534884
200209,2759,110,2869,25.081818181818186
200214,3388,304,3692,11.144736842105264
200220,3675,129,3804,28.48837209302325
200232,1138,56,1194,20.321428571428573
200239,2950,727,3677,4.05777166437414
200251,2207,179,2386,12.329608938547484
200259,1685,42,1727,40.11904761904762
200271,2374,31,2405,76.58064516129032
200282,3569,150,3719,23.793333333333333
200284,2621,76,2697,34.48684210526316
200290,3375,261,3636,12.93103448275862
200293,2069,244,2313,8.479508196721312
200296,3010,347,3357,8.67435158501441
200302,1956,274,2230,7.138686131386861
200322,2706,168,2874,16.107142857142858
200327,1495,844,2339,1.7713270142180095
200332,1804,105,1909,17.18095238095238
200337,3243,131,3374,24.75572519083969
200339,311,3604,3915,0.0862930077691453
200343,2360,466,2826,5.064377682403434
200352,3129,282,3411,11.095744680851064
200357,3410,46,3456,74.1304347826087
200363,2534,187,2721,13.550802139037431
200366,1354,266,1620,5.090225563909774
200380,2247,94,2341,23.904255319148938
200385,3622,266,3888,13.61654135338346
200401,1205,1818,3023,0.6628162816281629
200405,3608,106,3714,34.0377358490566
200408,3399,105,3504,32.371428571428574
200417,2284,35,2319,65.25714285714285
200427,3750,133,3883,28.195488721804512
200429,3149,625,3774,5.0384
200451,2686,219,2905,12.264840182648404
200461,3724,228,3952,16.333333333333332
200463,2767,479,3246,5.776617954070981
200465,761,43,804,17.697674418604652
200473,2621,124,2745,21.137096774193548
200484,2286,247,2533,9.255060728744938
200511,3046,394,3440,7.730964467005077
200518,1820,132,1952,13.787878787878787
200521,2911,130,3041,22.392307692307693
200523,2988,41,3029,72.8780487804878
200525,2381,179,2560,13.30167597765363
200532,1898,116,2014,16.362068965517242
200534,3227,460,3687,7.015217391304348
200544,3196,108,3304,29.59259259259259
200554,2146,484,2630,4.433884297520661
200570,2857,164,3021,17.420731707317074
200590,562,15,577,37.46666666666667
200595,887,1937,2824,0.4579246257098606
200598,2613,624,3237,4.1875
200605,751,2526,3277,0.2973079968329374
200614,205,2678,2883,0.0765496639283047
200617,3455,171,3626,20.204678362573095
200623,2590,46,2636,56.30434782608695
200628,2466,152,2618,16.223684210526315
200653,1159,182,1341,6.368131868131868
200654,1069,1454,2523,0.7352132049518569
200662,2858,53,2911,53.9245283018868
200663,33,2972,3005,0.0111036339165545
200676,2826,150,2976,18.84
200681,3291,124,3415,26.54032258064516
200688,3128,37,3165,84.54054054054055
200715,2547,111,2658,22.945945945945947
200718,3036,865,3901,3.5098265895953755
200721,28,1647,1675,0.0170006071645415
200722,2110,128,2238,16.484375
200734,3768,228,3996,16.526315789473685
200741,2894,112,3006,25.839285714285715
200742,3622,125,3747,28.976
200750,1220,2829,4049,0.4312477907387769
200751,42,2725,2767,0.0154128440366972
200754,2360,166,2526,14.216867469879515
200757,2815,162,2977,17.376543209876544
200760,2547,162,2709,15.72222222222222
200770,3587,41,3628,87.48780487804878
200771,2511,119,2630,21.100840336134453
200784,2450,63,2513,38.888888888888886
200789,2946,599,3545,4.918196994991653
200792,3182,669,3851,4.756352765321375
200824,2145,32,2177,67.03125
200831,856,732,1588,1.169398907103825
200835,2820,57,2877,49.47368421052632
200840,3757,192,3949,19.56770833333333
200844,2749,140,2889,19.63571428571429
200846,3804,134,3938,28.388059701492537
200847,1556,155,1711,10.038709677419355
200849,1,3427,3428,0.0002918004085205
200857,3001,691,3692,4.342981186685963
200861,2544,89,2633,28.584269662921347
200869,3010,139,3149,21.654676258992804
200873,1518,223,1741,6.807174887892376
200884,3704,158,3862,23.443037974683545
200904,1995,165,2160,12.090909090909092
200906,1,3318,3319,0.0003013863773357
200910,2115,117,2232,18.07692307692308
200912,3745,239,3984,15.669456066945608
200916,1509,226,1735,6.676991150442478
200917,1660,35,1695,47.42857142857143
200928,2811,116,2927,24.23275862068965
200935,2676,63,2739,42.47619047619048
200945,3199,131,3330,24.419847328244277
200946,2966,489,3455,6.065439672801636
200947,2530,175,2705,14.457142857142856
200951,3575,81,3656,44.13580246913581
200958,3724,36,3760,103.44444444444444
200959,1470,154,1624,9.545454545454543
200961,3620,134,3754,27.01492537313433
200962,3923,114,4037,34.41228070175438
200966,1328,61,1389,21.770491803278688
200970,3016,50,3066,60.32
200972,3082,103,3185,29.92233009708738
200974,2075,59,2134,35.16949152542373
200978,262,2668,2930,0.0982008995502248
200980,2415,80,2495,30.1875
200983,1814,56,1870,32.392857142857146
200990,1967,171,2138,11.502923976608187
200993,2702,70,2772,38.6
200999,3383,449,3832,7.534521158129176
201014,2569,471,3040,5.4543524416135885
201018,2710,194,2904,13.969072164948454
201040,20,2775,2795,0.0072072072072072
201042,3599,200,3799,17.995
201060,1652,58,1710,28.48275862068965
201066,2480,76,2556,32.63157894736842
201092,1814,421,2235,4.3087885985748215
201096,2762,647,3409,4.268933539412674
201100,2304,100,2404,23.04
201110,2614,267,2881,9.790262172284644
201118,151,3298,3449,0.0457853244390539
201122,1057,1783,2840,0.5928210880538418
201125,2448,397,2845,6.166246851385391
201131,1763,488,2251,3.612704918032787
201140,2203,162,2365,13.598765432098766
201147,3020,180,3200,16.77777777777778
201152,738,144,882,5.125
201162,2792,402,3194,6.945273631840796
201164,3616,74,3690,48.86486486486486
201165,2570,165,2735,15.575757575757576
201175,3536,149,3685,23.731543624161077
201183,2260,522,2782,4.329501915708812
201185,1770,73,1843,24.246575342465757
201189,1805,639,2444,2.8247261345852896
201201,2719,228,2947,11.925438596491228
201203,3609,236,3845,15.292372881355933
201217,3303,101,3404,32.7029702970297
201228,3743,210,3953,17.823809523809523
201232,3673,126,3799,29.15079365079365
201249,3754,149,3903,25.19463087248322
201252,3385,132,3517,25.643939393939394
201253,1561,366,1927,4.265027322404372
201259,1713,303,2016,5.653465346534653
201273,2165,503,2668,4.3041749502982105
201274,848,495,1343,1.713131313131313
201278,2253,1141,3394,1.9745836985100789
201291,3270,163,3433,20.06134969325153
201293,1693,392,2085,4.3188775510204085
201305,3503,120,3623,29.191666666666663
201315,2525,60,2585,42.083333333333336
201323,3158,112,3270,28.196428571428573
201325,3866,163,4029,23.717791411042946
201348,3409,210,3619,16.233333333333334
201350,3265,137,3402,23.83211678832117
201353,705,416,1121,1.6947115384615383
201355,3778,154,3932,24.53246753246753
201358,3173,149,3322,21.29530201342282
201364,3051,147,3198,20.755102040816325
201370,2948,609,3557,4.8407224958949095
201376,3897,153,4050,25.47058823529412
201392,2491,128,2619,19.4609375
201395,3314,116,3430,28.56896551724138
201414,231,1848,2079,0.125
201424,2871,253,3124,11.347826086956522
201442,2845,111,2956,25.63063063063063
201446,365,3710,4075,0.0983827493261455
201449,3048,61,3109,49.967213114754095
201457,3805,129,3934,29.496124031007756
201458,2099,131,2230,16.022900763358777
201460,3345,97,3442,34.48453608247423
201461,2422,37,2459,65.45945945945945
201477,2980,180,3160,16.555555555555557
201482,321,3396,3717,0.0945229681978798
201485,458,2026,2484,0.226061204343534
201490,265,2557,2822,0.1036370746969104
201505,1009,2763,3772,0.3651827723488961
201513,3002,142,3144,21.140845070422536
201514,3088,499,3587,6.188376753507014
201517,3515,46,3561,76.41304347826087
201525,2837,81,2918,35.02469135802469
201527,3159,107,3266,29.523364485981308
201528,2322,245,2567,9.477551020408164
201534,2791,219,3010,12.744292237442922
201537,1677,94,1771,17.840425531914892
201541,2219,94,2313,23.606382978723403
201548,2369,150,2519,15.793333333333331
201558,2189,99,2288,22.11111111111111
201565,1955,220,2175,8.886363636363637
201570,3346,92,3438,36.369565217391305
201581,2298,217,2515,10.589861751152071
201583,3329,82,3411,40.59756097560975
201585,2569,123,2692,20.88617886178862
201587,3980,91,4071,43.73626373626374
201599,1444,48,1492,30.08333333333333
201602,3176,243,3419,13.069958847736626
201605,1546,83,1629,18.626506024096383
201611,3621,448,4069,8.082589285714286
201617,3019,103,3122,29.310679611650485
201618,3635,358,3993,10.153631284916202
201620,2724,500,3224,5.448
201622,3675,136,3811,27.022058823529413
201623,2678,224,2902,11.955357142857142
201624,3702,205,3907,18.058536585365854
201629,1594,253,1847,6.300395256916996
201633,1887,995,2882,1.8964824120603012
201635,2302,208,2510,11.067307692307692
201636,2625,175,2800,15.0
201647,3246,32,3278,101.4375
201655,387,1803,2190,0.2146422628951747
201657,2154,97,2251,22.20618556701031
201658,3742,183,3925,20.44808743169399
201663,3246,33,3279,98.36363636363636
201667,3593,137,3730,26.22627737226277
201683,1374,409,1783,3.359413202933985
201685,2806,123,2929,22.8130081300813
201689,3223,173,3396,18.63005780346821
201697,709,502,1211,1.4123505976095618
201700,3284,483,3767,6.799171842650104
201710,1689,40,1729,42.225
201718,1972,344,2316,5.732558139534884
201722,1402,629,2031,2.2289348171701118
201726,3406,153,3559,22.26143790849673
201728,1578,75,1653,21.04
201731,3544,413,3957,8.581113801452785
201736,1725,21,1746,82.14285714285714
201739,3997,75,4072,53.29333333333334
201741,4000,81,4081,49.38271604938272
201756,1264,176,1440,7.181818181818182
201758,3017,54,3071,55.87037037037037
201762,2347,130,2477,18.053846153846155
201777,3603,207,3810,17.405797101449274
201778,3599,177,3776,20.33333333333333
201790,3479,193,3672,18.025906735751292
201793,2838,297,3135,9.555555555555555
201795,3629,122,3751,29.74590163934426
201801,2575,94,2669,27.3936170212766
201802,2320,282,2602,8.22695035460993
201808,3859,139,3998,27.762589928057555
201813,3511,55,3566,63.83636363636364
201815,893,52,945,17.173076923076923
201819,1446,40,1486,36.15
201829,2324,128,2452,18.15625
201841,1564,35,1599,44.68571428571428
201846,97,2853,2950,0.0339992989835261
201851,3094,75,3169,41.25333333333333
201854,3078,147,3225,20.93877551020408
201858,1568,69,1637,22.72463768115942
201860,1832,424,2256,4.320754716981132
201863,1705,91,1796,18.736263736263737
201869,3763,144,3907,26.131944444444443
201871,2288,72,2360,31.77777777777778
201874,1800,224,2024,8.035714285714286
201879,3450,444,3894,7.77027027027027
201891,2059,128,2187,16.0859375
201892,3857,185,4042,20.84864864864865
201896,1747,85,1832,20.55294117647059
201903,3447,47,3494,73.34042553191489
201906,19,1149,1168,0.0165361183637946
201911,1147,172,1319,6.668604651162791
201913,1743,150,1893,11.62
201918,2748,157,2905,17.503184713375795
201919,2440,139,2579,17.553956834532375
201921,3210,230,3440,13.956521739130435
201932,3649,65,3714,56.13846153846154
201933,2335,200,2535,11.675
201943,2719,128,2847,21.2421875
201963,1172,62,1234,18.90322580645161
201965,2472,114,2586,21.68421052631579
201967,2101,95,2196,22.11578947368421
201969,3318,134,3452,24.761194029850746
201971,1590,1247,2837,1.2750601443464311
201972,1977,109,2086,18.137614678899084
201979,3186,116,3302,27.46551724137931
201989,744,2575,3319,0.2889320388349514
201993,1842,188,2030,9.797872340425531
202001,2789,249,3038,11.200803212851406
202006,2803,207,3010,13.541062801932368
202010,2373,176,2549,13.482954545454543
202028,2380,109,2489,21.834862385321102
202029,3586,54,3640,66.4074074074074
202034,2330,105,2435,22.19047619047619
202038,3134,121,3255,25.90082644628099
202039,3654,280,3934,13.05
202058,2335,173,2508,13.497109826589597
202070,2825,97,2922,29.123711340206185
202076,1204,44,1248,27.363636363636363
202086,2844,282,3126,10.085106382978724
202099,3182,119,3301,26.73949579831933
202104,3321,157,3478,21.15286624203822
202108,3722,238,3960,15.638655462184872
202117,1720,136,1856,12.647058823529411
202134,1839,76,1915,24.19736842105263
202138,1217,1528,2745,0.7964659685863874
202146,2754,645,3399,4.269767441860465
202163,1544,140,1684,11.028571428571428
202169,3643,62,3705,58.75806451612903
202175,496,1288,1784,0.3850931677018633
202177,2049,628,2677,3.2627388535031847
202206,3253,251,3504,12.9601593625498
202210,2720,151,2871,18.013245033112582
202214,3025,321,3346,9.423676012461058
202215,2289,180,2469,12.716666666666669
202226,1726,174,1900,9.919540229885058
202228,1467,122,1589,12.024590163934429
202229,2628,44,2672,59.72727272727273
202236,3433,211,3644,16.270142180094787
202248,3978,93,4071,42.774193548387096
202249,3652,233,3885,15.67381974248927
202255,2180,114,2294,19.12280701754386
202257,2741,75,2816,36.54666666666667
202264,2589,101,2690,25.633663366336634
202272,673,59,732,11.40677966101695
202288,2535,84,2619,30.178571428571427
202293,2040,34,2074,60.0
202297,1218,806,2024,1.511166253101737
202299,3178,313,3491,10.15335463258786
202301,3087,172,3259,17.947674418604652
202311,25,3374,3399,0.0074096028452874
202320,2924,186,3110,15.720430107526882
202323,523,1820,2343,0.2873626373626373
202339,2156,155,2311,13.90967741935484
202342,2201,47,2248,46.82978723404256
202343,3625,158,3783,22.943037974683545
202345,3351,266,3617,12.597744360902256
202347,3990,73,4063,54.65753424657535
202351,1341,104,1445,12.89423076923077
202354,3043,287,3330,10.602787456445991
202357,2623,181,2804,14.49171270718232
202381,3891,124,4015,31.37903225806452
202383,3563,270,3833,13.196296296296296
202384,2080,433,2513,4.803695150115473
202387,3235,101,3336,32.02970297029703
202390,2732,167,2899,16.35928143712575
202394,2741,42,2783,65.26190476190476
202395,3509,503,4012,6.976143141153082
202398,1927,424,2351,4.544811320754717
202417,3994,51,4045,78.31372549019608
202421,3068,140,3208,21.914285714285715
202426,3239,115,3354,28.16521739130435
202430,2251,236,2487,9.53813559322034
202433,2632,126,2758,20.88888888888889
202434,3809,53,3862,71.86792452830188
202442,2862,49,2911,58.40816326530612
202444,3730,71,3801,52.53521126760563
202459,81,3638,3719,0.0222649807586586
202463,3300,34,3334,97.05882352941175
202484,3279,395,3674,8.30126582278481
202486,1870,145,2015,12.89655172413793
202487,3238,131,3369,24.7175572519084
202491,2243,164,2407,13.676829268292684
202498,254,2486,2740,0.1021721641190667
202500,3710,35,3745,106.0
202502,687,3275,3962,0.2097709923664122
202505,814,2734,3548,0.2977322604242867
202517,729,411,1140,1.7737226277372262
202523,1379,497,1876,2.7746478873239435
202524,1413,1901,3314,0.7432930036822725
202537,3647,180,3827,20.261111111111116
202542,2659,115,2774,23.121739130434783
202561,3885,187,4072,20.77540106951872
202572,2372,81,2453,29.28395061728395
202580,3213,88,3301,36.51136363636363
202584,2566,105,2671,24.43809523809524
202593,3313,265,3578,12.50188679245283
202600,18,2216,2234,0.0081227436823104
202608,1754,78,1832,22.487179487179485
202609,3620,23,3643,157.3913043478261
202625,2603,45,2648,57.84444444444444
202635,2370,54,2424,43.888888888888886
202637,3798,162,3960,23.444444444444443
202655,2822,99,2921,28.505050505050505
202658,2851,168,3019,16.970238095238095
202661,1287,203,1490,6.3399014778325125
202663,3264,206,3470,15.844660194174756
202665,3516,150,3666,23.44
202717,3562,103,3665,34.58252427184466
202718,3682,188,3870,19.58510638297872
202731,2684,257,2941,10.443579766536963
202759,3713,107,3820,34.700934579439256
202780,3506,423,3929,8.288416075650119
202781,2687,108,2795,24.87962962962963
202802,59,31,90,1.903225806451613
202824,2313,835,3148,2.770059880239521
202830,2966,172,3138,17.24418604651163
202834,2284,182,2466,12.54945054945055
202844,3433,483,3916,7.107660455486543
202863,2627,60,2687,43.78333333333333
202864,2503,189,2692,13.243386243386244
202865,2911,246,3157,11.833333333333334
202870,2801,121,2922,23.14876033057851
202877,3034,202,3236,15.01980198019802
202888,3665,72,3737,50.90277777777778
202892,3513,54,3567,65.05555555555556
202894,25,3715,3740,0.0067294751009421
202895,1295,254,1549,5.0984251968503935
202902,3200,103,3303,31.067961165048544
202920,3904,176,4080,22.181818181818183
202921,2145,177,2322,12.11864406779661
202936,3819,242,4061,15.78099173553719
202939,2589,251,2840,10.314741035856574
202948,2873,200,3073,14.365
202961,3268,32,3300,102.125
202984,3168,246,3414,12.878048780487806
202990,2259,166,2425,13.60843373493976
202997,211,3415,3626,0.0617862371888726
203011,3202,50,3252,64.04
